joint1root1.01.00.00.00.00.01.00.00.00.00.01.00.0-0.03513541225751.898691326420.01.038.740.9752794332110.2209751731670.00.0-0.2209751731670.9752794332110.00.00.00.01.00.0-0.3398922106191.898691326420.01.052.050.9752794332110.2209751731670.00.0-0.2209751731670.9752794332110.00.00.00.01.00.0-0.3398922106191.82665909690.01.067.60.9752794332110.2209751731670.00.0-0.2209751731670.9752794332110.00.00.00.01.00.0-0.3398922106191.78678411270.01.082.380.9752794332110.2209751731670.00.0-0.2209751731670.9752794332110.00.00.00.01.00.0-0.3398922106191.853955299410.01.0105.690.9752794332110.2209751731670.00.0-0.2209751731670.9752794332110.00.00.00.01.00.0-0.3398922106191.892969796890.01.0139.520.9752794332110.2209751731670.00.0-0.2209751731670.9752794332110.00.00.00.01.00.0-0.3398922106191.898691326420.01.0156.550.981118611117-0.193103413249-0.01083248410790.00.1931205646710.9811748797180.0005503742594650.00.0105222821436-0.002631957876750.9999411754580.00.07574531192181.51480296490.01.0160.150.919689112084-0.392310700575-0.01625580907890.00.3923747617370.9198050686280.0008258807513970.00.0146281737293-0.007137922749120.9998675245210.00.283851115681.322593667870.01.0168.750.440908393516-0.896880900389-0.03470502909050.00.8974471162360.4411185403540.001762644677040.00.0137281494303-0.0319230931090.9993960446390.00.9919654858150.6685697950010.01.0179.70.25480947419-0.966168975112-0.03987033225320.00.9669564414270.2549336008980.002024726137760.00.0082080597929-0.03906879399670.999202810790.01.190290100310.4853945273840.01.0192.00.25480947419-0.966168975112-0.03987033225320.00.9669564414270.2549336008980.002024726137760.00.0082080597929-0.03906879399670.999202810790.01.190290100310.574765105904-0.06551083627421.0207.390.25480947419-0.966168975112-0.03987033225320.00.9669564414270.2549336008980.002024726137760.00.0082080597929-0.03906879399670.999202810790.01.190290100310.4853945273840.01.0joint2joint11.00.997983420007-0.0212254786150.0598211705730.00.02068935140450.9997401738920.009567415742690.0-0.0600087004494-0.00831046106410.9981632592450.00.0-0.189319879808-0.3050059518761.038.740.757308149311-0.652423958961-0.02876360132960.00.6520471928850.757851800277-0.02225100148220.00.036315633528-0.001904360751470.9993385553310.00.0-0.189319879808-0.3050059518761.052.050.754952063011-0.655377506871-0.02297185329520.00.6554153262270.755237212127-0.00689228308310.00.0218662457437-0.009852761389090.9997123538250.00.0-0.189319879808-0.3050059518761.067.60.752079032068-0.658786692255-0.01942224577470.00.658944208970.7521879746850.002404205613880.00.0130253210493-0.01460632900940.9998084797420.00.0-0.189319879808-0.3050059518761.082.380.75625449445-0.653784075851-0.02540712082690.00.6537023293170.756647694112-0.0125511609040.00.0274299885202-0.007116822221590.9995983926410.00.0-0.189319879808-0.3050059518761.0105.690.757247232441-0.65251133486-0.0283828617270.00.652179201470.757774424862-0.0209811866990.00.035198268861-0.002622766535420.999376907360.00.0-0.189319879808-0.3050059518761.0139.520.757308149372-0.652423958727-0.02876360503820.00.652047192650.757851800474-0.02225100169720.00.0363156364793-0.001904362998650.999338555220.00.0-0.189319879808-0.3050059518761.0156.550.833890105792-0.54770748406-0.06814545742320.00.5498134512460.8351393524760.0157299324430.00.0482955514638-0.05058432416160.9975513850710.00.0-0.189319879808-0.3050059518761.0160.150.855922177536-0.507744282554-0.09794370595550.00.5109220330620.8595820408970.008797221119510.00.0797239119324-0.05757133402930.9951530733330.00.0-0.189319879808-0.3050059518761.0168.750.902669805421-0.390050412395-0.181790808820.00.3746384974960.920135664275-0.1140015593020.00.2117385618530.03479992987810.9767065814790.00.0-0.189319879808-0.3050059518761.0179.70.908488075503-0.398590554743-0.1255985124860.00.3726083158270.908651542945-0.1884553434650.00.1892418020580.1244103820950.974017246860.00.0-0.189319879808-0.3050059518761.0192.00.924281264174-0.364655225761-0.1128304525480.00.3346853842290.916332841947-0.2198176888990.00.1835479182130.165410668020.9689940519040.00.0-0.189319879808-0.3050059518761.0207.390.908488075503-0.398590554743-0.1255985124860.00.3726083158270.908651542945-0.1884553434650.00.1892418020580.1244103820950.974017246860.00.0-0.189319879808-0.3050059518761.0joint3joint21.00.999821612477-0.0185444474677-0.003584228134670.00.01851289500040.999791251021-0.0086444838490.00.003743787107330.008576587341830.9999562121450.00.351430281805-0.548107596766-0.2697421286021.038.740.9906276733650.1346863952620.02272416541920.0-0.135253945550.9904797131610.02561850950470.0-0.019057360149-0.0284519374980.9994134801360.00.351430281805-0.548107596766-0.2697421286021.052.050.9989794026390.0445421073450.007493582400170.0-0.0446050283960.9989689616830.00845015010130.0-0.00710946873668-0.008775777356150.9999362185590.00.351430281805-0.548107596766-0.2697421286021.067.60.999992968561-0.00368191108999-0.000711589191430.00.00368068534490.999991753492-0.001716246829290.00.0007179023915380.001713615625690.9999982740670.00.351430281805-0.548107596766-0.2697421286021.082.380.9968337464670.07841052786050.01320117516130.0-0.07860458776990.9967947354510.01488536728820.0-0.0119916923961-0.0158759093730.9998020578170.00.351430281805-0.548107596766-0.2697421286021.0105.690.9916136848920.1274374927040.02149384534370.0-0.1279462069770.9914850318510.02423220451140.0-0.0182227345496-0.02677904159370.9994752697680.00.351430281805-0.548107596766-0.2697421286021.0139.520.9906276730980.1346863971720.02272416574360.0-0.1352539474760.9904797128890.02561850987020.0-0.019057360366-0.02845193794090.9994134801190.00.351430281805-0.548107596766-0.2697421286021.0156.550.999883941826-0.0149581069108-0.002891006251370.00.01493765013040.99986411547-0.006972603880940.00.002994910362640.006928609813350.9999715120330.00.351430281805-0.548107596766-0.2697421286021.0160.150.9999563507890.00921386481690.001549584298650.0-0.009216569509190.9999559996780.001747442415310.0-0.00153341541825-0.001761647992220.9999972726130.00.351430281805-0.548107596766-0.2697421286021.0168.750.825599766850.5554264333390.09943089120510.0-0.5639219185520.8182634814180.1115210507240.0-0.0194189277521-0.1481430124080.9887752793830.00.351430281805-0.548107596766-0.2697421286021.0179.70.5796213736710.7994212039530.1580025374940.0-0.8131722502230.5548575848710.175738305380.00.0528200213106-0.2303449569260.9716744548290.00.351430281805-0.548107596766-0.2697421286021.0192.00.5793076322030.7996359527750.1580664743090.0-0.8133885709470.5545185378340.1758073486850.00.0529310865563-0.2304160025430.9716515660710.00.351430281805-0.548107596766-0.2697421286021.0207.390.5796213736710.7994212039530.1580025374940.0-0.8131722502230.5548575848710.175738305380.00.0528200213106-0.2303449569260.9716744548290.00.351430281805-0.548107596766-0.2697421286021.0joint4joint31.00.9998417373420.01750839710760.003155360374060.0-0.01748731068570.999825362337-0.006590811231790.0-0.003270203869610.006534589385310.9999733020980.0-0.702860563609-0.2016403256260.002344422468371.038.740.992217928884-0.124359686947-0.006184647478280.00.1243369612830.992232253059-0.003933960976520.00.006625832857250.003134366338380.9999731366820.0-0.702860563609-0.2016403256260.002344422468371.052.050.999152890914-0.0411016027312-0.002039321242550.00.04109901044130.99915423665-0.00129719920630.00.002090913425830.001212286252020.9999970792170.0-0.702860563609-0.2016403256260.002344422468371.067.60.9999937618410.003476182641370.000626444303730.0-0.003475360644160.999993104812-0.001308509184490.0-0.0006309886011920.001306323901920.9999989476850.0-0.702860563609-0.2016403256260.002344422468371.082.380.997371715454-0.0723654197354-0.003592664532430.00.07235750908320.997376141911-0.002285262931020.00.003748611901740.002019300353230.9999909351260.0-0.702860563609-0.2016403256260.002344422468371.0105.690.993036947037-0.117657988327-0.005849752345910.00.117637571140.993049624351-0.003720945244440.00.006246893301790.003006885447890.9999759671930.0-0.702860563609-0.2016403256260.002344422468371.0139.520.992217928662-0.124359688714-0.006184647566590.00.1243369630490.992232252837-0.003933961032690.00.006625832957440.003134366371330.9999731366820.0-0.702860563609-0.2016403256260.002344422468371.0156.550.9998970351320.01412238213820.002545084935590.0-0.01410869967660.999886335335-0.005316107916980.0-0.002619871756850.005279652705620.9999826306190.0-0.702860563609-0.2016403256260.002344422468371.0160.150.999963772174-0.00850155901967-0.0004217040387710.00.008501446354380.999963826073-0.0002682436713490.00.0004239692734840.00026464885920.9999998751060.0-0.702860563609-0.2016403256260.002344422468371.0168.750.854075535696-0.51944252548-0.02710059128770.00.5191569766480.854505144066-0.01723346636050.00.03210938995160.0006492209754850.9994841497440.0-0.702860563609-0.2016403256260.002344422468371.0179.70.64383207741-0.763948246143-0.04316634467270.00.7636086145580.645096174849-0.0274373644430.00.0488071702756-0.01529713730310.9986910722140.0-0.702860563609-0.2016403256260.002344422468371.0192.00.643560233487-0.764176271196-0.04318393701960.00.7638368120050.644825482409-0.02744853113380.00.0488216191926-0.01532069767750.9986900048170.0-0.702860563609-0.2016403256260.002344422468371.0207.390.64383207741-0.763948246143-0.04316634467270.00.7636086145580.645096174849-0.0274373644430.00.0488071702756-0.01529713730310.9986910722140.0-0.702860563609-0.2016403256260.002344422468371.0joint5joint41.00.995113691174-0.00956214397428-0.09827159834230.00.007491547491740.999742548657-0.02141758906820.00.09845109625750.02057672976760.9949291330730.00.328385673162-0.737427476574-0.009280675969091.038.740.995113691174-0.00956214397428-0.09827159834230.00.007491547491740.999742548657-0.02141758906820.00.09845109625750.02057672976760.9949291330730.00.328385673162-0.737427476574-0.009280675969091.052.050.995113691174-0.00956214397428-0.09827159834230.00.007491547491740.999742548657-0.02141758906820.00.09845109625750.02057672976760.9949291330730.00.328385673162-0.737427476574-0.009280675969091.067.60.995113691174-0.00956214397428-0.09827159834230.00.007491547491740.999742548657-0.02141758906820.00.09845109625750.02057672976760.9949291330730.00.328385673162-0.737427476574-0.009280675969091.082.380.995113691174-0.00956214397428-0.09827159834230.00.007491547491740.999742548657-0.02141758906820.00.09845109625750.02057672976760.9949291330730.00.328385673162-0.737427476574-0.009280675969091.0105.690.995113691174-0.00956214397428-0.09827159834230.00.007491547491740.999742548657-0.02141758906820.00.09845109625750.02057672976760.9949291330730.00.328385673162-0.737427476574-0.009280675969091.0139.520.995113691174-0.00956214397428-0.09827159834230.00.007491547491740.999742548657-0.02141758906820.00.09845109625750.02057672976760.9949291330730.00.328385673162-0.737427476574-0.009280675969091.0156.550.952835000161-0.275109883776-0.1281406036980.00.2824081664760.958356178950.04241534834750.00.111135457775-0.07660278139110.9908485877810.00.328385673162-0.737427476574-0.009280675969091.0160.150.904901050006-0.400861158332-0.1430539109510.00.4136864752560.9073958434070.0741369243830.00.100087910797-0.1262660489110.9869342911280.00.328385673162-0.737427476574-0.009280675969091.0168.750.625471424351-0.755863312593-0.1935359139710.00.7799887987290.5993423672050.1800172234280.0-0.0200741420054-0.2635514741940.9644364412820.00.328385673162-0.737427476574-0.009280675969091.0179.70.521060563691-0.827890435003-0.2075892978840.00.850416603310.4828561643880.208905541640.0-0.0727151275983-0.2853898248750.9556490768460.00.328385673162-0.737427476574-0.009280675969091.0192.00.521060563691-0.827890435003-0.2075892978840.00.850416603310.4828561643880.208905541640.0-0.0727151275983-0.2853898248750.9556490768460.00.328385673162-0.737427476574-0.009280675969091.0207.390.521060563691-0.827890435003-0.2075892978840.00.850416603310.4828561643880.208905541640.0-0.0727151275983-0.2853898248750.9556490768460.00.328385673162-0.737427476574-0.009280675969091.0joint6joint51.00.9605317757870.2781702854430.00.0-0.2781702854430.9605317757870.00.00.00.01.00.00.380236042608-0.115223043215-0.0599397111421.038.740.5405126630330.840505620032-0.03736795145950.0-0.8403345533720.537170304479-0.07270421167020.0-0.04103534464550.07069912786380.9966532665920.00.488412881010.0519175047937-0.0599397111421.052.050.5405126630330.840505620032-0.03736795145950.0-0.8403345533720.537170304479-0.07270421167020.0-0.04103534464550.07069912786380.9966532665920.00.488412881010.0519175047937-0.0599397111421.067.60.5405126630330.840505620032-0.03736795145950.0-0.8403345533720.537170304479-0.07270421167020.0-0.04103534464550.07069912786380.9966532665920.00.488412881010.0519175047937-0.0599397111421.082.380.5405126630330.840505620032-0.03736795145950.0-0.8403345533720.537170304479-0.07270421167020.0-0.04103534464550.07069912786380.9966532665920.00.488412881010.0519175047937-0.0599397111421.0105.690.5405126630330.840505620032-0.03736795145950.0-0.8403345533720.537170304479-0.07270421167020.0-0.04103534464550.07069912786380.9966532665920.00.488412881010.0519175047937-0.0599397111421.0139.520.5405126630330.840505620032-0.03736795145950.0-0.8403345533720.537170304479-0.07270421167020.0-0.04103534464550.07069912786380.9966532665920.00.488412881010.0519175047937-0.0599397111421.0156.550.5405126630330.840505620032-0.03736795145950.0-0.8403345533720.537170304479-0.07270421167020.0-0.04103534464550.07069912786380.9966532665920.00.488412881010.0519175047937-0.0599397111421.0160.150.5405126630330.840505620032-0.03736795145950.0-0.8403345533720.537170304479-0.07270421167020.0-0.04103534464550.07069912786380.9966532665920.00.488412881010.0519175047937-0.0599397111421.0168.750.5405126630330.840505620032-0.03736795145950.0-0.8403345533720.537170304479-0.07270421167020.0-0.04103534464550.07069912786380.9966532665920.00.488412881010.0519175047937-0.0599397111421.0179.70.5405126630330.840505620032-0.03736795145950.0-0.8403345533720.537170304479-0.07270421167020.0-0.04103534464550.07069912786380.9966532665920.00.488412881010.0519175047937-0.0599397111421.0192.00.5405126630330.840505620032-0.03736795145950.0-0.8403345533720.537170304479-0.07270421167020.0-0.04103534464550.07069912786380.9966532665920.00.488412881010.0519175047937-0.0599397111421.0207.390.5405126630330.840505620032-0.03736795145950.0-0.8403345533720.537170304479-0.07270421167020.0-0.04103534464550.07069912786380.9966532665920.00.488412881010.0519175047937-0.0599397111421.0joint7joint11.00.9978290638850.0492833922093-0.04368416783080.0-0.04990585783750.998665707496-0.01327441241510.00.04297167229970.01542569038330.998957198010.01.22574731615e-08-0.1893227030670.3050061.038.740.997485358698-0.0112139323937-0.06998004647270.00.01152774231070.9999252213160.004082025628210.00.0699290378975-0.00487847274060.9975400393780.01.22574731615e-08-0.1893227030670.3050061.052.050.9965656527990.0108637597932-0.08209067172730.0-0.0137147236070.999319335561-0.03424575785560.00.0816627578390.03525399690640.996036319460.01.22574731615e-08-0.1893227030670.3050061.067.60.9957080964510.0210591265838-0.09012158370160.0-0.02649616231440.997872703769-0.05956526214590.00.08867547600080.06169748989570.9941479164070.01.22574731615e-08-0.1893227030670.3050061.082.380.996981367630.00313301567545-0.07757794024110.0-0.004454347651430.999847851389-0.01686513740740.00.07751329812540.01715978687360.996843633840.01.22574731615e-08-0.1893227030670.3050061.0105.690.997415436671-0.00921129033382-0.07125727205740.00.00944444556680.9999510906130.002935784346350.00.071226744546-0.003601182052970.9974536492230.01.22574731615e-08-0.1893227030670.3050061.0139.520.997485358698-0.0112139323937-0.06998004647270.00.01152774231070.9999252213160.004082025628210.00.0699290378975-0.00487847274060.9975400393780.01.22574731615e-08-0.1893227030670.3050061.0156.550.9910594484980.0978256140997-0.09072661555250.0-0.1206743056320.947289024439-0.2967847976850.00.05691117204840.3050797492510.9506247761830.01.22574731615e-08-0.1893227030670.3050061.0160.150.997046623362-0.0258050578125-0.07233346274920.0-0.006902175624180.907937920064-0.419047841280.00.076487847490.4183094934390.9050783263810.01.22574731615e-08-0.1893227030670.3050061.0168.750.947058569976-0.1569575698050.2800792500640.00.2426960872810.92108376386-0.3044721812760.0-0.2101872361820.3563271267160.910413260290.01.22574731615e-08-0.1893227030670.3050061.0179.70.915879570401-0.07149208376950.3950360673160.00.1579760713750.968807818932-0.1909318487030.0-0.3690639150540.2372768255320.8986053275330.01.22574731615e-08-0.1893227030670.3050061.0192.00.9252434774550.01067147024880.3792237164910.00.08292833186580.969740900815-0.229620288870.0-0.3701991345220.2439030647810.8963614760740.01.22574731615e-08-0.1893227030670.3050061.0207.390.915879570401-0.07149208376950.3950360673160.00.1579760713750.968807818932-0.1909318487030.0-0.3690639150540.2372768255320.8986053275330.01.22574731615e-08-0.1893227030670.3050061.0joint8joint71.00.999676492145-0.02497224145480.004826821939310.00.02491466647380.9996217981470.01164130852610.0-0.00511570599367-0.01151728381260.999920587710.0	0.3514304-0.54810.2697421.038.740.9997103495510.0237335648393-0.003991854204250.0-0.02375147788250.999707759194-0.004501500351170.00.00388385097110.004595008926420.9999819006340.0	0.3514304-0.54810.2697421.052.050.997901340656-0.06357459961140.0122957147870.00.06318759331280.9975611343370.02964981133980.0-0.0141507020749-0.02881064986080.9994847192860.0	0.3514304-0.54810.2697421.067.60.993837627753-0.1088234392270.02107673448280.00.107642314190.9928907261980.05080490158490.0-0.0264556583266-0.0482230743940.998486170780.0	0.3514304-0.54810.2697421.082.380.999466285623-0.03207344410610.006199845733670.00.03197781763710.9993767272280.01495246649550.0-0.00667555863703-0.01474622861290.9998689842470.0	0.3514304-0.54810.2697421.0105.690.9998702340790.0158863532059-0.002671850322170.0-0.01589438705620.999869136631-0.00301298400090.00.00262363534680.003055060441440.9999918915390.0	0.3514304-0.54810.2697421.0139.520.9997103495510.0237335648393-0.003991854204250.0-0.02375147788250.999707759194-0.004501500351170.00.00388385097110.004595008926420.9999819006340.0	0.3514304-0.54810.2697421.0156.550.872472041473-0.4789647066590.09687799865560.00.4484174618710.8635112910670.2308030114370.0-0.194201742364-0.1579273882980.9681655970380.0	0.3514304-0.54810.2697421.0160.150.754448863404-0.6421437554890.1358613624080.00.5800561871870.7491677756260.3198162967560.0-0.307150992534-0.1624778177210.9376882352540.0	0.3514304-0.54810.2697421.0168.750.859590477266-0.5007469195940.1017680397310.00.4668172812670.8505576513450.242143155280.0-0.207812023963-0.1606368707870.964888573070.0	0.3514304-0.54810.2697421.0179.70.952366301359-0.2992335002710.05880255395650.00.2888051069540.9469204260620.1411853990470.0-0.0979287405901-0.1174777384120.98823526690.0	0.3514304-0.54810.2697421.0192.00.960491495934-0.2731155180520.05351635299550.00.2646011840270.9557458152430.1285929627020.0-0.0862687640487-0.1093519567450.9902524172680.0	0.3514304-0.54810.2697421.0207.390.952366301359-0.2992335002710.05880255395650.00.2888051069540.9469204260620.1411853990470.0-0.0979287405901-0.1174777384120.98823526690.0	0.3514304-0.54810.2697421.0joint9joint81.00.9997129872640.0235772505907-0.004249276366280.0-0.02353882949230.9996835225010.008875716624080.00.00445719656094-0.008773146188520.999951581480.0	-0.702861	-0.201645	-0.0023441.038.740.999759596019-0.02189908794170.001086330833240.00.02189834517010.9997599636960.0006909909740820.0-0.00110120214651-0.0006670360095460.9999991712080.0	-0.702861	-0.201645	-0.0023441.052.050.9981380125870.0600278027308-0.01082454283230.0-0.05977168635170.997956034540.02260749069030.00.0121594958321-0.02191839464810.9996858159630.0	-0.702861	-0.201645	-0.0023441.067.60.9945320439320.102770233696-0.01855512483510.0-0.1019955166040.9940300969850.03874378506340.00.0224260603846-0.03663939620560.9990768871620.0	-0.702861	-0.201645	-0.0023441.082.380.9995264918870.0302820420985-0.005458016317750.0-0.03021832952010.9994783063010.01140034188460.00.00580039453792-0.01123001159470.9999201179410.0	-0.702861	-0.201645	-0.0023441.0105.690.999892297697-0.01465825091380.0007271080801610.00.01465791697120.9998924600010.0004624974605980.0-0.000733809290783-0.0004517897586880.9999996287050.0	-0.702861	-0.201645	-0.0023441.0139.520.999759596019-0.02189908794170.001086330833240.00.02189834517010.9997599636960.0006909909740820.0-0.00110120214651-0.0006670360095460.9999991712080.0	-0.702861	-0.201645	-0.0023441.0156.550.8865040961330.454787445562-0.08531627569750.0-0.4357327104550.8825344353070.1768331856180.00.155716063973-0.1195882513270.9805361582140.0	-0.702861	-0.201645	-0.0023441.0160.150.7807962672140.613214378726-0.1196884072420.0-0.5750171943510.7802158123620.2462082702540.00.244361239368-0.1234156062420.9617984055040.0	-0.702861	-0.201645	-0.0023441.0168.750.8749990908660.475755996889-0.08962601412890.0-0.4546352513270.8711219176810.1856162514070.00.166383230029-0.1216669057720.978526333220.0	-0.702861	-0.201645	-0.0023441.0179.70.9576915408750.283101461206-0.05177330586280.0-0.2764628848220.9549552493770.1078366589020.00.0799699059181-0.08896085853140.9928196109050.0	-0.702861	-0.201645	-0.0023441.0192.00.964915321760.258298895119-0.04711796486260.0-0.252859738890.9625076705110.09818827147580.00.070713324635-0.0828291312720.9940517897630.0	-0.702861	-0.201645	-0.0023441.0207.390.9576915408750.283101461206-0.05177330586280.0-0.2764628848220.9549552493770.1078366589020.00.0799699059181-0.08896085853140.9928196109050.0	-0.702861	-0.201645	-0.0023441.0joint10joint91.00.993299459431-0.04087549165330.1080989272680.00.03991330892730.9991420383790.01105056172930.0-0.10845787968-0.006661931113430.9940787227420.00.328386	-0.7374280.009281.038.740.935839833929-0.3367302575270.1040025908220.00.3351753025060.941591158840.03261297569940.0-0.1089096957210.00433857807790.9940421796470.00.328386	-0.7374280.009281.052.050.935839833929-0.3367302575270.1040025908220.00.3351753025060.941591158840.03261297569940.0-0.1089096957210.00433857807790.9940421796470.00.328386	-0.7374280.009281.067.60.935839833929-0.3367302575270.1040025908220.00.3351753025060.941591158840.03261297569940.0-0.1089096957210.00433857807790.9940421796470.00.328386	-0.7374280.009281.082.380.935839833929-0.3367302575270.1040025908220.00.3351753025060.941591158840.03261297569940.0-0.1089096957210.00433857807790.9940421796470.00.328386	-0.7374280.009281.0105.690.935839833929-0.3367302575270.1040025908220.00.3351753025060.941591158840.03261297569940.0-0.1089096957210.00433857807790.9940421796470.00.328386	-0.7374280.009281.0139.520.935839833929-0.3367302575270.1040025908220.00.3351753025060.941591158840.03261297569940.0-0.1089096957210.00433857807790.9940421796470.00.328386	-0.7374280.009281.0156.550.858962308679-0.4880589298240.1548619814140.00.4980176188260.866607512192-0.03114275439270.0-0.1190050570660.1038744474420.9874451354690.00.328386	-0.7374280.009281.0160.150.810447304764-0.5574133008160.180182069790.00.5749931066670.815756063907-0.06264959286080.0-0.1120628996880.1543776417530.9816361088720.00.328386	-0.7374280.009281.0168.750.603589183078-0.7518447307030.2653480713830.00.796762628210.580966159721-0.1662757816010.0-0.02914467978030.3117816899270.9497066733820.00.328386	-0.7374280.009281.0179.70.53638356636-0.7930002671870.2888654461510.00.8439227057580.500170813474-0.1939681006120.00.009334690425340.3478214104830.9375143358720.00.328386	-0.7374280.009281.0192.00.53638356636-0.7930002671870.2888654461510.00.8439227057580.500170813474-0.1939681006120.00.009334690425340.3478214104830.9375143358720.00.328386	-0.7374280.009281.0207.390.53638356636-0.7930002671870.2888654461510.00.8439227057580.500170813474-0.1939681006120.00.009334690425340.3478214104830.9375143358720.00.328386	-0.7374280.009281.0joint11joint101.01.00.00.00.00.01.00.00.00.00.01.00.00.380236	-0.1152230.059941.038.741.00.00.00.00.01.00.00.00.00.01.00.00.380236	-0.1152230.059941.052.051.00.00.00.00.01.00.00.00.00.01.00.00.380236	-0.1152230.059941.067.61.00.00.00.00.01.00.00.00.00.01.00.00.380236	-0.1152230.059941.082.381.00.00.00.00.01.00.00.00.00.01.00.00.380236	-0.1152230.059941.0105.691.00.00.00.00.01.00.00.00.00.01.00.00.380236	-0.1152230.059941.0139.521.00.00.00.00.01.00.00.00.00.01.00.00.380236	-0.1152230.059941.0156.550.9485234289650.2956655699240.1135128867840.0-0.2989499972770.9541842602330.01270026190310.0-0.104557179729-0.04598117316410.9934553477040.00.380236	-0.1152230.059941.0160.150.8858701072150.4317086177080.1698876762460.0-0.4409256641340.8973445328630.01890365176120.0-0.144286908108-0.09165401648930.9852821065110.00.380236	-0.1152230.059941.0168.750.5295010619260.7697619926580.3565039972820.0-0.8314799273350.5542357779220.03826006940340.0-0.168136123003-0.3166846651330.9335100786880.00.380236	-0.1152230.059941.0179.70.404238843680.8192753487820.4066679974350.0-0.9042508976450.4248330776460.04297871853180.0-0.137554612315-0.3851035692070.9125645016190.00.380236	-0.1152230.059941.0192.00.404238843680.8192753487820.4066679974350.0-0.9042508976450.4248330776460.04297871853180.0-0.137554612315-0.3851035692070.9125645016190.00.380236	-0.1152230.059941.0207.390.404238843680.8192753487820.4066679974350.0-0.9042508976450.4248330776460.04297871853180.0-0.137554612315-0.3851035692070.9125645016190.00.380236	-0.1152230.059941.0joint12joint11.00.733446397008-0.679747293276-0.00.00.6797472932760.7334463970080.00.00.0-0.01.00.00.1395654651320.4181540184180.01.038.740.95756069555-0.288231702522-0.00.00.2882317025220.957560695550.00.00.0-0.01.00.00.1395654651320.4181540184180.01.0139.520.95756069555-0.288231702522-0.00.00.2882317025220.957560695550.00.00.0-0.01.00.00.1395654651320.4181540184180.01.0154.00.992396466747-0.123082300873-0.00.00.1230823008730.9923964667470.00.00.0-0.01.00.00.1395654651320.4181540184180.01.0169.00.984345931283-0.176247234208-0.00.00.1762472342080.9843459312830.00.00.0-0.01.00.00.1395654651320.4181540184180.01.0179.70.95756069555-0.288231702522-0.00.00.2882317025220.957560695550.00.00.0-0.01.00.00.1395654651320.4181540184180.01.0192.00.95756069555-0.288231702522-0.00.00.2882317025220.957560695550.00.00.0-0.01.00.00.1395654651320.4181540184180.01.0207.390.95756069555-0.288231702522-0.00.00.2882317025220.957560695550.00.00.0-0.01.00.00.1395654651320.4181540184180.01.0joint13joint121.00.9434106296580.3291127787440.04075736395390.0-0.3309144361140.9422988501160.05068049961660.0-0.0217260171306-0.06129972216490.997882921110.0-0.1001493784370.4429015226760.01.038.740.9434106296580.3291127787440.04075736395390.0-0.3309144361140.9422988501160.05068049961660.0-0.0217260171306-0.06129972216490.997882921110.0-0.1001493784370.4429015226760.01.0139.520.9434106296580.3291127787440.04075736395390.0-0.3309144361140.9422988501160.05068049961660.0-0.0217260171306-0.06129972216490.997882921110.0-0.1001493784370.4429015226760.01.0154.00.930086493250.3639914038830.04949114035420.0-0.3662369209240.929273531920.0481790475730.0-0.0284540476319-0.06293616426160.9976118515740.0-0.1001493784370.4429015226760.01.0169.00.9822266887280.1817444750960.0469007219810.0-0.1842536380430.9812667664330.05626837444740.0-0.0357956536232-0.06390992776550.9973134874830.0-0.1001493784370.4429015226760.01.0179.70.9988078084890.02794285346720.04002697393550.0-0.03042721189860.9975580720830.0628655517550.0-0.0381725880496-0.06400851319540.9972190149410.0-0.1001493784370.4429015226760.01.0192.00.9903217025650.1326894808720.04069922719820.0-0.1349409804170.9891115558220.05873041752550.0-0.0324631673219-0.06365400069660.9974438886290.0-0.1001493784370.4429015226760.01.0207.390.9988078084890.02794285346720.04002697393550.0-0.03042721189860.9975580720830.0628655517550.0-0.0381725880496-0.06400851319540.9972190149410.0-0.1001493784370.4429015226760.01.0joint14joint13	1.00.996823889608-0.0162448491606-0.07796305523840.00.01343152392740.999244295687-0.03647508329070.00.07849667044750.03531207175770.9962887785760.0-0.1594445481630.3941823551810.01.038.740.9541175812610.28510187181-0.09152356974160.0-0.2881732335130.957324909187-0.02202738605520.00.08133774409590.04739135933960.9955592551150.0-0.1594445481630.3941823551810.01.0139.520.9541175812610.28510187181-0.09152356974160.0-0.2881732335130.957324909187-0.02202738605520.00.08133774409590.04739135933960.9955592551150.0-0.1594445481630.3941823551810.01.0154.00.6447633198490.758123900088-0.09761359276110.0-0.7600589986710.6494303085780.02346471475770.00.08118238673490.05906290218420.994947734140.0-0.1281880426140.476956520619-0.006493951898051.0169.00.5835909076580.805070600859-0.1062213732320.0-0.8081811192890.5885715412890.02065960332420.00.07915131662270.07378935165520.9941278593110.0-0.09580906587030.562703238959-0.01322111201341.0179.70.7746508631070.62279091056-0.1097612044920.0-0.6275581319330.778478334215-0.01192787506630.00.0780181474610.07812147516510.9938864139250.0-0.08633321669120.587797391853-0.01518984477171.0192.00.8406218163970.532741568051-0.0976800054690.0-0.5354355969280.844574493531-0.001626781577520.00.08163138697860.05366886012080.9952165443330.0-0.08633321669120.587797391853-0.01518984477171.0207.00.5747583991720.811049103387-0.1088675088150.0-0.8145955752690.5797382055830.01837557453930.00.0780181474610.07812147516510.9938864139250.0-0.08633321669120.587797391853-0.01518984477171.0220.00.7084596285770.697062468258-0.1104032156370.0-0.7014257789270.712741854015-0.0009623888412840.00.0780181474610.07812147516510.9938864139250.0-0.08633321669120.587797391853-0.01518984477171.0joint15joint14	1.00.935974375560.3520519587030.003374413898030.0-0.3514048958140.934756287272-0.05239544448650.0-0.02160017346560.04785500787120.9986207141490.00.4074694008610.2170217461110.01.039.00.8199093370030.3133223287740.4791427734890.0-0.2662750301140.949613420729-0.1653238020050.0-0.5068000467960.007966772453460.8620268227290.00.4074694008610.2170217461110.01.092.00.7883919751690.577716913154-0.2113794260210.0-0.6129052484280.767137345785-0.1893342260450.00.05277546720650.2788251440570.9588906554470.00.4074694008610.2170217461110.01.0140.00.7985307243990.496396449977-0.3404985266360.0-0.526818092630.8499702331280.003646926724990.00.2912239335440.1764686013060.9402379769420.00.4074694008610.2170217461110.01.0157.00.8494548093010.52544950760.04826325640190.0-0.45410238270.774554598281-0.4402910404580.0-0.2687332375840.352090882080.8965570019660.00.4074694008610.2170217461110.01.0169.00.7384642894090.671770890411-0.05826117115640.0-0.5304009768560.525355820926-0.6653390603060.0-0.4163475675660.5222309184790.7442644494840.00.4074694008610.2170217461110.01.0179.70.8941759929220.3031841061430.3294369309350.00.05993081507790.648141139833-0.759158323580.0-0.4436863656740.698564571560.5613821766640.00.4074694008610.2170217461110.01.0192.00.9332924997880.1218673292620.3378068440670.00.1882157634710.63512214496-0.7491292861460.0-0.3058429927610.7627373171930.5698173819210.00.4074694008610.2170217461110.01.0207.390.8941759929220.3031841061430.3294369309350.00.05993081507790.648141139833-0.759158323580.0-0.4436863656740.698564571560.5613821766640.00.4074694008610.2170217461110.01.0joint16joint15
