joint1root1.01.00.00.00.00.01.00.00.00.00.01.00.0-0.03513541225751.898691326420.01.020.00.9788135259290.00.2047537092650.0-0.01.00.00.0-0.204753709265-0.00.9788135259290.00.1722420984811.898691326420.01.045.00.9132784831160.00.4073357488320.0-0.01.00.00.0-0.407335748832-0.00.9132784831160.00.3737603694861.898691326420.01.062.00.9132784831160.00.4073357488320.0-0.01.00.00.0-0.407335748832-0.00.9132784831160.00.4077075643011.898691326420.01.074.00.9132784831160.00.4073357488320.0-0.01.00.00.0-0.407335748832-0.00.9132784831160.00.4272515656271.898691326420.01.0130.01.00.00.00.00.01.00.00.00.00.01.00.0-0.03513541225751.898691326420.01.0joint2joint11.00.9175100727650.3977125423920.00.0-0.3977125423920.9175100727650.00.00.00.01.00.00.0-0.189319879808-0.3050059518761.020.00.6435958948360.763051841764-0.05946604856270.0-0.747969264110.6435373305030.1624859507670.00.162253826141-0.06009651429920.9849173086470.00.0-0.189319879808-0.3050059518761.045.00.6891526302940.708678758261-0.1511392396050.0-0.6721426458120.7031151184680.2320633401940.00.270726644127-0.05833993289520.96088684890.00.0-0.189319879808-0.3050059518761.062.00.6891526302940.708678758261-0.1511392396050.0-0.6721426458120.7031151184680.2320633401940.00.270726644127-0.05833993289520.96088684890.00.0-0.189319879808-0.3050059518761.074.00.6891526302940.708678758261-0.1511392396050.0-0.6721426458120.7031151184680.2320633401940.00.270726644127-0.05833993289520.96088684890.00.0-0.189319879808-0.3050059518761.0130.00.9175100727650.3977125423920.00.0-0.3977125423920.9175100727650.00.00.00.01.00.00.0-0.189319879808-0.3050059518761.0joint3joint21.00.982204502541-0.187814576615-0.00.00.1878145766150.9822045025410.00.00.0-0.01.00.00.351430281805-0.548107596766-0.2697421286021.045.00.998497699893-0.05446461394340.005995759814850.00.05433291085970.9983167268140.02028910447340.0-0.00709070555553-0.0199328570660.9997761765030.00.351430281805-0.548107596766-0.2697421286021.062.00.998497699893-0.05446461394340.005995759814850.00.05433291085970.9983167268140.02028910447340.0-0.00709070555553-0.0199328570660.9997761765030.00.351430281805-0.548107596766-0.2697421286021.074.00.998497699893-0.05446461394340.005995759814850.00.05433291085970.9983167268140.02028910447340.0-0.00709070555553-0.0199328570660.9997761765030.00.351430281805-0.548107596766-0.2697421286021.0130.00.982204502541-0.187814576615-0.00.00.1878145766150.9822045025410.00.00.0-0.01.00.00.351430281805-0.548107596766-0.2697421286021.0joint4joint31.00.844320504539-0.535838488366-0.00.00.5358384883660.8443205045390.00.00.0-0.01.00.0-0.702860563609-0.2016403256260.002344422468371.045.00.722346405473-0.691401701530.01339244644320.00.6914623376540.721865125964-0.02811717486170.00.009772722502860.02957071251790.9995149157750.0-0.702860563609-0.2016403256260.002344422468371.062.00.722346405473-0.691401701530.01339244644320.00.6914623376540.721865125964-0.02811717486170.00.009772722502860.02957071251790.9995149157750.0-0.702860563609-0.2016403256260.002344422468371.074.00.722346405473-0.691401701530.01339244644320.00.6914623376540.721865125964-0.02811717486170.00.009772722502860.02957071251790.9995149157750.0-0.702860563609-0.2016403256260.002344422468371.0130.00.844320504539-0.535838488366-0.00.00.5358384883660.8443205045390.00.00.0-0.01.00.0-0.702860563609-0.2016403256260.002344422468371.0joint5joint41.00.9159054923130.4013939824540.00.0-0.4013939824540.9159054923130.00.00.00.01.00.00.328385673162-0.737427476574-0.009280675969091.045.00.9996195832350.02651810144690.00758149780120.0-0.02601658976990.997860908195-0.05997286847290.0-0.009155646891610.05975280907010.9981712157430.00.328385673162-0.737427476574-0.009280675969091.062.00.9996195832350.02651810144690.00758149780120.0-0.02601658976990.997860908195-0.05997286847290.0-0.009155646891610.05975280907010.9981712157430.00.328385673162-0.737427476574-0.009280675969091.074.00.9996195832350.02651810144690.00758149780120.0-0.02601658976990.997860908195-0.05997286847290.0-0.009155646891610.05975280907010.9981712157430.00.328385673162-0.737427476574-0.009280675969091.0130.00.9159054923130.4013939824540.00.0-0.4013939824540.9159054923130.00.00.00.01.00.00.328385673162-0.737427476574-0.009280675969091.0joint6joint51.00.9605317757870.2781702854430.00.0-0.2781702854430.9605317757870.00.00.00.01.00.00.380236042608-0.115223043215-0.0599397111421.045.00.990160079462-0.04201598763270.1334828596590.00.01879213795180.9851450090940.1706931943850.0-0.138671816137-0.1665051586030.9762408307220.00.380236042608-0.115223043215-0.0599397111421.062.00.990160079462-0.04201598763270.1334828596590.00.01879213795180.9851450090940.1706931943850.0-0.138671816137-0.1665051586030.9762408307220.00.380236042608-0.115223043215-0.0599397111421.074.00.990160079462-0.04201598763270.1334828596590.00.01879213795180.9851450090940.1706931943850.0-0.138671816137-0.1665051586030.9762408307220.00.380236042608-0.115223043215-0.0599397111421.0130.00.9605317757870.2781702854430.00.0-0.2781702854430.9605317757870.00.00.00.01.00.00.380236042608-0.115223043215-0.0599397111421.0joint7joint11.00.9382769084930.3458850141140.00.0-0.3458850141140.9382769084930.00.00.00.01.00.01.22574731615e-08-0.1893227030670.3050061.045.00.9112143837590.3458850141140.2237228281640.0-0.3359087249560.938276908493-0.08247285303180.0-0.238440087504-9.71445146547e-170.971157209040.01.22574731615e-08-0.1893227030670.3050061.062.00.9112143837590.3458850141140.2237228281640.0-0.3359087249560.938276908493-0.08247285303180.0-0.238440087504-9.71445146547e-170.971157209040.01.22574731615e-08-0.1893227030670.3050061.074.00.9112143837590.3458850141140.2237228281640.0-0.3359087249560.938276908493-0.08247285303180.0-0.238440087504-9.71445146547e-170.971157209040.01.22574731615e-08-0.1893227030670.3050061.0130.00.9382769084930.3458850141140.00.0-0.3458850141140.9382769084930.00.00.00.01.00.01.22574731615e-08-0.1893227030670.3050061.0joint8joint71.00.987630641439-0.15679832936-0.00.00.156798329360.9876306414390.00.00.0-0.01.00.0	0.3514304-0.54810.2697421.045.00.965561924919-0.259913849361-0.01161723107140.00.2581826240820.962731341394-0.08056113778080.00.03212322788210.07478740006670.9966819668390.0	0.3514304-0.54810.2697421.062.00.965561924919-0.259913849361-0.01161723107140.00.2581826240820.962731341394-0.08056113778080.00.03212322788210.07478740006670.9966819668390.0	0.3514304-0.54810.2697421.074.00.965561924919-0.259913849361-0.01161723107140.00.2581826240820.962731341394-0.08056113778080.00.03212322788210.07478740006670.9966819668390.0	0.3514304-0.54810.2697421.0130.00.987630641439-0.15679832936-0.00.00.156798329360.9876306414390.00.00.0-0.01.00.0	0.3514304-0.54810.2697421.0joint9joint81.00.928099744513-0.372331658921-0.00.00.3723316589210.9280997445130.00.00.0-0.01.00.0	-0.702861	-0.201645	-0.0023441.045.00.928099744513-0.372331658921-0.00.00.3723316589210.9280997445130.00.00.0-0.01.00.0	-0.702861	-0.201645	-0.0023441.062.00.928099744513-0.372331658921-0.00.00.3723316589210.9280997445130.00.00.0-0.01.00.0	-0.702861	-0.201645	-0.0023441.074.00.928099744513-0.372331658921-0.00.00.3723316589210.9280997445130.00.00.0-0.01.00.0	-0.702861	-0.201645	-0.0023441.0130.00.928099744513-0.372331658921-0.00.00.3723316589210.9280997445130.00.00.0-0.01.00.0	-0.702861	-0.201645	-0.0023441.0joint10joint91.00.9740333545170.2264045588960.00.0-0.2264045588960.9740333545170.00.00.00.01.00.00.328386	-0.7374280.009281.045.00.9740333545170.2264045588960.00.0-0.2264045588960.9740333545170.00.00.00.01.00.00.328386	-0.7374280.009281.062.00.9740333545170.2264045588960.00.0-0.2264045588960.9740333545170.00.00.00.01.00.00.328386	-0.7374280.009281.074.00.9740333545170.2264045588960.00.0-0.2264045588960.9740333545170.00.00.00.01.00.00.328386	-0.7374280.009281.0130.00.9740333545170.2264045588960.00.0-0.2264045588960.9740333545170.00.00.00.01.00.00.328386	-0.7374280.009281.0joint11joint101.01.00.00.00.00.01.00.00.00.00.01.00.00.380236	-0.1152230.059941.045.01.00.00.00.00.01.00.00.00.00.01.00.00.380236	-0.1152230.059941.062.01.00.00.00.00.01.00.00.00.00.01.00.00.380236	-0.1152230.059941.074.01.00.00.00.00.01.00.00.00.00.01.00.00.380236	-0.1152230.059941.0130.01.00.00.00.00.01.00.00.00.00.01.00.00.380236	-0.1152230.059941.0joint12joint11.00.733446397008-0.679747293276-0.00.00.6797472932760.7334463970080.00.00.0-0.01.00.00.1395654651320.4181540184180.01.045.00.702690822745-0.6797472932760.210164756590.00.6512434810780.7334463970080.194777593860.0-0.2865441257164.16333634234e-170.958067045680.00.1395654651320.4181540184180.01.062.00.423470573574-0.8480399949950.3185919650680.00.9051651366750.381836155768-0.1867544524150.00.03672531369120.3674633546850.929312613870.00.1395654651320.4181540184180.01.074.00.535156120526-0.7523098927030.3842365833770.00.8343909132740.541771423143-0.1013682835550.0-0.1319080380750.3748513710890.9176528314590.00.1395654651320.4181540184180.01.0130.00.733446397008-0.679747293276-0.00.00.6797472932760.7334463970080.00.00.0-0.01.00.00.1395654651320.4181540184180.01.0joint13joint121.00.9434106296580.3291127787440.04075736395390.0-0.3309144361140.9422988501160.05068049961660.0-0.0217260171306-0.06129972216490.997882921110.0-0.1001493784370.4429015226760.01.045.00.884208465860.4149875991750.214384424420.0-0.3547910100920.895228998817-0.2696078241370.0-0.3038070572920.1623278540760.9388029291230.0-0.1001493784370.4429015226760.01.062.00.514342296268-0.0762989197093-0.8541841002510.0-0.3544382906240.888071806269-0.2927489795870.00.7809132476850.4533287347620.4297296334090.0-0.1001493784370.4429015226760.01.074.00.464545155362-0.0814567155542-0.8817951021190.0-0.3547910100920.895228998817-0.2696078241370.00.8113699142730.4380979835250.386974183950.0-0.1001493784370.4429015226760.01.0130.00.9434106296580.3291127787440.04075736395390.0-0.3309144361140.9422988501160.05068049961660.0-0.0217260171306-0.06129972216490.997882921110.0-0.1001493784370.4429015226760.01.0joint14joint131.00.996823889608-0.0162448491606-0.07796305523840.00.01343152392740.999244295687-0.03647508329070.00.07849667044750.03531207175770.9962887785760.0-0.1594445481630.3941823551810.01.045.00.8975794808190.0324155963974-0.4396593052840.0-0.1038775517740.984763543573-0.1394640365330.00.4284396455170.1708507897520.8872708029630.0-0.1594445481630.3941823551810.01.062.00.9834096527770.1756614904480.04526030931070.0-0.1591055052050.955111214439-0.2498959908970.0-0.08712573120950.238548965260.9672142979370.0-0.1594445481630.3941823551810.01.074.00.9812398897460.1805149513050.06769513370540.0-0.1581836273610.954563895029-0.2525583305750.0-0.110209885250.2371120466430.9652106809030.0-0.1594445481630.3941823551810.01.0130.00.996823889608-0.0162448491606-0.07796305523840.00.01343152392740.999244295687-0.03647508329070.00.07849667044750.03531207175770.9962887785760.0-0.1594445481630.3941823551810.01.0joint15joint141.00.935974375560.3520519587030.003374413898030.0-0.3514048958140.934756287272-0.05239544448650.0-0.02160017346560.04785500787120.9986207141490.00.4074694008610.2170217461110.01.045.00.935974375560.3520519587030.003374413898030.0-0.3514048958140.934756287272-0.05239544448650.0-0.02160017346560.04785500787120.9986207141490.00.4074694008610.2170217461110.01.062.00.935974375560.3520519587030.003374413898030.0-0.3514048958140.934756287272-0.05239544448650.0-0.02160017346560.04785500787120.9986207141490.00.4074694008610.2170217461110.01.074.00.935974375560.3520519587030.003374413898030.0-0.3514048958140.934756287272-0.05239544448650.0-0.02160017346560.04785500787120.9986207141490.00.4074694008610.2170217461110.01.0130.00.935974375560.3520519587030.003374413898030.0-0.3514048958140.934756287272-0.05239544448650.0-0.02160017346560.04785500787120.9986207141490.00.4074694008610.2170217461110.01.0joint16joint151.00.924498461795-0.3811632017490.004148225080980.00.3811857190080.924437750235-0.01059686581160.00.0002043594399130.01137803030270.9999352472350.00.30172320391-0.469726696698-2.42167397246e-151.045.00.815309933903-0.5789891840940.006421556013640.00.5790247576020.815255828025-0.009394943039450.00.0002043594399130.01137803030270.9999352472350.00.24995727444-0.5442533772230.01.062.00.935428868278-0.3534952854560.003730355429490.00.3535149082440.935370509899-0.01045078279780.00.0002050379881710.01109470018260.9999384308980.00.310329847571-0.4711886177960.01.074.00.986233846496-0.1653480510.00167989771630.00.1653564581840.986169641825-0.01125518902610.00.0002043594399130.01137803030270.9999352472350.00.356327998528-0.4155202296610.01.0130.00.924498461795-0.3811632017490.004148225080980.00.3811857190080.924437750235-0.01059686581160.00.0002043594399130.01137803030270.9999352472350.00.30172320391-0.4697266966980.01.0joint17joint131.00.9503629758660.0391924870287-0.3086651309490.0-0.1803172879230.877834874504-0.4437246993120.00.2535663419680.4773571849930.8413288466210.0-0.3347388446660.111912471589-0.6938089937851.045.00.900376445242-0.153783319687-0.4070294183950.00.1067821144180.984948038767-0.1359225550440.00.4218054491040.0789180050120.9032453219320.0-0.3347388446660.111912471589-0.6938089937851.062.00.869206741936-0.27890722952-0.408277353150.00.295394274170.955084750141-0.02356571312720.00.396512121582-0.1001193156650.9125537025670.0-0.3347388446660.111912471589-0.6938089937851.074.00.86800103103-0.282633719678-0.4082797945430.00.3006280007670.953511588236-0.0209393470630.00.395217680888-0.1045649635470.9126166517830.0-0.3347388446660.111912471589-0.6938089937851.0130.00.9503629758660.0391924870287-0.3086651309490.0-0.1803172879230.877834874504-0.4437246993120.00.2535663419680.4773571849930.8413288466210.0-0.3347388446660.111912471589-0.6938089937851.0joint18joint171.00.7587772039390.5361250277430.3699014860890.0-0.4432027082520.841125994551-0.3099651927060.0-0.4773138529120.07125318181860.8758392945620.0-0.00796245052187-0.847987274243-0.7853518505771.045.0-0.1703310855550.9404207273920.2942722834120.0-0.8570116164330.00600967086483-0.5152620431930.0-0.486331585025-0.3399599084410.8049278539470.0-0.00796245052187-0.847987274243-0.7853518505771.062.00.9743634178850.224938282138-0.004324247517760.0-0.2224756637130.966199862260.1302397989230.00.0334740039919-0.1259388557870.9914730937650.0-0.00796245052187-0.847987274243-0.7853518505771.096.00.5033302500060.7176562010070.4812777125370.0-0.7146600707760.658818083865-0.2349887563520.0-0.485715598543-0.2256730146210.8444833022650.0-0.00796245052187-0.847987274243-0.7853518505771.0130.00.7587772039390.5361250277430.3699014860890.0-0.4432027082520.841125994551-0.3099651927060.0-0.4773138529120.07125318181860.8758392945620.0-0.00796245052187-0.847987274243-0.7853518505771.0joint19joint181.01.00.00.00.00.01.00.00.00.00.01.00.00.200024558978-0.693807769835-0.4818109512741.045.01.00.00.00.00.01.00.00.00.00.01.00.00.200024558978-0.693807769835-0.4818109512741.062.01.00.00.00.00.01.00.00.00.00.01.00.00.200024558978-0.693807769835-0.4818109512741.074.01.00.00.00.00.01.00.00.00.00.01.00.00.200024558978-0.693807769835-0.4818109512741.0130.01.00.00.00.00.01.00.00.00.00.01.00.00.200024558978-0.693807769835-0.4818109512741.0joint20joint131.00.9046367766140.3723560720670.2073240410360.0-0.4204192979740.8594280119790.2909142590460.0-0.0698563976169-0.350334765360.9340158649040.0-0.3124362231640.2086821922650.6938091.045.00.2054945953180.8787947783810.4306874838960.0-0.9562582042740.273919367065-0.1026568414950.0-0.208187939262-0.3907530138540.8966436661850.0-0.3124362231640.2086821922650.6938091.062.00.3275760921290.889865850677-0.3175416061940.0-0.8410959180630.4277514025780.3310383576130.00.430408597130.1586426972540.8885836674870.0-0.3124362231640.2086821922650.6938091.074.00.3284476554010.877257270938-0.3500597352570.0-0.8252160346990.4468274318540.3454905819530.00.4595004175590.1753993350310.8706861888960.0-0.3124362231640.2086821922650.6938091.0130.00.9046367766140.3723560720670.2073240410360.0-0.4204192979740.8594280119790.2909142590460.0-0.0698563976169-0.350334765360.9340158649040.0-0.3124362231640.2086821922650.6938091.0joint21joint201.00.9312829605280.342364041059-0.1244946216490.0-0.2824265900650.8943786734610.3468746310730.00.230102734999-0.2878778418840.9296123275310.0	-0.007962-0.847990.7853511.045.00.4121598696880.802605954182-0.4312167948140.0-0.6412060350340.5917581390230.4885459298120.00.6472859201730.0751397844750.7585347390430.0	-0.007962-0.847990.7853511.062.00.768339812021-0.00567182735618-0.6400170026170.0-0.04550197392470.996946536798-0.06346001210260.00.6384226684830.07788089073420.7657356353370.0	-0.007962-0.847990.7853511.074.00.7724622477150.259483958609-0.5796293221360.00.05916707139290.8793388496110.4725065557520.00.632298452883-0.39928844560.6639031583690.0	-0.007962-0.847990.7853511.0130.00.9312829605280.342364041059-0.1244946216490.0-0.2824265900650.8943786734610.3468746310730.00.230102734999-0.2878778418840.9296123275310.0	-0.007962-0.847990.7853511.0joint22joint211.00.902593267506-0.3619282304660.2330951510520.00.3667329471330.9300172433270.02397650101140.0-0.2254602823980.06384264331650.9721583091020.0	0.2000245-0.693810.481811.045.00.524464120420.4421809020590.7276080237650.0-0.2895976117460.896260975085-0.3359307783030.0-0.800668851438-0.03452990580460.598111257160.0	0.2000245-0.693810.481811.062.00.524464120420.4421809020590.7276080237650.0-0.2895976117460.896260975085-0.3359307783030.0-0.800668851438-0.03452990580460.598111257160.0	0.2000245-0.693810.481811.074.00.524464120420.4421809020590.7276080237650.0-0.2895976117460.896260975085-0.3359307783030.0-0.800668851438-0.03452990580460.598111257160.0	0.2000245-0.693810.481811.0130.00.902593267506-0.3619282304660.2330951510520.00.3667329471330.9300172433270.02397650101140.0-0.2254602823980.06384264331650.9721583091020.0	0.2000245-0.693810.481811.0