joint1root1.01.00.00.00.00.01.00.00.00.00.01.00.0-0.03513541225751.898691326420.01.0100.01.00.00.00.00.01.00.00.00.00.01.00.0-0.03513541225751.898691326420.01.0200.01.00.00.00.00.01.00.00.00.00.01.00.0-0.03513541225751.898691326420.01.0joint2joint11.00.9175100727650.3977125423920.00.0-0.3977125423920.9175100727650.00.00.00.01.00.00.0-0.189319879808-0.3050059518761.0100.00.9175100727650.3977125423920.00.0-0.3977125423920.9175100727650.00.00.00.01.00.00.0-0.189319879808-0.3050059518761.0200.00.9175100727650.3977125423920.00.0-0.3977125423920.9175100727650.00.00.00.01.00.00.0-0.189319879808-0.3050059518761.0joint3joint21.00.982204502541-0.187814576615-0.00.00.1878145766150.9822045025410.00.00.0-0.01.00.00.351430281805-0.548107596766-0.2697421286021.0100.00.982204502541-0.187814576615-0.00.00.1878145766150.9822045025410.00.00.0-0.01.00.00.351430281805-0.548107596766-0.2697421286021.0200.00.982204502541-0.187814576615-0.00.00.1878145766150.9822045025410.00.00.0-0.01.00.00.351430281805-0.548107596766-0.2697421286021.0joint4joint31.00.844320504539-0.535838488366-0.00.00.5358384883660.8443205045390.00.00.0-0.01.00.0-0.702860563609-0.2016403256260.002344422468371.0100.00.844320504539-0.535838488366-0.00.00.5358384883660.8443205045390.00.00.0-0.01.00.0-0.702860563609-0.2016403256260.002344422468371.0200.00.844320504539-0.535838488366-0.00.00.5358384883660.8443205045390.00.00.0-0.01.00.0-0.702860563609-0.2016403256260.002344422468371.0joint5joint41.00.9159054923130.4013939824540.00.0-0.4013939824540.9159054923130.00.00.00.01.00.00.328385673162-0.737427476574-0.009280675969091.0100.00.9159054923130.4013939824540.00.0-0.4013939824540.9159054923130.00.00.00.01.00.00.328385673162-0.737427476574-0.009280675969091.0200.00.9159054923130.4013939824540.00.0-0.4013939824540.9159054923130.00.00.00.01.00.00.328385673162-0.737427476574-0.009280675969091.0joint6joint51.00.9605317757870.2781702854430.00.0-0.2781702854430.9605317757870.00.00.00.01.00.00.380236042608-0.115223043215-0.0599397111421.0100.00.9605317757870.2781702854430.00.0-0.2781702854430.9605317757870.00.00.00.01.00.00.380236042608-0.115223043215-0.0599397111421.0200.00.9605317757870.2781702854430.00.0-0.2781702854430.9605317757870.00.00.00.01.00.00.380236042608-0.115223043215-0.0599397111421.0joint7joint11.00.9382769084930.3458850141140.00.0-0.3458850141140.9382769084930.00.00.00.01.00.01.22574731615e-08-0.1893227030670.3050061.0100.00.9382769084930.3458850141140.00.0-0.3458850141140.9382769084930.00.00.00.01.00.01.22574731615e-08-0.1893227030670.3050061.0200.00.9382769084930.3458850141140.00.0-0.3458850141140.9382769084930.00.00.00.01.00.01.22574731615e-08-0.1893227030670.3050061.0joint8joint71.00.987630641439-0.15679832936-0.00.00.156798329360.9876306414390.00.00.0-0.01.00.0	0.3514304-0.54810.2697421.0100.00.987630641439-0.15679832936-0.00.00.156798329360.9876306414390.00.00.0-0.01.00.0	0.3514304-0.54810.2697421.0200.00.987630641439-0.15679832936-0.00.00.156798329360.9876306414390.00.00.0-0.01.00.0	0.3514304-0.54810.2697421.0joint9joint81.00.928099744513-0.372331658921-0.00.00.3723316589210.9280997445130.00.00.0-0.01.00.0	-0.702861	-0.201645	-0.0023441.0100.00.928099744513-0.372331658921-0.00.00.3723316589210.9280997445130.00.00.0-0.01.00.0	-0.702861	-0.201645	-0.0023441.0200.00.928099744513-0.372331658921-0.00.00.3723316589210.9280997445130.00.00.0-0.01.00.0	-0.702861	-0.201645	-0.0023441.0joint10joint91.00.9740333545170.2264045588960.00.0-0.2264045588960.9740333545170.00.00.00.01.00.00.328386	-0.7374280.009281.0100.00.9740333545170.2264045588960.00.0-0.2264045588960.9740333545170.00.00.00.01.00.00.328386	-0.7374280.009281.0200.00.9740333545170.2264045588960.00.0-0.2264045588960.9740333545170.00.00.00.01.00.00.328386	-0.7374280.009281.0joint11joint101.01.00.00.00.00.01.00.00.00.00.01.00.00.380236	-0.1152230.059941.0100.01.00.00.00.00.01.00.00.00.00.01.00.00.380236	-0.1152230.059941.0200.01.00.00.00.00.01.00.00.00.00.01.00.00.380236	-0.1152230.059941.0joint12joint11.00.733446397008-0.679747293276-0.00.00.6797472932760.7334463970080.00.00.0-0.01.00.00.1395654651320.4181540184180.01.0100.00.81811756404-0.575050998963-0.00.00.5750509989630.818117564040.00.00.0-0.01.00.00.1395654651320.4181540184180.01.0200.00.733446397008-0.679747293276-0.00.00.6797472932760.7334463970080.00.00.0-0.01.00.00.1395654651320.4181540184180.01.0joint13joint121.00.9434106296580.3291127787440.04075736395390.0-0.3309144361140.9422988501160.05068049961660.0-0.0217260171306-0.06129972216490.997882921110.0-0.1001493784370.4429015226760.01.0100.00.9434106296580.3291127787440.04075736395390.0-0.3309144361140.9422988501160.05068049961660.0-0.0217260171306-0.06129972216490.997882921110.0-0.1001493784370.4429015226760.01.0200.00.9434106296580.3291127787440.04075736395390.0-0.3309144361140.9422988501160.05068049961660.0-0.0217260171306-0.06129972216490.997882921110.0-0.1001493784370.4429015226760.01.0joint14joint131.00.996823889608-0.0162448491606-0.07796305523840.00.01343152392740.999244295687-0.03647508329070.00.07849667044750.03531207175770.9962887785760.0-0.1594445481630.3941823551810.01.0100.00.990242303707-0.119028096016-0.07247408025050.00.11633468230.992390918413-0.04032997329040.00.07672301899410.03150519655860.9965545649620.0-0.1594445481630.3941823551810.01.0200.00.996823889608-0.0162448491606-0.07796305523840.00.01343152392740.999244295687-0.03647508329070.00.07849667044750.03531207175770.9962887785760.0-0.1594445481630.3941823551810.01.0joint15joint141.00.935974375560.3520519587030.003374413898030.0-0.3514048958140.934756287272-0.05239544448650.0-0.02160017346560.04785500787120.9986207141490.00.4074694008610.2170217461110.01.0100.00.935974375560.3520519587030.003374413898030.0-0.3514048958140.934756287272-0.05239544448650.0-0.02160017346560.04785500787120.9986207141490.00.4074694008610.2170217461110.01.0200.00.935974375560.3520519587030.003374413898030.0-0.3514048958140.934756287272-0.05239544448650.0-0.02160017346560.04785500787120.9986207141490.00.4074694008610.2170217461110.01.0joint16joint151.00.924498461795-0.3811632017490.004148225080980.00.3811857190080.924437750235-0.01059686581160.00.0002043594399130.01137803030270.9999352472350.00.30172320391-0.469726696698-2.42167397246e-151.0100.00.786892666445-0.61706529097-0.005509825352650.00.6170230346650.786907478891-0.0076937870310.00.009083291710330.002654495432320.999955222730.00.239554980815-0.526448944856-1.47798440153e-151.0200.00.924498461795-0.3811632017490.004148225080980.00.3811857190080.924437750235-0.01059686581160.00.0002043594399130.01137803030270.9999352472350.00.30172320391-0.469726696698-2.42167397246e-151.0joint17joint131.00.9503629758660.0391924870287-0.3086651309490.0-0.1803172879230.877834874504-0.4437246993120.00.2535663419680.4773571849930.8413288466210.0-0.3347388446660.111912471589-0.6938089937851.0100.00.941198765398-0.0461909914987-0.3346808574120.0-0.05948933295270.952474389464-0.298753337520.00.3325746582030.3010962133920.8937198481640.0-0.3347388446660.111912471589-0.6938089937851.0200.00.9503629758660.0391924870287-0.3086651309490.0-0.1803172879230.877834874504-0.4437246993120.00.2535663419680.4773571849930.8413288466210.0-0.3347388446660.111912471589-0.6938089937851.0joint18joint171.00.7587772039390.5361250277430.3699014860890.0-0.4432027082520.841125994551-0.3099651927060.0-0.4773138529120.07125318181860.8758392945620.0-0.00796245052187-0.847987274243-0.7853518505771.0100.00.6260268709290.6873109882880.3683666139230.0-0.571414591180.725771229055-0.3830685161460.0-0.5306370905440.02932112641460.8470918189220.0-0.00796245052187-0.847987274243-0.7853518505771.0200.00.7587772039390.5361250277430.3699014860890.0-0.4432027082520.841125994551-0.3099651927060.0-0.4773138529120.07125318181860.8758392945620.0-0.00796245052187-0.847987274243-0.7853518505771.0joint19joint181.01.00.00.00.00.01.00.00.00.00.01.00.00.200024558978-0.693807769835-0.4818109512741.0100.01.00.00.00.00.01.00.00.00.00.01.00.00.200024558978-0.693807769835-0.4818109512741.0200.01.00.00.00.00.01.00.00.00.00.01.00.00.200024558978-0.693807769835-0.4818109512741.0joint20joint131.00.9046367766140.3723560720670.2073240410360.0-0.4204192979740.8594280119790.2909142590460.0-0.0698563976169-0.350334765360.9340158649040.0-0.3124362231640.2086821922650.6938091.0100.00.9413596048280.2712307092780.2006888057220.0-0.3101618677890.9297807146040.1982610363150.0-0.132822099695-0.2488809456250.9593834294680.0-0.3124362231640.2086821922650.6938091.0200.00.9046367766140.3723560720670.2073240410360.0-0.4204192979740.8594280119790.2909142590460.0-0.0698563976169-0.350334765360.9340158649040.0-0.3124362231640.2086821922650.6938091.0joint21joint201.00.9312829605280.342364041059-0.1244946216490.0-0.2824265900650.8943786734610.3468746310730.00.230102734999-0.2878778418840.9296123275310.0	-0.007962-0.847990.7853511.0100.00.8085285075230.569614685522-0.1477185247680.0-0.4676246639310.7743204739550.4263273123990.00.357223776092-0.275620960110.8924260530390.0	-0.007962-0.847990.7853511.0200.00.9312829605280.342364041059-0.1244946216490.0-0.2824265900650.8943786734610.3468746310730.00.230102734999-0.2878778418840.9296123275310.0	-0.007962-0.847990.7853511.0joint22joint211.00.902593267506-0.3619282304660.2330951510520.00.3667329471330.9300172433270.02397650101140.0-0.2254602823980.06384264331650.9721583091020.0	0.2000245-0.693810.481811.0100.00.902593267506-0.3619282304660.2330951510520.00.3667329471330.9300172433270.02397650101140.0-0.2254602823980.06384264331650.9721583091020.0	0.2000245-0.693810.481811.0200.00.902593267506-0.3619282304660.2330951510520.00.3667329471330.9300172433270.02397650101140.0-0.2254602823980.06384264331650.9721583091020.0	0.2000245-0.693810.481811.0