joint1root1.01.00.00.00.00.00.6427876096870.7660444431190.00.0-0.7660444431190.6427876096870.00.00.00.01.015.00.7587581226930.6513724827225.55111512313e-170.00.00733442209101-0.008543579110910.9999366047450.00.651331188797-0.758710021028-0.0112599507740.00.00.00.01.025.00.3473052897110.937752118493-5.55111512313e-170.00.464296323956-0.171956496950.8688267299740.00.814744106637-0.301748119163-0.495116262390.00.00.00.01.035.0-0.1514277475570.988468328916-5.55111512313e-170.00.8446922007120.1294020593190.5193748098440.00.5133855503680.0786477575928-0.8545465504580.00.00.00.01.045.0-0.6121060294350.790775700645-1.73472347598e-180.00.7901616655010.6116307307970.03940039996750.00.031156878890.0241172223823-0.9992235027670.00.00.00.01.055.0-0.9189578608030.3943557405051.38777878078e-170.00.3520763687680.820435240192-0.4504755789230.0-0.177647630506-0.413968074351-0.8927887503740.00.00.00.01.070.0-0.937752146704-0.3473052135390.00.0-0.1169460812850.315763871368-0.9416033090480.00.327023738318-0.882990524404-0.336724231960.00.00.00.01.085.0-0.440394112442-0.8978045587580.00.00.363322035487-0.178217947089-0.9144591089080.00.821005556775-0.4027224076320.4046783143870.00.00.00.01.0100.00.299363200614-0.954139232042.77555756156e-170.00.8809949307410.276414021492-0.3839833599670.00.3663735881950.1149504876220.9233400128170.00.00.00.01.0113.00.82076355472-0.5712680520070.00.00.5513841307070.7921955333320.2615373345680.0-0.149407923646-0.2146603124120.9651933602270.00.00.00.01.0125.01.0-2.44929359829e-16-1.23259516441e-320.01.57437557747e-160.6427876096870.7660444431190.0-1.87626775054e-16-0.7660444431190.6427876096870.00.00.00.01.0joint2joint11.0-0.8660254037840.50.00.0-0.5-0.8660254037840.00.00.00.01.00.00.00.00.01.015.0-0.982790050941-0.1847260560170.00.00.184726056017-0.9827900509410.00.00.00.01.00.00.00.00.01.025.0-0.769651263005-0.6384645122120.00.00.638464512212-0.7696512630050.00.00.00.01.00.00.00.00.01.035.0-0.363093888235-0.9317525574560.00.00.931752557456-0.3630938882350.00.00.00.01.00.00.00.00.01.045.00.134711520978-0.9908848601710.00.00.9908848601710.1347115209780.00.00.00.01.00.00.00.00.01.055.00.59866298221-0.8010010198070.00.00.8010010198070.598662982210.00.00.00.01.00.00.00.00.01.070.00.985769788269-0.168100935560.00.00.168100935560.9857697882690.00.00.00.01.00.00.00.00.01.085.00.8302947684310.5573244992970.00.0-0.5573244992970.830294768431-0.00.0-0.00.01.00.00.00.00.01.0100.00.217813479330.9759904140010.00.0-0.9759904140010.21781347933-0.00.0-0.00.01.00.00.00.00.01.0113.0-0.4251680628850.9051144227680.00.0-0.905114422768-0.425168062885-0.00.0-0.00.01.00.00.00.00.01.0125.0-0.8660254037840.50.00.0-0.5-0.866025403784-0.00.0-0.00.01.00.00.00.00.01.0joint3joint21.01.00.00.00.00.0-0.939692620786-0.3420201433260.00.00.342020143326-0.9396926207860.00.00.00.01.015.01.00.00.00.00.00.195780512857-0.9806477404170.00.00.9806477404170.1957805128570.00.00.00.01.025.01.00.00.00.00.00.935781911232-0.3525793734910.00.00.3525793734910.9357819112320.00.00.00.01.035.01.0-0.00.00.00.00.7942093978730.6076441658820.0-0.0-0.6076441658820.7942093978730.00.00.00.01.045.01.0-0.00.00.00.0-0.09556574386960.9954231203860.0-0.0-0.995423120386-0.09556574386960.00.00.00.01.055.01.0-0.00.00.00.0-0.8953110228070.4454415477260.0-0.0-0.445441547726-0.8953110228070.00.00.00.01.070.01.00.0-0.00.0-0.0-0.490216884637-0.8716004853240.00.00.871600485324-0.4902168846370.00.00.00.01.085.01.00.0-0.00.0-0.00.845652796922-0.533733404480.00.00.533733404480.8456527969220.00.00.00.01.0100.01.00.00.00.00.00.5758799124880.8175342967680.00.0-0.8175342967680.5758799124880.00.00.00.01.0113.01.00.00.00.00.0-0.6470906347480.7624130838470.00.0-0.762413083847-0.6470906347480.00.00.00.01.0125.01.00.00.00.00.0-0.939692620786-0.3420201433260.00.00.342020143326-0.9396926207860.00.00.00.01.0