joint1root1.01.00.00.00.00.01.00.00.00.00.01.00.0-1.060131671132.525806988560.01.040.00.9507734985150.2451594045410.189543190030.0-0.2411423545030.969476287058-0.04434065512720.0-0.194628156715-0.003548971321960.9808706772130.0-1.157340409772.525806988560.0402535078561.064.00.9185713887140.3735383756660.1292117863830.0-0.3650740568070.927104540049-0.08484164583350.0-0.1514844443570.0307612373920.9879808750130.0-1.147965964362.525806988560.03637161084391.079.00.9789197229370.1680526027740.1160797085910.0-0.1621162856560.98501320737-0.05888370938780.0-0.1242356066940.03882401328240.9914929198040.00.004653008373962.32156557960.03235638469091.092.00.910216751497-0.3949709571270.1245126833730.00.3967640478570.9178533204990.01111631129620.0-0.1186749999910.03928390350790.9921557434710.00.7717053653031.880322862850.0289614155221.0117.00.903153775441-0.416317805930.1048462797270.00.408789008950.90854364240.08625541151660.0-0.131167084547-0.03504189378180.9907407640810.00.7209075678841.886873450810.02737779760771.0139.00.921266715823-0.3838235303470.06282623551910.00.3843605269730.92317531010.003785779512050.0-0.05945270071520.0206602123340.9980173004530.00.434170947441.92384933910.02369369830181.0156.00.999640791295-0.0234778899040.01292582933340.00.02347781805310.9997243456620.0001573210702380.0-0.01292595983930.0001462057101350.9999164456020.0-0.7540253745972.369628292930.005528296610241.0165.00.9945818030330.1039569000840.00.0-0.1039569000840.9945818030330.00.00.00.01.00.0-1.101267012452.525806988560.01.0182.01.00.00.00.00.01.00.00.00.00.01.00.0-1.060131671132.525806988560.01.0186.01.00.00.00.00.01.00.00.00.00.01.00.0-1.060131671132.525806988560.01.0joint2joint11.00.9935935505960.1130126374120.00.0-0.1130126374120.9935935505960.00.00.00.01.00.00.3608101989560.5571333954470.01.027.00.9892396256770.1377431260170.04931322565880.0-0.1368947179610.990379552446-0.02020342273440.0-0.05162169296140.01323530622490.9985790041280.00.3608101989560.5571333954470.01.057.00.9747445305050.2138666445310.06429742303210.0-0.2138189558170.976842936526-0.007702693895720.0-0.0644558328231-0.006239849109410.9979010521580.00.3608101989560.5571333954470.01.077.00.9341983279490.3521641354080.05704301700770.0-0.3519579646350.935911778181-0.01395473367620.0-0.0583015882004-0.007040255295370.99827419060.00.3608101989560.5571333954470.01.0103.00.9967527043320.07049288915990.03892041859820.0-0.07047165682370.9975119365-0.001918886286560.0-0.0389588499636-0.0008301312874580.9992404710040.00.3608101989560.5571333954470.01.0133.00.944251915990.299609991611-0.1364630795370.0-0.2859708818970.9517950091010.1109365375260.00.163122573107-0.06572757091040.9844139944990.00.3608101989560.5571333954470.01.0165.00.9935935505960.1130126374120.00.0-0.1130126374120.9935935505960.00.00.00.01.00.00.3608101989560.5571333954470.01.0186.00.9935935505960.1130126374120.00.0-0.1130126374120.9935935505960.00.00.00.01.00.00.3608101989560.5571333954470.01.0joint3joint21.00.993449221763-0.114274423117-0.00.00.1142744231170.9934492217630.00.00.0-0.01.00.00.6473359451860.4987670397330.01.057.00.993449221763-0.114274423117-0.00.00.1142744231170.9934492217630.00.00.0-0.01.00.00.6473359451860.4987670397330.01.077.00.9636069738060.2673230256320.00.0-0.2673230256320.9636069738060.00.00.00.01.00.00.6473359451860.4987670397330.01.0103.00.977937179859-0.208899191597-0.00.00.2088991915970.9779371798590.00.00.0-0.01.00.00.6473359451860.4987670397330.01.0130.00.974037156828-0.1948134288880.1153227863180.00.2087436492550.970020758792-0.1244420202720.0-0.08762252002280.1452840508740.9855023280270.00.6473359451860.4987670397330.01.0165.00.993449221763-0.114274423117-0.00.00.1142744231170.9934492217630.00.00.0-0.01.00.00.6473359451860.4987670397330.01.0186.00.993449221763-0.114274423117-0.00.00.1142744231170.9934492217630.00.00.0-0.01.00.00.6473359451860.4987670397330.01.0joint4joint3
1.01.00.00.00.00.01.00.00.00.00.01.00.00.5783575247970.1697930348030.01.041.00.98087972009-0.19450123794-0.006651552858170.00.1945933678880.9796891248890.04840082383490.0-0.00289756615442-0.04876973460770.9988058455460.00.5783575247970.1697930348030.01.060.00.979555079819-0.162335071318-0.1188241146440.00.11002844440.926786468039-0.3591108242360.00.1684208627920.3386947996070.9256998680430.00.5783575247970.1697930348030.01.078.00.8717385369470.4095991486270.2688874497720.0-0.4018880473110.911659176885-0.08581108687230.0-0.28028185926-0.03325782081130.9593414390740.00.5783575247970.1697930348030.01.091.00.953609818922-0.2514769399770.165492180830.00.2513850267980.9676404992770.02185022792560.0-0.1656317649410.02076566441730.9859690185920.00.5783575247970.1697930348030.01.0105.70.93114565465-0.356468998332-0.07679598332750.00.3566947973930.934153542393-0.01122411458790.00.0757402887513-0.01694144218770.9969836489110.00.5783575247970.1697930348030.01.0117.10.610109840051-0.274170251665-0.7433684525020.00.1022090803280.957616478841-0.269302772640.00.7856966889150.08832526566570.6122739260110.00.5783575247970.1697930348030.01.0130.20.8768443205450.292655394270.3814405035290.0-0.094122339920.882528585368-0.4607431834950.0-0.4714711260040.3680979709450.8013855882970.00.5783575247970.1697930348030.01.0165.01.00.00.00.00.01.00.00.00.00.01.00.00.5783575247970.1697930348030.01.0186.01.00.00.00.00.01.00.00.00.00.01.00.00.5783575247970.1697930348030.01.0joint5joint4	1.01.00.00.00.00.01.00.00.00.00.01.00.00.270607649217-0.0902025497390.01.024.00.98174312364-0.19021156428-0.00.00.190211564280.981743123640.00.00.0-0.01.00.00.270607649217-0.0902025497390.01.055.00.9439453107780.3301018786080.00.0-0.3301018786080.9439453107780.00.00.00.01.00.00.270607649217-0.0902025497390.01.073.00.959783267943-0.28074201427-0.00.00.280742014270.9597832679430.00.00.0-0.01.00.00.270607649217-0.0902025497390.01.089.00.790479721811-0.612488211646-0.00.00.6124882116460.7904797218110.00.00.0-0.01.00.00.270607649217-0.0902025497390.01.098.00.9534322325410.3016073241020.00.0-0.3016073241020.9534322325410.00.00.00.01.00.00.270607649217-0.0902025497390.01.0130.00.9391240221080.343578333280.00.0-0.343578333280.9391240221080.00.00.00.01.00.00.270607649217-0.0902025497390.01.0165.01.00.00.00.00.01.00.00.00.00.01.00.00.270607649217-0.0902025497390.01.0186.01.00.00.00.00.01.00.00.00.00.01.00.00.270607649217-0.0902025497390.01.0joint11joint31.00.991736771663-0.1244777256390.03103983813160.00.1221744224940.9902121907750.06747760909670.0-0.0391354854295-0.0631277519070.9972378355840.00.219801730494-0.0635882765010.6258688974161.036.00.991736771663-0.1244777256390.03103983813160.00.1221744224940.9902121907750.06747760909670.0-0.0391354854295-0.0631277519070.9972378355840.00.219801730494-0.0635882765010.6258688974161.069.00.6095953014210.2880975866350.738507514560.00.2871034492650.788132251763-0.5444439026670.0-0.738894564810.5439184996910.3977279067250.00.219801730494-0.0635882765010.6258688974161.093.00.7863912852190.6088451383180.1043855549270.0-0.5594406794590.6302902759230.5382938734960.00.261944407647-0.4817071367780.836267518010.00.253850266008-0.0635882765010.6258688974161.0165.00.991736771663-0.1244777256390.03103983813160.00.1221744224940.9902121907750.06747760909670.0-0.0391354854295-0.0631277519070.9972378355840.00.219801730494-0.0635882765010.6258688974161.0186.00.991736771663-0.1244777256390.03103983813160.00.1221744224940.9902121907750.06747760909670.0-0.0391354854295-0.0631277519070.9972378355840.00.219801730494-0.0635882765010.6258688974161.0joint12joint111.00.787590139146-0.568533308069-0.237637645030.00.2354265465360.634025423459-0.7366044417420.00.5694524685220.5241961846710.6332000047940.0-0.153213056372-0.2594601000210.3510980200991.0165.00.787590139146-0.568533308069-0.237637645030.00.2354265465360.634025423459-0.7366044417420.00.5694524685220.5241961846710.6332000047940.0-0.153213056372-0.2594601000210.3510980200991.0186.00.787590139146-0.568533308069-0.237637645030.00.2354265465360.634025423459-0.7366044417420.00.5694524685220.5241961846710.6332000047940.0-0.153213056372-0.2594601000210.3510980200991.0joint13joint121.0-0.2308803994960.9729821381340.00.0-0.972982138134-0.2308803994960.00.00.00.01.00.00.00501800049716-0.8806590872510.01.052.0-0.2308803994960.9729821381340.00.0-0.972982138134-0.2308803994960.00.00.00.01.00.00.00501800049716-0.8806590872510.01.070.0-0.4928174966470.8701326996490.00.0-0.870132699649-0.4928174966470.00.00.00.01.00.00.00501800049716-0.8806590872510.01.085.0-0.5152296060510.8570521880540.00.0-0.857052188054-0.5152296060510.00.00.00.01.00.00.00501800049716-0.8806590872510.01.097.00.3944991775260.9188962938930.00.0-0.9188962938930.3944991775260.00.00.00.01.00.00.00501800049716-0.8806590872510.01.0130.00.3635649912630.9315688364950.00.0-0.9315688364950.3635649912630.00.00.00.01.00.00.00501800049716-0.8806590872510.01.0165.0-0.2308803994960.9729821381340.00.0-0.972982138134-0.2308803994960.00.00.00.01.00.00.00501800049716-0.8806590872510.01.0186.0-0.2308803994960.9729821381340.00.0-0.972982138134-0.2308803994960.00.00.00.01.00.00.00501800049716-0.8806590872510.01.0joint14joint131.01.00.00.00.00.01.00.00.00.00.01.00.0-0.00752700074573-0.8480420840190.01.0165.01.00.00.00.00.01.00.00.00.00.01.00.0-0.00752700074573-0.8480420840190.01.0186.01.00.00.00.00.01.00.00.00.00.01.00.0-0.00752700074573-0.8480420840190.01.0joint15joint141.01.00.00.00.00.01.00.00.00.00.01.00.00.095342009446-0.1982110196380.01.0165.01.00.00.00.00.01.00.00.00.00.01.00.00.095342009446-0.1982110196380.01.0186.01.00.00.00.00.01.00.00.00.00.01.00.00.095342009446-0.1982110196380.01.0joint16joint141.01.00.00.00.00.01.00.00.00.00.01.00.0-0.102869010192-0.2383550236150.01.0165.01.00.00.00.00.01.00.00.00.00.01.00.0-0.102869010192-0.2383550236150.01.0186.01.00.00.00.00.01.00.00.00.00.01.00.0-0.102869010192-0.2383550236150.01.0joint22joint31.00.985218179719-0.168169494250.03262145849590.00.1673234482120.9855281567750.02714987811540.0-0.0367151471345-0.02129021857520.9990989563420.00.219801888256-0.0635914603997	-0.6258691.036.00.985218179719-0.168169494250.03262145849590.00.1673234482120.9855281567750.02714987811540.0-0.0367151471345-0.02129021857520.9990989563420.00.219801888256-0.0635914603997	-0.6258691.069.00.682130166867-0.261875751928-0.6827294676530.00.4524428338520.8846406744480.1127224875920.00.574450970533-0.385787464370.7219238981980.00.219801888256-0.0635914603997	-0.6258691.093.00.7672813030920.593658455581-0.2425882108470.0-0.6349614028190.650140264002-0.4173028325490.0-0.09001899163710.4742228118090.8757906747070.00.263919434504-0.0635914603997-0.6165804782871.0165.00.985218179719-0.168169494250.03262145849590.00.1673234482120.9855281567750.02714987811540.0-0.0367151471345-0.02129021857520.9990989563420.00.219801888256-0.0635914603997	-0.6258691.0186.00.985218179719-0.168169494250.03262145849590.00.1673234482120.9855281567750.02714987811540.0-0.0367151471345-0.02129021857520.9990989563420.00.219801888256-0.0635914603997	-0.6258691.0joint17joint221.00.807123099221-0.5758669316240.1301137185950.00.3398880492650.6334436823930.6951440247910.0-0.48273016963-0.5168427016980.7069973161410.0-0.153213214133-0.259456916122-0.3510979175151.0165.00.807123099221-0.5758669316240.1301137185950.00.3398880492650.6334436823930.6951440247910.0-0.48273016963-0.5168427016980.7069973161410.0-0.153213214133-0.259456916122-0.3510979175151.0186.00.807123099221-0.5758669316240.1301137185950.00.3398880492650.6334436823930.6951440247910.0-0.48273016963-0.5168427016980.7069973161410.0-0.153213214133-0.259456916122-0.3510979175151.0joint18joint171.0-0.3590477362660.9333191967820.00.0-0.933319196782-0.3590477362660.00.00.00.01.00.00.005018	-0.8806620.01.052.0-0.3590477362660.9333191967820.00.0-0.933319196782-0.3590477362660.00.00.00.01.00.00.005018	-0.8806620.01.070.0-0.6048597737280.7963319999380.00.0-0.796331999938-0.6048597737280.00.00.00.01.00.00.005018	-0.8806620.01.085.0-0.6253191915140.7803690849360.00.0-0.780369084936-0.6253191915140.00.00.00.01.00.00.005018	-0.8806620.01.097.00.2679434550630.9634346396560.00.0-0.9634346396560.2679434550630.00.00.00.01.00.00.005018	-0.8806620.01.0130.00.2355913057610.9718522195530.00.0-0.9718522195530.2355913057610.00.00.00.01.00.00.005018	-0.8806620.01.0165.0-0.3590477362660.9333191967820.00.0-0.933319196782-0.3590477362660.00.00.00.01.00.00.005018	-0.8806620.01.0186.0-0.3590477362660.9333191967820.00.0-0.933319196782-0.3590477362660.00.00.00.01.00.00.005018	-0.8806620.01.0joint19joint181.01.00.00.00.00.01.00.00.00.00.01.00.0	-0.007527-0.848040.01.0165.01.00.00.00.00.01.00.00.00.00.01.00.0	-0.007527-0.848040.01.0186.01.00.00.00.00.01.00.00.00.00.01.00.0	-0.007527-0.848040.01.0joint20joint191.01.00.00.00.00.01.00.00.00.00.01.00.00.095342-0.198210.01.0165.01.00.00.00.00.01.00.00.00.00.01.00.00.095342-0.198210.01.0186.01.00.00.00.00.01.00.00.00.00.01.00.00.095342-0.198210.01.0joint21joint191.01.00.00.00.00.01.00.00.00.00.01.00.0
-0.1028694-0.238350.01.0165.01.00.00.00.00.01.00.00.00.00.01.00.0
-0.1028694-0.238350.01.0186.01.00.00.00.00.01.00.00.00.00.01.00.0
-0.1028694-0.238350.01.0joint6joint11.00.997634798845-0.06782052525960.01118858736540.00.06699189894850.9957837383590.06266443884490.0-0.0153913485112-0.06176668012760.9979719352850.0-0.00530603233759-0.1804050994780.396787296911.040.00.941668915666-0.271620464616-0.1987007208590.00.2908176350520.9538915570950.07426978150940.00.169365747456-0.1277232183440.9772420493840.0-0.00530603233759-0.1804050994780.396787296911.064.00.896104808065-0.415262015462-0.156695984240.00.4337165060370.8942560505960.1104359921570.00.0942664593277-0.1669238583490.9814531370170.0-0.00530603233759-0.1804050994780.396787296911.079.00.9554235988910.222909134384-0.1935904555780.0-0.2754067794510.909169041525-0.3123503798060.00.1063806961590.3517430478930.9300322444650.0-0.00530603233759-0.1804050994780.396787296911.092.00.8011100838450.593708304479-0.07571712325440.0-0.5911857461360.765199482832-0.2548904961720.0-0.09339190075430.2489582307660.9640009088210.0-0.00530603233759-0.1804050994780.396787296911.0117.00.7730496832060.624744293656-0.1099488737470.0-0.6226494298190.714181082607-0.3197703375750.0-0.1212512879960.3156579617090.9410941378890.0-0.00530603233759-0.1804050994780.396787296911.0139.00.778106387110.627408572318-0.03014852767950.0-0.6189494074990.757669815433-0.206973625710.0-0.1070143976120.1797079134730.9778818868040.0-0.00530603233759-0.1804050994780.396787296911.0156.00.8551573663960.513107386055-0.07366606460880.0-0.5166006912390.831864845011-0.2027920251050.0-0.04277387649630.2114750340130.9764469803730.0-0.00530603233759-0.1804050994780.396787296911.0165.00.986263724742-0.1648911081280.009735898430330.00.1639474286410.9843946409890.06394084323620.0-0.0201272427359-0.06146635870020.9979061984210.0-0.00530603233759-0.1804050994780.396787296911.0182.00.997634798845-0.06782052525960.01118858736540.00.06699189894850.9957837383590.06266443884490.0-0.0153913485112-0.06176668012760.9979719352850.0-0.00530603233759-0.1804050994780.396787296911.0186.00.997634798845-0.06782052525960.01118858736540.00.06699189894850.9957837383590.06266443884490.0-0.0153913485112-0.06176668012760.9979719352850.0-0.00530603233759-0.1804050994780.396787296911.0joint7joint61.00.9384185637130.344381531278-0.02778417162660.0-0.3453222859610.932314183163-0.1074373430980.0-0.01109585945760.1104156908590.9938235543170.00.859577238689-0.7216203979120.3412503935311.040.00.914871927690.402415096936-0.03273294490840.0-0.4031858979610.906337414366-0.126465896610.0-0.02122469339040.1288975604040.991430749630.00.859577238689-0.7216203979120.3412503935311.064.00.9142619005350.40378947515-0.03285174255120.0-0.4045529012440.905664252574-0.126922069420.0-0.02149714693270.1293302801680.9913685244680.00.859577238689-0.7216203979120.3412503935311.079.00.828265480986-0.560335873933.73436076092e-050.00.5447836501040.8052924113990.2339121773720.0-0.131099456855-0.1937210379130.9722577291450.00.859577238689-0.7216203979120.3412503935311.092.00.988671628159-0.1500946754039.45934966665e-060.00.1498257759490.9869041578810.05976972493180.0-0.00898045293406-0.05909121400860.9982121918170.00.859577238689-0.7216203979120.3412503935311.0117.00.99136552067-0.1311274355688.2565336495e-060.00.1309483933560.9900151894130.05217703526910.0-0.00685001492413-0.05172543255680.9986378507360.00.859577238689-0.7216203979120.3412503935311.0139.00.9965760301480.0824239872171-0.006519391473530.0-0.08256356779380.996265576816-0.02526178389380.00.004412868354120.02571355252730.9996596119730.00.859577238689-0.7216203979120.3412503935311.0156.00.980936325762-0.1943294230151.22789817973e-050.00.1937431964160.9779820707080.07755413087780.0-0.0150830581299-0.07607328522170.9969881426740.00.859577238689-0.7216203979120.3412503935311.0165.00.9346276688350.354473001594-0.02863584797040.0-0.3554020931850.928133299181-0.1107155414220.0-0.01266778623940.1136550486920.9934395085250.00.859577238689-0.7216203979120.3412503935311.0182.00.9384185637130.344381531278-0.02778417162660.0-0.3453222859610.932314183163-0.1074373430980.0-0.01109585945760.1104156908590.9938235543170.00.859577238689-0.7216203979120.3412503935311.0186.00.9384185637130.344381531278-0.02778417162660.0-0.3453222859610.932314183163-0.1074373430980.0-0.01109585945760.1104156908590.9938235543170.00.859577238689-0.7216203979120.3412503935311.0joint8joint71.00.958339952108-0.285331891159-0.01304791481980.00.2856126447810.9577856787710.03274157423530.00.00315489065611-0.03510420814520.9993786775970.0-0.657948009861-0.477542910383-0.1210699969981.040.00.942330212261-0.334331356674-0.01537254060080.00.3346808629980.9415418068020.03857131041770.00.00157829111183-0.04149180628780.9991375976350.0-0.657948009861-0.477542910383-0.1210699969981.064.00.941914842326-0.335497236786-0.0154283477760.00.3358483013350.9411202675790.03871124438090.00.00153241526489-0.04164428004020.9991313255240.0-0.657948009861-0.477542910383-0.1210699969981.079.00.9826603847020.180205855761-0.04363963664710.0-0.1773949854270.982218238960.06146828612080.00.0539405921589-0.05266099697940.9971545677150.0-0.657948009861-0.477542910383-0.1210699969981.092.00.9988837731420.0459232012916-0.01105745617230.0-0.0457481727250.9988312926480.01559338061530.00.0117606311988-0.01507011645020.9998172728770.0-0.657948009861-0.477542910383-0.1210699969981.0117.00.9991495502660.0400877185941-0.009651477665280.0-0.03995460594050.9991087891220.01361091339890.00.0101885066295-0.01321371701430.9998607863170.0-0.657948009861-0.477542910383-0.1210699969981.0139.00.997691508291-0.0678401250657-0.003061325786410.00.06786190825460.9976651360680.007683598272270.00.0025329217395-0.007873608159010.9999657947160.0-0.657948009861-0.477542910383-0.1210699969981.0156.00.9981194373820.0595950748229-0.01435324969350.0-0.05929897908690.9980350556710.02024002795540.00.0155312523374-0.01935083226210.9996921153490.0-0.657948009861-0.477542910383-0.1210699969981.0165.00.95576550905-0.293822129991-0.0134479603730.00.294115123730.955174106580.03374492720570.00.00293013714664-0.03620748605760.9993399983240.0-0.657948009861-0.477542910383-0.1210699969981.0182.00.958339952108-0.285331891159-0.01304791481980.00.2856126447810.9577856787710.03274157423530.00.00315489065611-0.03510420814520.9993786775970.0-0.657948009861-0.477542910383-0.1210699969981.0186.00.958339952108-0.285331891159-0.01304791481980.00.2856126447810.9577856787710.03274157423530.00.00315489065611-0.03510420814520.9993786775970.0-0.657948009861-0.477542910383-0.1210699969981.0joint9joint8
1.01.00.00.00.00.01.00.00.00.00.01.00.00.413870522332-0.6844781715490.02425755870131.064.01.00.00.00.00.01.00.00.00.00.01.00.00.413870522332-0.6844781715490.02425755870131.077.00.9082402563130.418449085090.00.0-0.418449085090.9082402563130.00.00.00.01.00.00.413870522332-0.6844781715490.02425755870131.090.00.979489336429-0.201496004481-0.00.00.2014960044810.9794893364290.00.00.0-0.01.00.00.413870522332-0.6844781715490.02425755870131.0104.00.979544178396-0.201229228917-0.00.00.2012292289170.9795441783960.00.00.0-0.01.00.00.413870522332-0.6844781715490.02425755870131.0114.00.968474357239-0.249113266147-0.00.00.2491132661470.9684743572390.00.00.0-0.01.00.00.413870522332-0.6844781715490.02425755870131.0130.00.967833290513-0.251592372249-0.00.00.2515923722490.9678332905130.00.00.0-0.01.00.00.413870522332-0.6844781715490.02425755870131.0145.00.908629448008-0.417603312024-0.00.00.4176033120240.9086294480080.00.00.0-0.01.00.00.413870522332-0.6844781715490.02425755870131.0165.00.999949763573-0.0100234889715-0.00.00.01002348897150.9999497635730.00.00.0-0.01.00.00.413870522332-0.6844781715490.02425755870131.0186.01.00.00.00.00.01.00.00.00.00.01.00.00.413870522332-0.6844781715490.02425755870131.0joint10joint91.01.00.00.00.00.01.00.00.00.00.01.00.00.376728295969-0.05836635571350.1102633695961.066.01.00.00.00.00.01.00.00.00.00.01.00.00.376728295969-0.05836635571350.1102633695961.078.00.9518301433330.3066257951350.00.0-0.3066257951350.9518301433330.00.00.00.01.00.00.376728295969-0.05836635571350.1102633695961.088.01.00.00.00.00.01.00.00.00.00.01.00.00.376728295969-0.05836635571350.1102633695961.0165.01.00.00.00.00.01.00.00.00.00.01.00.00.376728295969-0.05836635571350.1102633695961.0186.01.00.00.00.00.01.00.00.00.00.01.00.00.376728295969-0.05836635571350.1102633695961.0joint23joint11.00.997634765231-0.067821011322-0.01118863819960.00.0669923794210.99578369972-0.06266453919020.00.01539143596310.06176676934780.9979719284140.0-0.00530596760284-0.18040102522	-0.3967871.040.00.92392542887-0.316694510393-0.2146308201880.00.3112297141010.948456384814-0.05972060922340.00.222481160883-0.01162209931520.9748677140310.0-0.00530596760284-0.18040102522	-0.3967871.064.00.882088876604-0.436973889594-0.1759915724830.00.4405951472160.897481565942-0.0200687579180.00.166718715271-0.05983860466010.9841870814890.0-0.00530596760284-0.18040102522	-0.3967871.079.00.756738974714-0.620875672712-0.2045959999220.00.6305351866860.775841886605-0.02224287166780.00.172544204481-0.1121729291050.9785937520120.0-0.00530596760284-0.18040102522	-0.3967871.092.00.860858767521-0.436628968233-0.2612993044040.00.4432781586170.89565154068-0.0362324684680.00.249853269891-0.08463723635450.9645775664750.0-0.00530596760284-0.18040102522	-0.3967871.0100.00.868565533707-0.432638159083-0.24169844220.00.4291658060750.900532501069-0.0696988193260.00.247811671542-0.04319071456710.9678449966920.0-0.00530596760284-0.18040102522	-0.3967871.0117.00.890410014581-0.406330966062-0.205097908210.00.394502213370.91370685277-0.09750790146510.00.2270198440210.005910433218910.973872197570.0-0.00530596760284-0.18040102522	-0.3967871.0139.00.957605548351-0.223648033694-0.1815851612690.00.2410186309540.9672391157350.07974028169720.00.157802513609-0.1201251431510.9801368867060.0-0.00530596760284-0.18040102522	-0.3967871.0149.00.994581811608-0.0613152470567-0.08394915423270.00.06777998218490.9947665129170.07645560015140.00.0788219134062-0.08173142148450.9935326268970.0-0.00530596760284-0.18040102522	-0.3967871.0156.00.995143114235-0.0932837838984-0.03143752299270.00.09294000322960.995596621877-0.01222793139070.00.03243975940110.00924673823630.9994309179940.0-0.00530596760284-0.18040102522	-0.3967871.0160.00.99196922091-0.124500355179-0.02228735803370.00.1234475176650.991391418263-0.04363216906560.00.02752771603620.04053044973010.9987990325860.0-0.00530596760284-0.18040102522	-0.3967871.0165.00.986263661444-0.164891484898-0.00973592948290.00.163947800290.984394571051-0.06394096703070.00.02012731712660.06146646803750.9979061901860.0-0.00530596760284-0.18040102522	-0.3967871.0182.00.997634765231-0.067821011322-0.01118863819960.00.0669923794210.99578369972-0.06266453919020.00.01539143596310.06176676934780.9979719284140.0-0.00530596760284-0.18040102522	-0.3967871.0186.00.997634765231-0.067821011322-0.01118863819960.00.0669923794210.99578369972-0.06266453919020.00.01539143596310.06176676934780.9979719284140.0-0.00530596760284-0.18040102522	-0.3967871.0joint24joint231.00.9384186750410.3443812320990.02778411980240.0-0.3453219848120.9323143133310.1074371814710.00.0110958163533-0.1104155248830.9938235732380.00.859577-0.72162	-0.3412511.040.00.9362156510490.3502861410330.02828204610640.0-0.3512208818040.9298847306370.109353920430.00.0120061199687-0.1123120969830.9936004458310.00.859577-0.72162	-0.3412511.064.00.9414152846490.3361595511210.02709276693740.0-0.337105017090.9356187173630.1047751076010.00.00987265328812-0.1077699954080.9941268323540.00.859577-0.72162	-0.3412511.079.00.999820114205-0.018966792808-1.18316894921e-060.00.01896624629370.999791774794-0.007529180274870.00.0001439873248710.007527803442010.999971655320.00.859577-0.72162	-0.3412511.092.00.985595821395-0.16911793736-1.06000705066e-050.00.1687326214030.983354478352-0.06740380092710.00.01140961540980.06643111596220.9977257777110.00.859577-0.72162	-0.3412511.0100.00.987544674653-0.157338855553-9.85532981092e-060.00.1570289198540.985603274554-0.06267458429920.00.009870860811190.0618924043890.9980340156460.00.859577-0.72162	-0.3412511.0117.00.985828523497-0.167756138931-1.05138938856e-050.00.1673801070060.983622940581-0.06685664171820.00.01122595378380.06590742457440.9977625916760.00.859577-0.72162	-0.3412511.0139.00.943289485781-0.331971302328-2.11080304327e-050.00.3289782795350.934793389521-0.1339201646610.00.04447738311780.1263185391760.9909921236070.00.859577-0.72162	-0.3412511.0149.00.965483243084-0.260465174359-1.6436676006e-050.00.2590400035390.960207058058-0.1044063322940.00.02720999615750.1007983065450.9945347241330.00.859577-0.72162	-0.3412511.0156.00.9988754312770.04726434872660.003735522916920.0-0.04731374077820.9987751799470.01447583693450.0-0.00304675656857-0.0146362994240.9998882417620.00.859577-0.72162	-0.3412511.0160.00.9736389485410.2273735073220.01812418417360.0-0.2280887780890.971108355510.07017172627860.0-0.001645355169-0.07245584881330.9973702636330.00.859577-0.72162	-0.3412511.0165.00.9346277279030.354472849110.02863580763190.0-0.3554019386590.9281333722130.1107154252240.00.0126677635163-0.1136549278690.9934395226380.00.859577-0.72162	-0.3412511.0182.00.9384186750410.3443812320990.02778411980240.0-0.3453219848120.9323143133310.1074371814710.00.0110958163533-0.1104155248830.9938235732380.00.859577-0.72162	-0.3412511.0186.00.9384186750410.3443812320990.02778411980240.0-0.3453219848120.9323143133310.1074371814710.00.0110958163533-0.1104155248830.9938235732380.00.859577-0.72162	-0.3412511.0joint25joint241.00.958340083909-0.2853314487140.01304790971330.00.2856122017370.957785818202-0.03274136022970.0-0.003154963133340.03510400013110.9993786846750.0	-0.657948	-0.4775470.121071.040.00.956844127064-0.2902979684430.01328179283390.00.2905858914780.956268313039-0.03332796350030.0-0.003025917530960.03574916775330.9993562131830.0	-0.657948	-0.4775470.121071.064.00.960374292714-0.2784229493020.01272317554080.00.2786936930050.959849207194-0.03192686844770.0-0.003323157080670.03420761248230.9994092234290.0	-0.657948	-0.4775470.121071.079.00.9999823041410.00578389295580.001392115859720.0-0.005781154249640.999981361589-0.001963346695610.0-0.001403445700020.001955263915980.9999971036370.0	-0.657948	-0.4775470.121071.092.00.9985800499320.05179131346190.01247171714440.0-0.05156826068580.998514594378-0.01758747577440.0-0.01336407005640.01691935767610.9997675414650.0	-0.657948	-0.4775470.121071.0100.00.9987725191780.04815598484160.01159551889080.0-0.04796337881990.998715236248-0.01635210010090.0-0.01236807287310.01577586794640.9997990561930.0	-0.657948	-0.4775470.121071.0117.00.9986030374830.05137069667460.01237032957430.0-0.05115128278690.998538549413-0.01744452937460.0-0.0132483885760.01678740179470.999771305520.0	-0.657948	-0.4775470.121071.0139.00.9943742169380.1029719928950.02483315059820.0-0.102075560140.9941604355-0.03500869190490.0-0.02829305058760.03227688284160.9990784284140.0	-0.657948	-0.4775470.121071.0149.00.9965872123660.0802493788230.0193381836470.0-0.07970885251510.996445199308-0.02726652907340.0-0.02145756227920.0256320497720.9994411293550.0	-0.657948	-0.4775470.121071.0156.00.999241900331-0.03889148719760.001754094246810.00.03889888685420.999233453064-0.004402599061310.0-0.001581526026210.004467493766050.9999887700740.0	-0.657948	-0.4775470.121071.0160.00.982203406334-0.1876273765630.008510942965370.00.1877699296880.981980765963-0.02135951271160.0-0.004349952957470.02257748530510.9997356325880.0	-0.657948	-0.4775470.121071.0165.00.955765608837-0.2938218053570.01344796125080.00.2941147987280.955174213902-0.03374472204840.0-0.002930210662740.03620728923020.9993400052390.0	-0.657948	-0.4775470.121071.0182.00.958340083909-0.2853314487140.01304790971330.00.2856122017370.957785818202-0.03274136022970.0-0.003154963133340.03510400013110.9993786846750.0	-0.657948	-0.4775470.121071.0186.00.958340083909-0.2853314487140.01304790971330.00.2856122017370.957785818202-0.03274136022970.0-0.003154963133340.03510400013110.9993786846750.0	-0.657948	-0.4775470.121071.0joint26joint251.01.00.00.00.00.01.00.00.00.00.01.00.00.413871	-0.684479	-0.0242571.064.01.00.00.00.00.01.00.00.00.00.01.00.00.413871	-0.684479	-0.0242571.092.00.6123621425670.7905773879580.00.0-0.7905773879580.6123621425670.00.00.00.01.00.00.413871	-0.684479	-0.0242571.0139.00.6871835618890.7264838279480.00.0-0.7264838279480.6871835618890.00.00.00.01.00.00.413871	-0.684479	-0.0242571.0153.00.9769020742450.2136874758510.00.0-0.2136874758510.9769020742450.00.00.00.01.00.00.413871	-0.684479	-0.0242571.0165.01.00.00.00.00.01.00.00.00.00.01.00.00.413871	-0.684479	-0.0242571.0186.01.00.00.00.00.01.00.00.00.00.01.00.00.413871	-0.684479	-0.0242571.0joint27joint261.01.00.00.00.00.01.00.00.00.00.01.00.00.376728	-0.058366	-0.1102641.0165.01.00.00.00.00.01.00.00.00.00.01.00.00.376728	-0.058366	-0.1102641.0186.01.00.00.00.00.01.00.00.00.00.01.00.00.376728	-0.058366	-0.1102641.0