joint1root1.01.00.00.00.00.01.00.00.00.00.01.00.0-1.060131671132.525806988560.01.032.00.9645440060440.161943516397-0.2083966360120.0-0.1877325432230.97598828833-0.1104687886130.00.1855029719950.1456748383890.971785721670.0-0.9220735464842.56711361416-0.1671304865641.044.00.959959632170.147345248185-0.2382580165330.0-0.1694407516670.982684706553-0.07497065546520.00.2230859392240.1123394202560.9683039390490.0-0.7929521547822.60165634449-0.2183000683641.054.00.9610258054970.128305735577-0.2448816844650.0-0.138484235660.990055708742-0.02473479453710.00.2392728936630.0576830287440.9692374067030.0-0.66629702392.63504944166-0.2558996578561.066.00.9631128413890.104998318332-0.2477680526180.0-0.09708121226460.9943037041330.04399297867820.00.250975881263-0.01831657978740.9678200297210.0-0.5268812607242.67173234635-0.2953702494981.081.00.9644319562050.0889232179203-0.2489250151450.0-0.05720666484420.9896138695470.1318779234620.00.258066656792-0.1129471137920.959502240820.0-0.4445475809932.69329619135-0.3161173116371.093.00.9559073400030.2932641521230.01540436327020.0-0.2910131384470.9389220967960.183675391380.00.0394019108575-0.1800595268990.9828662453220.0-0.8875206617972.46520181329-0.03526584832931.097.00.9161439354390.3675065049840.1600601710370.0-0.395729841420.8928249625090.2150848179930.0-0.0638606464696-0.2603892377110.9633894657490.0-1.109869583332.322812509590.1057066524291.0105.00.7581000285920.4175137850390.5009656534640.0-0.6072057787860.7321203155540.3087085774030.0-0.23787704567-0.5382212211130.8085372151530.0-1.619355059371.920476202330.4287279649421.0110.00.6071014843810.2374799103450.7583080375710.0-0.7431687101860.5075097454270.4360437208550.0-0.281297095368-0.8282735963910.4845975584530.0-1.928090244461.392635508710.6244706316531.0118.00.3078635452180.007031880507990.9514045355070.0-0.9337841425150.1939319150370.3007284281830.0-0.182393017173-0.9809897884210.06627082540460.0-2.243669337820.7212129882320.8245524297641.0129.00.320263473979-0.02098290948540.9470961011130.0-0.9365837207370.1431356550340.3198798497990.0-0.142275230748-0.9894806222290.02618887069370.0-2.243669337820.7212129882320.8245524297641.0153.00.320263473979-0.02098290948540.9470961011130.0-0.9365837207370.1431356550340.3198798497990.0-0.142275230748-0.9894806222290.02618887069370.0-2.243669337820.7212129882320.8245524297641.0joint2joint1	1.00.9935935505960.1130126374120.00.0-0.1130126374120.9935935505960.00.00.00.01.00.00.3608101989560.5571333954470.01.021.00.9924863020760.1167852811950.03649846967320.0-0.1156875207430.992805747793-0.03087304152870.0-0.03984140731350.02641865335330.9988567049470.00.3608101989560.5571333954470.01.039.00.9674228756060.2499458630560.0402497862680.0-0.2420656525460.959801352532-0.1420759780350.0-0.07414310224860.1277044604470.989037092920.00.3608101989560.5571333954470.01.086.00.9362482837580.3503750211920.02600953067520.0-0.3319380980960.906381328041-0.2613235297690.0-0.1151357902360.2360301521070.9649007809630.00.3608101989560.5571333954470.01.0105.00.9236082414110.333657771893-0.1887334301430.0-0.3540692363720.931216093998-0.08643819834540.00.1469108309580.1466597338530.9782168114550.00.3608101989560.5571333954470.01.0118.00.9849326421390.1637604261540.05558968675930.0-0.1262122784920.900419966241-0.4163103952010.0-0.1182292316060.4030215964690.9075215928970.00.3608101989560.5571333954470.01.0122.00.9134749662230.1425191586410.3811191093410.0-0.02343089042450.953522565055-0.3004092397140.0-0.4062197428220.2654863600110.8743583436950.00.3608101989560.5571333954470.01.0129.00.918556522050.1643741367230.3594927801430.0-0.03162664830030.937086451457-0.3476618150070.0-0.3940224243820.3079774759180.8659654747220.00.3608101989560.5571333954470.01.0153.00.918556522050.1643741367230.3594927801430.0-0.03162664830030.937086451457-0.3476618150070.0-0.3940224243820.3079774759180.8659654747220.00.3608101989560.5571333954470.01.0joint3joint21.00.993449221763-0.114274423117-0.00.00.1142744231170.9934492217630.00.00.0-0.01.00.00.6473359451860.4987670397330.01.022.00.942879494139-0.266740404750.1995690757740.00.2742411498080.961604606593-0.01041020319530.0-0.1891297207840.06454561992890.9798284603260.00.6473359451860.4987670397330.01.062.00.907678922963-0.2202768426750.3572073422950.00.3107233291640.924873748985-0.2192249099720.0-0.2820815228290.309978484770.9079335622490.00.6473359451860.4987670397330.01.085.00.9929160152210.08074962510340.08716240453020.0-0.05030685564350.950283660087-0.3072949489450.0-0.1076429607220.3007332097020.9476141248360.00.6473359451860.4987670397330.01.0104.00.96767387059-0.00422985845669-0.2521693646620.0-0.07998966353630.943090825335-0.3227713569940.00.2391838913970.3325083509720.9122660043160.00.6473359451860.4987670397330.01.0126.00.9810958955250.08916169741870.1717586547980.00.008163443376760.867681918515-0.4970527602520.0-0.1933499469270.4890585649960.8505513024080.00.6473359451860.4987670397330.01.0137.00.984922783870.09291312967640.145925529460.0-0.002389787961950.850753901967-0.5255588332450.0-0.1729780296110.5172861380540.8381489441920.00.6473359451860.4987670397330.01.0153.00.984922783870.09291312967640.145925529460.0-0.002389787961950.850753901967-0.5255588332450.0-0.1729780296110.5172861380540.8381489441920.00.6473359451860.4987670397330.01.0joint4joint3
1.01.00.00.00.00.01.00.00.00.00.01.00.00.5783575247970.1697930348030.01.028.00.925545253286-0.2116670392390.3139475252640.00.06917153393520.909720081380.4094199218740.0-0.372265070901-0.3572204333940.8566284369280.00.5783575247970.1697930348030.01.056.00.9121853757670.383807283455-0.1435611695540.0-0.3843721226280.9228423246070.02490211358630.00.1420419360020.03246556762920.9893280928670.00.5783575247970.1697930348030.01.084.00.917611939989-0.05710959654560.3933533037520.00.1170581611230.984562996586-0.1301272172440.0-0.3798495945830.1654515026690.9101319056930.00.5783575247970.1697930348030.01.0100.00.965068243198-0.189955068927-0.1804448884280.00.1649781414830.975625437443-0.1446969890710.00.203532549740.1098730067060.972883561170.00.5783575247970.1697930348030.01.0120.00.762156695420.351360933682-0.5437487157770.0-0.316767054970.9348925216410.1601081068070.00.564602341930.0502142137470.823834163060.00.5783575247970.1697930348030.01.0129.00.949806634652-0.1056737814920.2944493312560.0-0.1650236458350.6303726828330.7585495877350.0-0.265771618287-0.7690665333010.5812934837670.00.5783575247970.1697930348030.01.0137.00.989624853160.05783012785560.131523101850.0-0.1319444663920.7280988541790.672653489050.0-0.0568621824805-0.683028355820.7281750870150.00.5783575247970.1697930348030.01.0145.00.96062364393-0.04783323258070.2737045790320.0-0.1793408598310.6456556284690.7422706146830.0-0.21222410494-0.7621291172020.6116536094840.00.5783575247970.1697930348030.01.0153.00.976067009969-0.03577781436870.2145067366070.0-0.1288310044030.6995308335750.7028934379990.0-0.175202067212-0.7137062146830.6781796773480.00.5783575247970.1697930348030.01.0joint5joint41.01.00.00.00.00.01.00.00.00.00.01.00.00.270607649217-0.0902025497390.01.031.00.96699144083-0.254808856519-0.00.00.2548088565190.966991440830.00.00.0-0.01.00.00.270607649217-0.0902025497390.01.060.00.814562471472-0.58007583993-0.00.00.580075839930.8145624714720.00.00.0-0.01.00.00.270607649217-0.0902025497390.01.091.00.984152268502-0.17732544206-0.00.00.177325442060.9841522685020.00.00.0-0.01.00.00.270607649217-0.0902025497390.01.0106.00.9969575362830.07794658971890.00.0-0.07794658971890.9969575362830.00.00.00.01.00.00.270607649217-0.0902025497390.01.0126.00.972675538198-0.232168683055-0.00.00.2321686830550.9726755381980.00.00.0-0.01.00.00.270607649217-0.0902025497390.01.0136.00.992916006084-0.118818369211-0.00.00.1188183692110.9929160060840.00.00.0-0.01.00.00.270607649217-0.0902025497390.01.0153.00.992916006084-0.118818369211-0.00.00.1188183692110.9929160060840.00.00.0-0.01.00.00.270607649217-0.0902025497390.01.0joint11joint31.00.991736771663-0.1244777256390.03103983813160.00.1221744224940.9902121907750.06747760909670.0-0.0391354854295-0.0631277519070.9972378355840.00.219801730494-0.0635882765010.6258688974161.038.00.95504734649-0.2961832358910.01265135323680.00.2937895880430.9513117071410.09324008695120.0-0.0396515311134-0.08533186177360.9955632724480.00.219801730494-0.0635882765010.6258688974161.075.00.715454762895-0.5833275137630.38451722190.00.6623030554260.74149151286-0.1074476576290.0-0.2224390816030.3315408693410.9168432292010.00.219801730494-0.0635882765010.6258688974161.098.00.716067301035-0.676628032185-0.17152879190.00.6954127903380.7127717865260.0914189880020.00.060404233487-0.18474546380.9809283573140.00.219801730494-0.0635882765010.6258688974161.0119.00.495735169124-0.8003923107970.3370738656590.00.8589423013270.509203515477-0.05412857671890.0-0.1283151007690.316360441020.9399209042640.00.219801730494-0.0635882765010.6258688974161.0126.00.681064323332-0.724820170510.1038610028120.00.7243501529830.6876738831920.04920859933740.0-0.1070898844780.04171751186610.9933737493240.00.219801730494-0.0635882765010.6258688974161.0153.00.681064323332-0.724820170510.1038610028120.00.7243501529830.6876738831920.04920859933740.0-0.1070898844780.04171751186610.9933737493240.00.219801730494-0.0635882765010.6258688974161.0joint12joint111.00.787590139146-0.568533308069-0.237637645030.00.2354265465360.634025423459-0.7366044417420.00.5694524685220.5241961846710.6332000047940.0-0.153213056372-0.2594601000210.3510980200991.044.00.966461288237-0.05494145970150.2508665269520.00.233471592960.594873481346-0.7691661436070.0-0.1069747335590.8019395096870.5877494612360.0-0.153213056372-0.2594601000210.3510980200991.0101.00.9140940704340.2492183380020.3198784931820.00.1839239723130.448221150794-0.8747969892440.0-0.3613917580770.8584800638250.3638790694850.0-0.153213056372-0.2594601000210.3510980200991.0119.0-0.5812038489070.7756880871080.2459879621740.00.2565568408210.461536085778-0.8492131822770.0-0.772256870117-0.430456075627-0.4672546345540.0-0.153213056372-0.2594601000210.3510980200991.0126.0-0.02746323519450.7619448284260.6470593861060.00.2354265465360.634025423459-0.7366044417420.0-0.971504046260.132105415646-0.1967944289310.0-0.153213056372-0.2594601000210.3510980200991.0153.0-0.02746323519450.7619448284260.6470593861060.00.2354265465360.634025423459-0.7366044417420.0-0.971504046260.132105415646-0.1967944289310.0-0.153213056372-0.2594601000210.3510980200991.0joint13joint121.0-0.2308803994960.9729821381340.00.0-0.972982138134-0.2308803994960.00.00.00.01.00.00.00501800049716-0.8806590872510.01.036.00.6955286052810.7184984058690.00.0-0.7184984058690.6955286052810.00.00.00.01.00.00.00501800049716-0.8806590872510.01.086.0-0.7468023755270.6650460223980.00.0-0.665046022398-0.7468023755270.00.00.00.01.00.00.00501800049716-0.8806590872510.01.0126.0-0.2308803994960.9729821381340.00.0-0.972982138134-0.2308803994960.00.00.00.01.00.00.00501800049716-0.8806590872510.01.0153.0-0.2308803994960.9729821381340.00.0-0.972982138134-0.2308803994960.00.00.00.01.00.00.00501800049716-0.8806590872510.01.0joint14joint131.01.00.00.00.00.01.00.00.00.00.01.00.0-0.00752700074573-0.8480420840190.01.0126.01.00.00.00.00.01.00.00.00.00.01.00.0-0.00752700074573-0.8480420840190.01.0153.01.00.00.00.00.01.00.00.00.00.01.00.0-0.00752700074573-0.8480420840190.01.0joint15joint141.01.00.00.00.00.01.00.00.00.00.01.00.00.095342009446-0.1982110196380.01.0126.01.00.00.00.00.01.00.00.00.00.01.00.00.095342009446-0.1982110196380.01.0153.01.00.00.00.00.01.00.00.00.00.01.00.00.095342009446-0.1982110196380.01.0joint16joint141.01.00.00.00.00.01.00.00.00.00.01.00.0-0.102869010192-0.2383550236150.01.0126.01.00.00.00.00.01.00.00.00.00.01.00.0-0.102869010192-0.2383550236150.01.0153.01.00.00.00.00.01.00.00.00.00.01.00.0-0.102869010192-0.2383550236150.01.0joint22joint31.00.985218179719-0.168169494250.03262145849590.00.1673234482120.9855281567750.02714987811540.0-0.0367151471345-0.02129021857520.9990989563420.00.219801888256-0.0635914603997	-0.6258691.029.00.978362484215-0.09382245115830.1844022698890.00.1160011439080.986754207117-0.1134013639640.0-0.1713201216830.1323385144080.9762868090430.00.219801888256-0.0635914603997	-0.6258691.069.00.9051059036610.02636923673760.4243677255780.00.1010489461270.956138598566-0.2749328842070.0-0.4130041327220.2917252880460.8627421066980.00.219801888256-0.0635914603997	-0.6258691.084.00.9352011056440.04168597099670.3516549044510.00.0705158273040.951236716762-0.300293567670.0-0.3470250856950.3056321130160.8866581085130.00.219801888256-0.0635914603997	-0.6258691.0104.00.8453449315860.488099543546-0.217142308710.0-0.482466949490.8720677868980.08199644934270.00.2293852420950.03544870442880.9726899814760.00.219801888256-0.0635914603997	-0.6258691.0117.00.9553570192510.219734059433-0.1975092628050.0-0.2376101477250.968717953133-0.07160268833060.00.1755972194160.1153363360060.9776825385220.00.219801888256-0.0635914603997	-0.6258691.0124.00.9950602086220.0559029072077-0.08203685868750.0-0.0802026423060.939698291578-0.3324675276950.00.05850399460480.3374047803020.939539938930.00.219801888256-0.0635914603997	-0.6258691.0153.00.9950602086220.0559029072077-0.08203685868750.0-0.0802026423060.939698291578-0.3324675276950.00.05850399460480.3374047803020.939539938930.00.219801888256-0.0635914603997	-0.6258691.0joint17joint221.00.807123099221-0.5758669316240.1301137185950.00.3398880492650.6334436823930.6951440247910.0-0.48273016963-0.5168427016980.7069973161410.0-0.153213214133-0.259456916122-0.3510979175151.038.00.484743991201-0.7605269202850.4319977621670.00.3211361473440.6141648517810.7208835618220.0-0.813569196728-0.2107138779450.5419454066390.0-0.153213214133-0.259456916122-0.3510979175151.092.00.534029499238-0.7753607956240.3370877193730.00.2947819424070.5444382359150.7852965132390.0-0.79241157259-0.320004131040.5193084398920.0-0.153213214133-0.259456916122-0.3510979175151.0121.00.4712019170630.632751835814-0.6144866700180.00.3481169037930.5067053675260.7887105247270.00.810421726418-0.5855551082480.01848893061160.0-0.153213214133-0.259456916122-0.3510979175151.0129.00.902570983396-0.0119999695925-0.4303738150270.00.3398880492650.6334436823930.6951440247910.00.264275867036-0.7736957425020.5758065335990.0-0.153213214133-0.259456916122-0.3510979175151.0153.00.902570983396-0.0119999695925-0.4303738150270.00.3398880492650.6334436823930.6951440247910.00.264275867036-0.7736957425020.5758065335990.0-0.153213214133-0.259456916122-0.3510979175151.0joint18joint171.0-0.3590477362660.9333191967820.00.0-0.933319196782-0.3590477362660.00.00.00.01.00.00.005018	-0.8806620.01.024.00.106359707860.9943277188850.00.0-0.9943277188850.106359707860.00.00.00.01.00.00.005018	-0.8806620.01.052.0-0.5189884553720.8547812487360.00.0-0.854781248736-0.5189884553720.00.00.00.01.00.00.005018	-0.8806620.01.080.0-0.4734461031710.8808227900050.00.0-0.880822790005-0.4734461031710.00.00.00.01.00.00.005018	-0.8806620.01.0103.00.2156449454940.9764718416230.00.0-0.9764718416230.2156449454940.00.00.00.01.00.00.005018	-0.8806620.01.0126.0-0.3590477362660.9333191967820.00.0-0.933319196782-0.3590477362660.00.00.00.01.00.00.005018	-0.8806620.01.0153.0-0.3590477362660.9333191967820.00.0-0.933319196782-0.3590477362660.00.00.00.01.00.00.005018	-0.8806620.01.0joint19joint181.01.00.00.00.00.01.00.00.00.00.01.00.0	-0.007527-0.848040.01.0126.01.00.00.00.00.01.00.00.00.00.01.00.0	-0.007527-0.848040.01.0153.01.00.00.00.00.01.00.00.00.00.01.00.0	-0.007527-0.848040.01.0joint20joint191.01.00.00.00.00.01.00.00.00.00.01.00.00.095342-0.198210.01.0126.01.00.00.00.00.01.00.00.00.00.01.00.00.095342-0.198210.01.0153.01.00.00.00.00.01.00.00.00.00.01.00.00.095342-0.198210.01.0joint21joint191.01.00.00.00.00.01.00.00.00.00.01.00.0
-0.1028694-0.238350.01.0126.01.00.00.00.00.01.00.00.00.00.01.00.0
-0.1028694-0.238350.01.0153.01.00.00.00.00.01.00.00.00.00.01.00.0
-0.1028694-0.238350.01.0joint6joint11.00.997634798845-0.06782052525960.01118858736540.00.06699189894850.9957837383590.06266443884490.0-0.0153913485112-0.06176668012760.9979719352850.0-0.00530603233759-0.1804050994780.396787296911.032.00.901458770313-0.3852113304410.1974444639030.00.3484346911920.9163893005440.1970378537810.0-0.256837207975-0.1088250005670.9603081629620.0-0.00530603233759-0.1804050994780.396787296911.073.00.818278345833-0.44462090720.3643251262560.00.4746427769940.8801415450810.008068139160690.0-0.3242449428880.1663223060890.9312368697110.0-0.00530603233759-0.1804050994780.396787296911.081.00.815153399868-0.4267843943450.3916376072690.00.478396873580.877242968005-0.03976438652080.0-0.3265905173650.219772281760.9192599078270.0-0.00530603233759-0.1804050994780.396787296911.093.00.920971766899-0.379041150480.09021535799080.00.3894388257560.902745748909-0.1827225049630.0-0.01218218241270.203415631330.979016687990.0-0.00530603233759-0.1804050994780.396787296911.0105.00.9968663049160.0588216974849-0.05289213578060.0-0.07071001708940.962353159823-0.2624433067590.00.03546355320110.2653608932840.9634967216910.0-0.00530603233759-0.1804050994780.396787296911.0110.00.9184051649420.202059943586-0.3401525131560.0-0.2888104325970.930004044898-0.2273345783110.00.2704080010480.3070248453640.9124775379690.0-0.00530603233759-0.1804050994780.396787296911.0114.00.7949002202370.214192641417-0.5676752172060.0-0.2857034470770.957533488343-0.0387705949160.00.5352636548430.1930055208130.8223391567590.0-0.00530603233759-0.1804050994780.396787296911.0118.00.7652075780980.141587323956-0.628021012480.0-0.1555866938210.9872706515340.03300668607540.00.6247000425220.07245474666940.7774960878090.0-0.00530603233759-0.1804050994780.396787296911.0122.00.7425298344420.128240958341-0.6574220117750.0-0.1779692729520.983994296168-0.009064380460250.00.6457370849250.1237314903810.7534680719450.0-0.00530603233759-0.1804050994780.396787296911.0129.00.7334205478850.130381648783-0.6671543491580.0-0.193659941810.980839405204-0.02121056664210.00.6516058063570.1447573378440.7446174764680.0-0.00530603233759-0.1804050994780.396787296911.0153.00.7334205478850.130381648783-0.6671543491580.0-0.193659941810.980839405204-0.02121056664210.00.6516058063570.1447573378440.7446174764680.0-0.00530603233759-0.1804050994780.396787296911.0joint7joint61.00.9384185637130.344381531278-0.02778417162660.0-0.3453222859610.932314183163-0.1074373430980.0-0.01109585945760.1104156908590.9938235543170.00.859577238689-0.7216203979120.3412503935311.032.00.9073139165560.419062480996-0.03417738792130.0-0.4197318785390.897996893309-0.1320103395370.0-0.02462939222870.1341201574270.9906589606970.00.859577238689-0.7216203979120.3412503935311.073.00.8934422931990.447677038289-0.03668975486720.0-0.448105275610.882688468769-0.1416429633730.0-0.03102467879390.1429906867280.9892376523440.00.859577238689-0.7216203979120.3412503935311.081.00.8976239714470.439293556056-0.03594965215980.0-0.4398018175340.887303254907-0.1388066825680.0-0.02907863781570.140406928030.9896667759320.00.859577238689-0.7216203979120.3412503935311.093.00.992887006890.118688845523-0.009399441319940.0-0.1189552439420.992231556711-0.03641686155920.00.005004147037050.03727594150890.9992924810570.00.859577238689-0.7216203979120.3412503935311.0105.00.87730564314-0.4799320863693.14284413981e-050.00.470483341720.8600464655150.197396814360.0-0.0947640948785-0.1731625526180.9803236693520.00.859577238689-0.7216203979120.3412503935311.0110.00.857162163599-0.5150466232683.39702513003e-050.00.5032072280480.8374726029540.2131246699510.0-0.109797590748-0.1826653091360.9770250119130.00.859577238689-0.7216203979120.3412503935311.0114.00.860937093387-0.5087114310753.35072403466e-050.00.4973329739150.8416941790740.210263696270.0-0.106991748682-0.1810071512560.9776447089350.00.859577238689-0.7216203979120.3412503935311.0118.00.882618765849-0.470089473643.07261884939e-050.00.4612420555250.8660198708730.1930423514890.0-0.0907737868915-0.1703686298170.9811904247330.00.859577238689-0.7216203979120.3412503935311.0129.00.873508356028-0.4868091524723.19216636297e-050.00.476922971680.8557821840780.2004528186320.0-0.0976095847398-0.175081987890.979703356370.00.859577238689-0.7216203979120.3412503935311.0153.00.873508356028-0.4868091524723.19216636297e-050.00.476922971680.8557821840780.2004528186320.0-0.0976095847398-0.175081987890.979703356370.00.859577238689-0.7216203979120.3412503935311.0joint8joint7
1.00.958339952108-0.285331891159-0.01304791481980.00.2856126447810.9577856787710.03274157423530.00.00315489065611-0.03510420814520.9993786775970.0-0.657948009861-0.477542910383-0.1210699969981.032.00.937181769215-0.348471940805-0.01605110348230.00.3488399940010.936316595830.04027270736820.00.000995006073832-0.04334211398480.9990597935650.0-0.657948009861-0.477542910383-0.1210699969981.081.00.930574162575-0.365713916163-0.01688370433860.00.3661033822680.9296095597850.04236012095970.00.000203567232465-0.04560041535230.9989597392690.0-0.657948009861-0.477542910383-0.1210699969981.093.00.995203293804-0.0977288231206-0.004413743768590.00.0977724393910.9951471403560.0110778669450.00.00330969759035-0.01145627216710.9999288973370.0-0.657948009861-0.477542910383-0.1210699969981.0105.00.9877059148820.151946994864-0.03673059296370.0-0.1499653567030.9873356751620.05175573728390.00.0441295535501-0.04561113136870.9979840716160.0-0.657948009861-0.477542910383-0.1210699969981.0110.00.9856428982380.164109748695-0.0396997170720.0-0.1617897064590.9852389646220.05593097061840.00.0482925256763-0.048704958410.9976450566160.0-0.657948009861-0.477542910383-0.1210699969981.0114.00.9860305067960.161896327273-0.03915889276450.0-0.1596399406670.9856324338270.05517059662670.00.0475281917488-0.04814856803460.9977087683210.0-0.657948009861-0.477542910383-0.1210699969981.0118.00.9882478993060.148581780152-0.03591022312350.0-0.1466888731920.9878875610040.0506017914240.00.0429937669852-0.04473948390980.998073100820.0-0.657948009861-0.477542910383-0.1210699969981.0129.00.9873180075570.154309292288-0.03730675900350.0-0.1522641016890.9869409549570.05256609901010.00.0449310058939-0.04621897599310.9979203429970.0-0.657948009861-0.477542910383-0.1210699969981.0153.00.9873180075570.154309292288-0.03730675900350.0-0.1522641016890.9869409549570.05256609901010.00.0449310058939-0.04621897599310.9979203429970.0-0.657948009861-0.477542910383-0.1210699969981.0joint9joint81.01.00.00.00.00.01.00.00.00.00.01.00.00.413870522332-0.6844781715490.02425755870131.081.00.957328949960.287077332651-0.03328493121860.0-0.2766278573740.9435847458710.1820023513140.00.0836559029166-0.1650285806680.9827345813950.00.413870522332-0.6844781715490.02425755870131.0126.01.00.00.00.00.01.00.00.00.00.01.00.00.413870522332-0.6844781715490.02425755870131.0153.01.00.00.00.00.01.00.00.00.00.01.00.00.413870522332-0.6844781715490.02425755870131.0joint10joint91.01.00.00.00.00.01.00.00.00.00.01.00.00.376728295969-0.05836635571350.1102633695961.0126.01.00.00.00.00.01.00.00.00.00.01.00.00.376728295969-0.05836635571350.1102633695961.0153.01.00.00.00.00.01.00.00.00.00.01.00.00.376728295969-0.05836635571350.1102633695961.0joint23joint11.00.997634765231-0.067821011322-0.01118863819960.00.0669923794210.99578369972-0.06266453919020.00.01539143596310.06176676934780.9979719284140.0-0.00530596760284-0.18040102522	-0.3967871.032.00.944961213356-0.2749134636840.1774003741210.00.269387553460.96145986210.05500254185510.0-0.185684278532-0.004185815921720.9826005432780.0-0.00530596760284-0.18040102522	-0.3967871.044.00.924481093853-0.3134784567280.2169469158010.00.3186971143790.9477875877380.01143843594670.0-0.2092052972420.05856573826320.9761163854310.0-0.00530596760284-0.18040102522	-0.3967871.054.00.968735391703-0.01350833821950.2477282092540.0-0.00705380501810.9966132939630.08192793254050.0-0.247995936855-0.08111391430660.965359284520.0-0.00530596760284-0.18040102522	-0.3967871.066.00.928491394256-0.2383033226390.2848074037150.00.2342600730080.9709529316010.04870957615410.0-0.2881422374210.02149258091060.9573463949790.0-0.00530596760284-0.18040102522	-0.3967871.073.00.92328584278-0.2392892784460.3004727836970.00.2501776168410.9681972056630.002308891067440.0-0.2914694024310.07303979851590.9537875944250.0-0.00530596760284-0.18040102522	-0.3967871.097.00.868101216018-0.4952763803780.03319014594470.00.4963461921080.865227199203-0.07086854972230.00.006382501772290.07799487674650.9969333292010.0-0.00530596760284-0.18040102522	-0.3967871.0114.00.720398827824-0.6911852215540.0573456046780.00.6682784778510.66964154806-0.3240124583310.00.1855516233070.2717410285870.9443131940570.0-0.00530596760284-0.18040102522	-0.3967871.0118.00.612920654491-0.7889661799840.04313511491720.00.7392511671460.553311622545-0.3838671127210.00.2789910091220.2671677660140.9223802912210.0-0.00530596760284-0.18040102522	-0.3967871.0122.00.615574187812-0.7851494364220.06788800915180.00.7306673899490.536330845501-0.4224622935010.00.2952855983040.3096604376590.9038345140470.0-0.00530596760284-0.18040102522	-0.3967871.0129.00.623272746997-0.7784618994070.0743515569640.00.7228821618270.537275028893-0.4344846642180.00.2982825220540.3245498644280.8976051038940.0-0.00530596760284-0.18040102522	-0.3967871.0153.00.623272746997-0.7784618994070.0743515569640.00.7228821618270.537275028893-0.4344846642180.00.2982825220540.3245498644280.8976051038940.0-0.00530596760284-0.18040102522	-0.3967871.0joint24joint231.00.9384186750410.3443812320990.02778411980240.0-0.3453219848120.9323143133310.1074371814710.00.0110958163533-0.1104155248830.9938235732380.00.859577-0.72162	-0.3412511.032.00.9611878636640.2750149742540.02201487409130.0-0.2758846714220.9574074269710.08519781014830.00.00235346960558-0.08796466743030.9961208151950.00.859577-0.72162	-0.3412511.044.00.9553923401880.2943941321580.0236129469030.0-0.2953062127940.9510241634740.09136345645130.00.00444038239739-0.09426099638950.9955376173520.00.859577-0.72162	-0.3412511.054.00.997039020369-0.0768972810815-4.80138739391e-060.00.07686124340610.996573668565-0.03054950711620.00.002353958971870.03045868160730.999533254870.00.859577-0.72162	-0.3412511.066.00.5697181908440.8183204996040.07597856900870.0-0.797915993350.5286204252340.2896385913210.00.196853373296-0.225636889610.9541156866280.00.859577-0.72162	-0.3412511.073.00.5617583345580.8237345949450.07673910766740.0-0.8025162492390.520044399170.2924405796030.00.200985679245-0.225865313810.9531996730780.00.859577-0.72162	-0.3412511.097.00.2571741542360.9608329761810.10325427970.0-0.8998352147810.1991385345930.3881242459310.00.352360668396-0.1927273616370.91580463170.00.859577-0.72162	-0.3412511.0114.00.9556829712650.2934555284560.02353531923610.0-0.294365899980.9513443417920.0910640448750.00.00433305462462-0.09395635240980.9955668879990.00.859577-0.72162	-0.3412511.0118.00.9203096949170.3899076818040.03165541204320.0-0.390737804310.91233770630.1223269305860.00.0188157839115-0.1249476263640.9919849076180.00.859577-0.72162	-0.3412511.0129.00.9066054986270.4205821041180.03430981719320.0-0.4212408892850.8972151167960.1325184794150.00.0249516142666-0.1345946800130.9905865378940.00.859577-0.72162	-0.3412511.0153.00.9066054986270.4205821041180.03430981719320.0-0.4212408892850.8972151167960.1325184794150.00.0249516142666-0.1345946800130.9905865378940.00.859577-0.72162	-0.3412511.0joint25joint241.00.958340083909-0.2853314487140.01304790971330.00.2856122017370.957785818202-0.03274136022970.0-0.003154963133340.03510400013110.9993786846750.0	-0.657948	-0.4775470.121071.032.00.973778548487-0.2272629764020.01033818472540.00.2274598217250.973441798279-0.02594407184540.0-0.004167494142460.02761530227810.9996099374620.0	-0.657948	-0.4775470.121071.044.00.969852882334-0.2434387528070.01108874479260.00.2436587337330.96946174699-0.02782701204940.0-0.003975940790880.02968997735760.999551247880.0	-0.657948	-0.4775470.121071.054.00.9997086012420.02346909082340.005649281237260.0-0.02342372309980.999693879542-0.007967207989620.0-0.005834535004620.007832559155690.9999523034720.0	-0.657948	-0.4775470.121071.066.00.701979222917-0.7113018957150.03570411385170.00.7111434118080.697332527614-0.08945609969910.00.03873265334080.0881870686920.9953506027930.0	-0.657948	-0.4775470.121071.073.00.696298064318-0.7168462413870.03606205537040.00.7166468811480.691559237647-0.09034970152540.00.03982779642890.08875408179270.9952569816870.0	-0.657948	-0.4775470.121071.097.00.473239832185-0.8795946245060.04855262890910.00.8768947581620.465082493043-0.1214654591750.00.08425938725630.1000578393020.9914074764970.0	-0.657948	-0.4775470.121071.0114.00.970049808574-0.2426545195860.01105228523770.00.2428733706350.969661417811-0.02773554840620.0-0.003986818399690.0295891691910.9995541938010.0	-0.657948	-0.4775470.121071.0118.00.946031531992-0.3237334261220.01486638113160.00.3240685587440.9452979108-0.03730186418790.0-0.001977298730620.04010646643090.9991934555630.0	-0.657948	-0.4775470.121071.0129.00.936699045345-0.3497645761220.01611334045880.00.3501342842940.935826650204-0.04042850146550.0-0.0009388357468740.04351117165660.9990524993860.0	-0.657948	-0.4775470.121071.0153.00.936699045345-0.3497645761220.01611334045880.00.3501342842940.935826650204-0.04042850146550.0-0.0009388357468740.04351117165660.9990524993860.0	-0.657948	-0.4775470.121071.0joint26joint251.01.00.00.00.00.01.00.00.00.00.01.00.00.413871	-0.684479	-0.0242571.045.00.9946773766370.1013282739770.01869484687780.0-0.102272401050.9929790857850.0594381289870.0-0.0125408289429-0.06103372909040.9980569179770.00.413871	-0.684479	-0.0242571.067.00.994847535346-0.06748026565670.07566237613180.00.07167797204120.995953748769-0.05420699804490.0-0.07169832452070.05935102408440.9956589808770.00.413871	-0.684479	-0.0242571.082.00.998899666604-0.0257251510070.0392131695110.00.02935843032050.995035916519-0.09508736722560.0-0.03657237518330.09613397652470.9946962953240.00.413871	-0.684479	-0.0242571.097.00.978681145766-0.1997248699770.04788727634440.00.2050240699480.963859356857-0.1701184027130.0-0.01217972351650.1763097175770.9842593854380.00.413871	-0.684479	-0.0242571.0126.01.00.00.00.00.01.00.00.00.00.01.00.00.413871	-0.684479	-0.0242571.0153.01.00.00.00.00.01.00.00.00.00.01.00.00.413871	-0.684479	-0.0242571.0joint27joint261.01.00.00.00.00.01.00.00.00.00.01.00.00.376728	-0.058366	-0.1102641.0126.01.00.00.00.00.01.00.00.00.00.01.00.00.376728	-0.058366	-0.1102641.0153.01.00.00.00.00.01.00.00.00.00.01.00.00.376728	-0.058366	-0.1102641.0