joint1root1.01.00.00.00.00.01.00.00.00.00.01.00.0-1.060131671132.525806988560.01.017.00.977613482570.1753681571920.1162664532040.0-0.1744260883070.984500045181-0.0183084886480.0-0.117675054348-0.002381277285920.9930492994320.0-1.104365041862.576934217984.00588892256e-181.030.00.9218043383320.2926937481390.2541793296730.0-0.2885196518540.95592565836-0.05442927689110.0-0.258907652121-0.02316258813520.9656243173120.0-1.136751535662.637795819356.93889390391e-181.047.00.8955170848870.2329284683610.3792011066750.0-0.1975621911960.971598173237-0.13025425280.0-0.3987710261370.04172910722340.9161006223790.0-1.134426557732.704310233090.04552358086711.064.00.8565820626090.1749568688690.4854454285010.0-0.08944957939470.976868837555-0.1942319411440.0-0.5081987236930.1229527073710.8524181421040.0-1.118151709772.741129717040.09104716173411.068.00.8437022393840.1754274873490.5073378834080.0-0.08019529672520.975679364139-0.2040061096550.0-0.5307873827080.1314342994640.8372513238460.0-1.105473928162.729351065910.08325648435041.077.00.8131468709290.1846708371560.5519862753750.0-0.07198250324610.97295991846-0.2194709919250.0-0.577590413290.1387287964840.8044523823710.0-1.051921168752.66009157390.04279364461561.089.00.7728318037260.1913272226280.6050825538970.0-0.05625157438040.97036998863-0.2349847772660.0-0.6321129357390.1475668629760.7606952460890.0-0.89671737762.549927785160.01.0103.00.7519569506460.118975699520.6483868654590.00.06147107793250.966637423208-0.248663223320.0-0.6563398898080.2268410786820.7195561646380.0-0.4002623850432.497190026180.01.0107.00.7472016025460.0731734817690.6605568913560.00.1268628698730.959940207386-0.2498411705280.0-0.6523768676160.2704818659530.7079858634120.0-0.224764036722.478914447580.01.0114.00.719268539408-0.09116468008520.6887247413320.00.3492233383820.90444575377-0.2449917109150.0-0.6005795768650.4167335834710.682376210210.00.1666658523432.365555918580.01.0115.00.705627815935-0.1362840034220.6953531878040.00.4088951757830.879769392399-0.2425088687420.0-0.578700372040.4554475673540.6765156264210.00.2444595892492.30904252732-9.8990847539e-191.0122.00.454221619644-0.4748232190370.7538074229610.00.8499055307630.484635198267-0.2068557791790.0-0.2671016829350.7346234649560.6236866646870.00.936517822961.58554349133-4.15941528318e-171.0129.00.152282903987-0.5833168532170.7978416922590.00.9844771092260.0182519260629-0.1745614178570.00.08726246938010.8120396024510.5770415457220.01.505228671670.985551356227-9.60258596844e-171.0132.00.101924098976-0.5849235737360.8046588661890.00.983657197657-0.0614261736451-0.1692493506310.00.1484250502630.8087590729510.5691034759820.01.597936612940.887445100002-1.11022302463e-161.0146.00.182768391522-0.5879977996430.7879430833980.00.971887709314-0.0129363648428-0.2350891978590.00.1484250502630.8087590729510.5691034759820.01.434794324660.887445100002-5.55111512313e-171.0161.00.182768391522-0.5879977996430.7879430833980.00.971887709314-0.0129363648428-0.2350891978590.00.1484250502630.8087590729510.5691034759820.01.434794324660.887445100002-5.55111512313e-171.0joint2joint1	1.00.9935935505960.1130126374120.00.0-0.1130126374120.9935935505960.00.00.00.01.00.00.3608101989560.5571333954470.01.014.00.9916182026610.129145098032-0.003857953679140.0-0.1291168738230.9916057973740.006839262248110.00.00470882642774-0.006283810019590.9999691698670.00.3608101989560.5571333954470.01.038.00.9617200703610.06656927350030.2658252021360.0-0.07343141875920.9971727459160.01594808893860.0-0.264011994053-0.03485751895090.9638893195640.00.3608101989560.5571333954470.01.064.00.916480553680.2125352208630.3389574820240.0-0.2532316561690.9640762124350.08019217499970.0-0.309737183821-0.1593293334880.9373777469350.00.3608101989560.5571333954470.01.090.00.9880993227950.127122020437-0.0866009250070.0-0.1112930224690.9794899757250.1679680047020.00.106177170059-0.1563309930050.9819811755750.00.3608101989560.5571333954470.01.0116.00.7583763877080.650362914688-0.04351245528680.0-0.6145236572350.7356478344420.2849261981290.00.217315276189-0.1893418677420.9575613441730.00.3608101989560.5571333954470.01.0132.00.5955683560320.797265678346-0.09831465518790.0-0.7510902511750.5960748466720.2838277853820.00.284889044862-0.09519566847670.9538217951070.00.3608101989560.5571333954470.01.0148.00.6943022410120.706550903174-0.1368583915960.0-0.6608953247250.7012300663320.267383177910.00.284889044862-0.09519566847670.9538217951070.00.3608101989560.5571333954470.01.0161.00.6943022410120.706550903174-0.1368583915960.0-0.6608953247250.7012300663320.267383177910.00.284889044862-0.09519566847670.9538217951070.00.3608101989560.5571333954470.01.0joint3joint2	1.00.993449221763-0.114274423117-0.00.00.1142744231170.9934492217630.00.00.0-0.01.00.00.6473359451860.4987670397330.01.023.00.996987227793-0.0775479924446-0.001666279155280.00.0775658920870.9967566626790.02144033093290.0-1.77977128352e-06-0.02150498252890.9997687411210.00.6473359451860.4987670397330.01.044.00.9825154047860.154844940470.1033756439810.0-0.157829815780.9872366342730.02129735196040.0-0.0987584356331-0.03724073522790.9944143497710.00.6473359451860.4987670397330.01.069.00.9776311285530.0646332129865-0.2001497545910.0-0.05142085334390.9961836503880.07052680725140.00.203944287307-0.05865733098890.9772236413410.00.6473359451860.4987670397330.01.090.00.927819122461-0.313942918221-0.2014733731680.00.3380702670950.9359599136650.09842527377830.00.157671083279-0.1594330082240.974536271970.00.6473359451860.4987670397330.01.0118.00.8340529884880.549393067820.05022817362380.0-0.5443605552530.8047767278840.2366558770480.00.0895946330927-0.2247257779790.9702943504080.00.6473359451860.4987670397330.01.0132.00.995492977387-0.0102040339368-0.09428472656970.00.03108912501010.9743686173120.2227987071390.00.0895946330927-0.2247257779790.9702943504080.00.6473359451860.4987670397330.01.0145.00.9947105127820.0693293203514-0.07579209127890.0-0.05023741117730.9719525554530.2297486288680.00.0895946330927-0.2247257779790.9702943504080.00.6473359451860.4987670397330.01.0161.00.9947105127820.0693293203514-0.07579209127890.0-0.05023741117730.9719525554530.2297486288680.00.0895946330927-0.2247257779790.9702943504080.00.6473359451860.4987670397330.01.0joint4joint31.01.00.00.00.00.01.00.00.00.00.01.00.00.5783575247970.1697930348030.01.034.00.828827709616-0.499434886264-0.2522090842060.00.5312590229350.8439080256740.07472010943550.00.175523440952-0.1959184488160.9647836457410.00.5783575247970.1697930348030.01.053.00.590317608075-0.550249613801-0.5905510004290.00.4568095198390.830936051248-0.3176009151780.00.665469897276-0.08228390637630.7418754441080.00.5783575247970.1697930348030.01.062.00.523000592395-0.361665698161-0.771795506030.00.3729646015240.91132449409-0.1743131448880.00.766399234319-0.1966865253260.6115117532730.00.5783575247970.1697930348030.01.076.00.831529303059-0.372986848095-0.4116306952860.00.3693300975520.924747606079-0.09185392802770.00.414914807154-0.0756483720890.9067100013810.00.5783575247970.1697930348030.01.092.00.7552363804940.104672704833-0.6470406744870.0-0.02817954463180.9914388387640.1274948714830.00.654846487997-0.07805545370540.7517203092270.00.5783575247970.1697930348030.01.0106.00.8317468888-0.496472845523-0.2484186519370.00.4893650777910.866975973362-0.09420447044760.00.262142964069-0.04321313772410.9640610411780.00.5783575247970.1697930348030.01.0117.00.9912030721180.0706666007199-0.1119048764180.0-0.09094277913350.977956884086-0.1879620807280.00.09615550294610.196485532320.9757804849670.00.5783575247970.1697930348030.01.0128.00.5600710920970.7126693924080.422401123250.0-0.3848662646310.675339951593-0.6291215368530.0-0.7336200175480.1897848437260.6525207911980.00.5783575247970.1697930348030.01.0140.00.950203926518-0.1044847417410.293590593810.00.3057425827160.494818199822-0.8134349526780.0-0.060282428160.8626922324140.5021236311780.00.5783575247970.1697930348030.01.0153.00.8724587384480.1664766416370.4594575905290.00.2676691728390.623819298251-0.734304226490.0-0.4088630132660.7636327722920.4996959330080.00.5783575247970.1697930348030.01.0161.00.8935724216310.1044302719090.4366035336660.00.3177967822490.539767572519-0.7795230418970.0-0.3170702327450.8353114903830.4491338125120.00.5783575247970.1697930348030.01.0166.00.9021287243310.07303027464120.4252415122290.00.3371235549460.495790511244-0.8003371025140.0-0.2692795451520.8653660196390.4226466356380.00.5783575247970.1697930348030.01.0joint5joint41.01.00.00.00.00.01.00.00.00.00.01.00.00.270607649217-0.0902025497390.01.031.00.974337672850.225013667623-0.005911738102640.0-0.2244258456160.973140063690.0512977217930.00.0172956377151-0.04865455605160.9986659076450.00.270607649217-0.0902025497390.01.052.00.9214019224030.388610604890.0005432853208350.0-0.3856388846340.9141815674540.1247185326490.00.0479702829875-0.1151254076870.9921920139040.00.270607649217-0.0902025497390.01.067.00.940766430183-0.317946261715-0.1177654384880.00.3320866997810.9341218872510.130899669930.00.0683882129396-0.1622543510080.9843762379850.00.270607649217-0.0902025497390.01.0100.00.842028173431-0.508379570916-0.1803850521090.00.5386284978950.8106326279390.2296825717720.00.0294600815474-0.2905597260380.956403235670.00.270607649217-0.0902025497390.01.0115.00.9997804643140.01988964332540.006589784815730.0-0.02094522976740.9402029562050.3399701435310.00.000566149731605-0.3400335325090.9404131412540.00.270607649217-0.0902025497390.01.0124.00.9626241942860.2521534576710.09885997349380.0-0.2708284505060.8996307864950.3425148148430.0-0.00257118084097-0.3564871411080.9342966912360.00.270607649217-0.0902025497390.01.0132.00.906322595133-0.395383840657-0.1491675973470.00.4224211965070.8377769029020.3459627056570.0-0.0118188955678-0.3765653721620.9263146518310.00.270607649217-0.0902025497390.01.0140.00.888445746574-0.309880349279-0.3385828178220.00.4391860656790.7882690178870.4309844024480.00.133340748114-0.5316071148610.8364293875290.00.270607649217-0.0902025497390.01.0151.00.903935964781-0.361409333457-0.2286549043120.00.4245865302820.8224503088660.3785521995030.00.051244998574-0.4392707401310.8968919483340.00.270607649217-0.0902025497390.01.0161.00.894097126997-0.349301521298-0.2803190587790.00.4411081512630.7951573124720.4161110997220.00.0775495092513-0.4956947605550.8650276168850.00.270607649217-0.0902025497390.01.0166.00.890016125105-0.34487122972-0.2982199389110.00.4476866074570.784861937340.4284488777190.00.0863017876763-0.514835482680.8529340110570.00.270607649217-0.0902025497390.01.0joint11joint3
1.00.991736771663-0.1244777256390.03103983813160.00.1221744224940.9902121907750.06747760909670.0-0.0391354854295-0.0631277519070.9972378355840.00.219801730494-0.0635882765010.6258688974161.031.00.991736771663-0.1244777256390.03103983813160.00.1221744224940.9902121907750.06747760909670.0-0.0391354854295-0.0631277519070.9972378355840.00.219801730494-0.0635882765010.6258688974161.055.00.9122592942540.127189820424-0.389365804390.0-0.06907812633860.984725633170.1598237774510.00.403746445816-0.1189040661940.9071111456340.00.219801730494-0.0635882765010.6258688974161.076.00.8962363311080.0254339301608-0.4428471000230.0-0.09535875355180.986059788631-0.1363554229450.00.433205663540.164436031460.8861679550930.00.219801730494-0.0635882765010.6258688974161.097.00.8831692961230.304438214369-0.3568324088660.0-0.431611996450.825299892297-0.3641307077060.00.1836384461540.4756022092110.860278710470.00.219801730494-0.0635882765010.6258688974161.0117.00.998313475138-0.0413906171064-0.04070653723170.0-0.01558189467630.484417171168-0.8746983530540.00.05592325022870.8738574375110.4829552453290.00.219801730494-0.0635882765010.6258688974161.0132.00.959727525602-0.08775139134790.266875944810.00.2226525060420.816886023563-0.5320931178480.0-0.1713153179230.5700850092960.8035260692850.00.219801730494-0.0635882765010.6258688974161.0142.00.900352315539-0.0154608467463-0.4348869624630.0-0.05002899002330.989064595726-0.1387383351450.00.4322763098530.1466703368080.8897331084320.00.219801730494-0.0635882765010.6258688974161.0152.00.900352315539-0.0154608467463-0.4348869624630.0-0.05002899002330.989064595726-0.1387383351450.00.4322763098530.1466703368080.8897331084320.00.219801730494-0.0635882765010.6258688974161.0161.00.900352315539-0.0154608467463-0.4348869624630.0-0.05002899002330.989064595726-0.1387383351450.00.4322763098530.1466703368080.8897331084320.00.219801730494-0.0635882765010.6258688974161.0joint12joint111.00.787590139146-0.568533308069-0.237637645030.00.2354265465360.634025423459-0.7366044417420.00.5694524685220.5241961846710.6332000047940.0-0.153213056372-0.2594601000210.3510980200991.038.00.962857764475-0.2564387031010.08452287821940.00.2321857435510.626581237588-0.7439662177780.00.1378212823990.7359586566210.662850020640.0-0.153213056372-0.2594601000210.3510980200991.074.00.9001852595870.1457361799080.4103991523970.00.2346298591460.631604969124-0.7389343625620.0-0.366899615180.7614697163010.5343674237230.0-0.153213056372-0.2594601000210.3510980200991.0112.00.9183425645080.1157846805240.3784717188480.00.2287981224560.624974277181-0.7463635655780.0-0.3229525559160.7720110495440.5474491629460.0-0.153213056372-0.2594601000210.3510980200991.0132.00.96695101947-0.229130242660.1118260159530.00.2354265465360.634025423459-0.7366044417420.00.0978778173620.7385872286370.667014871320.0-0.153213056372-0.2594601000210.3510980200991.0161.00.96695101947-0.229130242660.1118260159530.00.2354265465360.634025423459-0.7366044417420.00.0978778173620.7385872286370.667014871320.0-0.153213056372-0.2594601000210.3510980200991.0174.00.96695101947-0.229130242660.1118260159530.00.2354265465360.634025423459-0.7366044417420.00.0978778173620.7385872286370.667014871320.0-0.153213056372-0.2594601000210.3510980200991.0joint13joint121.0-0.2308803994960.9729821381340.00.0-0.972982138134-0.2308803994960.00.00.00.01.00.00.00501800049716-0.8806590872510.01.030.0-0.3621418934760.9321229795420.00.0-0.932122979542-0.3621418934760.00.00.00.01.00.00.00501800049716-0.8806590872510.01.059.0-0.2158990678820.9764156863180.00.0-0.976415686318-0.2158990678820.00.00.00.01.00.00.00501800049716-0.8806590872510.01.089.00.05354858246210.9985652453980.00.0-0.9985652453980.05354858246210.00.00.00.01.00.00.00501800049716-0.8806590872510.01.0132.00.9913114682260.1315354437520.00.0-0.1315354437520.9913114682260.00.00.00.01.00.00.00501800049716-0.8806590872510.01.0154.00.9913114682260.1315354437520.00.0-0.1315354437520.9913114682260.00.00.00.01.00.00.00501800049716-0.8806590872510.01.0161.00.9913114682260.1315354437520.00.0-0.1315354437520.9913114682260.00.00.00.01.00.00.00501800049716-0.8806590872510.01.0joint14joint131.01.00.00.00.00.01.00.00.00.00.01.00.0-0.00752700074573-0.8480420840190.01.034.01.00.00.00.00.01.00.00.00.00.01.00.0-0.00752700074573-0.8480420840190.01.054.00.7097674914170.00.7044360213160.0-0.01.00.00.0-0.704436021316-0.00.7097674914170.0-0.00752700074573-0.8480420840190.01.080.00.1518060727460.00.9884102975370.0-0.01.00.00.0-0.988410297537-0.00.1518060727460.0-0.00752700074573-0.8480420840190.01.099.00.9620378086690.00.2729162045220.0-0.01.00.00.0-0.272916204522-0.00.9620378086690.0-0.00752700074573-0.8480420840190.01.0132.01.00.00.00.00.01.00.00.00.00.01.00.0-0.00752700074573-0.8480420840190.01.0142.00.6326667028250.00.7744242010270.0-0.01.00.00.0-0.774424201027-0.00.6326667028250.0-0.00752700074573-0.8480420840190.01.0161.00.6326667028250.00.7744242010270.0-0.01.00.00.0-0.774424201027-0.00.6326667028250.0-0.00752700074573-0.8480420840190.01.0joint15joint141.01.00.00.00.00.01.00.00.00.00.01.00.00.095342009446-0.1982110196380.01.031.01.00.00.00.00.01.00.00.00.00.01.00.00.095342009446-0.1982110196380.01.055.00.7983277895130.6022231650230.00.0-0.6022231650230.7983277895130.00.00.00.01.00.00.095342009446-0.1982110196380.01.076.00.9602376419360.2791839375920.00.0-0.2791839375920.9602376419360.00.00.00.01.00.00.095342009446-0.1982110196380.01.095.00.6133131082940.7898398769340.00.0-0.7898398769340.6133131082940.00.00.00.01.00.00.095342009446-0.1982110196380.01.0132.00.9315484600720.3636171978030.00.0-0.3636171978030.9315484600720.00.00.00.01.00.00.095342009446-0.1982110196380.01.0161.00.9315484600720.3636171978030.00.0-0.3636171978030.9315484600720.00.00.00.01.00.00.095342009446-0.1982110196380.01.0joint16joint141.01.00.00.00.00.01.00.00.00.00.01.00.0-0.102869010192-0.2383550236150.01.032.01.00.00.00.00.01.00.00.00.00.01.00.0-0.102869010192-0.2383550236150.01.058.00.86389937861-0.50366443555-0.00.00.503664435550.863899378610.00.00.0-0.01.00.0-0.102869010192-0.2383550236150.01.075.00.9999688582420.007891929213380.00.0-0.007891929213380.9999688582420.00.00.00.01.00.0-0.102869010192-0.2383550236150.01.097.00.933895956858-0.357544880768-0.00.00.3575448807680.9338959568580.00.00.0-0.01.00.0-0.102869010192-0.2383550236150.01.0132.00.867070706627-0.498185095833-0.00.00.4981850958330.8670707066270.00.00.0-0.01.00.0-0.102869010192-0.2383550236150.01.0161.00.867070706627-0.498185095833-0.00.00.4981850958330.8670707066270.00.00.0-0.01.00.0-0.102869010192-0.2383550236150.01.0joint22joint31.00.985218179719-0.168169494250.03262145849590.00.1673234482120.9855281567750.02714987811540.0-0.0367151471345-0.02129021857520.9990989563420.00.219801888256-0.0635914603997	-0.6258691.033.00.978455494439-0.002271653175830.206445355950.00.01035504354920.999220924251-0.03808303574440.0-0.206198007930.03940030622050.977716726560.00.219801888256-0.0635914603997	-0.6258691.062.00.990629283387-0.128758789271-0.04554994051620.00.09653848672150.896039618703-0.4333512689440.00.09661233605040.4248931346810.9000732640310.00.219801888256-0.0635914603997	-0.6258691.098.00.936360480176-0.0357903977736-0.3492106793770.00.1664729943970.9210873525940.3519727702930.00.309056294711-0.3877075396720.8684279304470.00.219801888256-0.0635914603997	-0.6258691.0132.00.838341869821-0.443023271253-0.3176685228870.00.4488335591990.891663599445-0.05902932797920.00.309404824529-0.09309353658040.9463626408550.00.219801888256-0.0635914603997	-0.6258691.0161.00.838341869821-0.443023271253-0.3176685228870.00.4488335591990.891663599445-0.05902932797920.00.309404824529-0.09309353658040.9463626408550.00.219801888256-0.0635914603997	-0.6258691.0joint17joint221.00.807123099221-0.5758669316240.1301137185950.00.3398880492650.6334436823930.6951440247910.0-0.48273016963-0.5168427016980.7069973161410.0-0.153213214133-0.259456916122-0.3510979175151.054.00.875346750296-0.481041206071-0.04865618981610.00.300661750710.4627607084410.8339394692560.0-0.378643075212-0.744615259570.549706773480.0-0.153213214133-0.259456916122-0.3510979175151.096.00.613272529655-0.7375700701720.282643230870.00.08375892747360.4165429981130.9052493428840.0-0.785417880137-0.5314906606030.3172324561770.0-0.153213214133-0.259456916122-0.3510979175151.0124.0-0.824054348418-0.2428085945330.5118382725770.00.2709643039970.6245086675630.7325075222130.0-0.4975065595680.742315910216-0.4488366213080.0-0.153213214133-0.259456916122-0.3510979175151.0132.0-0.232172548463-0.6597553020510.7147159219970.00.3398880492650.6334436823930.6951440247910.0-0.911357241540.4043167602910.07717470855750.0-0.153213214133-0.259456916122-0.3510979175151.0145.0-0.414814000012-0.5623902381340.7152947402610.00.3398880492650.6334436823930.6951440247910.0-0.8440411479070.531475607425-0.07161158671040.0-0.153213214133-0.259456916122-0.3510979175151.0161.0-0.414814000012-0.5623902381340.7152947402610.00.3398880492650.6334436823930.6951440247910.0-0.8440411479070.531475607425-0.07161158671040.0-0.153213214133-0.259456916122-0.3510979175151.0joint18joint171.0-0.3590477362660.9333191967820.00.0-0.933319196782-0.3590477362660.00.00.00.01.00.00.005018	-0.8806620.01.033.00.3628380488840.9318522148290.00.0-0.9318522148290.3628380488840.00.00.00.01.00.00.005018	-0.8806620.01.068.0-0.2373364604890.971427508630.00.0-0.97142750863-0.2373364604890.00.00.00.01.00.00.005018	-0.8806620.01.0132.00.7920782644020.6104195467560.00.0-0.6104195467560.7920782644020.00.00.00.01.00.00.005018	-0.8806620.01.0161.00.7920782644020.6104195467560.00.0-0.6104195467560.7920782644020.00.00.00.01.00.00.005018	-0.8806620.01.0joint19joint181.01.00.00.00.00.01.00.00.00.00.01.00.0	-0.007527-0.848040.01.0132.01.00.00.00.00.01.00.00.00.00.01.00.0	-0.007527-0.848040.01.0161.01.00.00.00.00.01.00.00.00.00.01.00.0	-0.007527-0.848040.01.0joint20joint191.01.00.00.00.00.01.00.00.00.00.01.00.00.095342-0.198210.01.0132.01.00.00.00.00.01.00.00.00.00.01.00.00.095342-0.198210.01.0161.01.00.00.00.00.01.00.00.00.00.01.00.00.095342-0.198210.01.0joint21joint191.01.00.00.00.00.01.00.00.00.00.01.00.0
-0.1028694-0.238350.01.0132.01.00.00.00.00.01.00.00.00.00.01.00.0
-0.1028694-0.238350.01.0161.01.00.00.00.00.01.00.00.00.00.01.00.0
