joint1root1.01.00.00.00.00.01.00.00.00.00.01.00.0-1.060131671132.525806988560.01.025.00.999307419682-0.0372113016341-0.00.00.03721130163410.9993074196820.00.00.0-0.01.00.0-1.060131671132.39350523198-0.0574511240041.043.00.9944769512860.1049551969220.00.0-0.1049551969220.9944769512860.00.00.00.01.00.0-1.060131671132.454567982560.09986786609571.063.00.9056486465670.4240289246880.00.0-0.4240289246880.9056486465670.00.00.00.01.00.0-0.8312089007582.638815880220.2795847618341.077.00.990719201630.082060089846-0.1083586875920.0-0.08985259457880.993555159278-0.06909889086410.00.1019900719170.07819390721570.9917074861590.0-0.7398592728962.451738953830.5577867337171.088.00.966636750317-0.160629836824-0.1995280643390.00.1396158888860.983464024222-0.1153512749430.00.2147575295710.08364549349510.9730789458780.0-0.7054408901232.289246665340.7008659616871.0151.00.9660703878740.013207407244-0.2579410205190.0-0.03365952274560.996612598605-0.07503575701630.00.2560762429450.08117199453240.9632424747190.0-0.6801005132622.15366641850.7396485869571.0165.00.992726950782-0.020174445925-0.1186852683480.00.01955511720080.999788420159-0.006380619587940.00.1187888824020.004013308695090.9929114234270.0-0.7659085328182.237692804630.5726418091461.0176.00.998962861498-0.0439644926761-0.0118458740090.00.04435700417820.9983951574130.03520746845190.00.010278984757-0.03569640091370.999309816540.0-0.870116173742.339736783380.3698241347671.0183.00.999357748298-0.0355603838081-0.004421540551290.00.03567214043140.9989577595480.02847618365750.00.00340430822262-0.02861562059550.9995846922310.0-0.9361230229092.404373131450.2413560518561.0201.01.00.00.00.00.01.00.00.00.00.01.00.0-1.060131671132.525806988560.01.0204.01.00.00.00.00.01.00.00.00.00.01.00.0-1.060131671132.525806988560.01.0joint2joint11.00.9935935505960.1130126374120.00.0-0.1130126374120.9935935505960.00.00.00.01.00.00.3608101989560.5571333954470.01.028.00.9935935505960.1130126374120.00.0-0.1130126374120.9935935505960.00.00.00.01.00.00.3608101989560.5571333954470.01.047.00.9509115162490.2825353621770.1262579002850.0-0.2828934259880.959026695246-0.01546309602150.0-0.125453568294-0.02101349388590.9918769254690.00.3608101989560.5571333954470.01.066.00.9454891905920.2813238394520.1640338008740.0-0.2756573520120.959575197315-0.05681958271980.0-0.1733874700070.008505178086160.9848169612630.00.3608101989560.5571333954470.01.091.00.9518729868090.2450744588170.1840552270910.0-0.2654629729530.9593855972490.09543943514740.0-0.153190166051-0.1397060679640.9782714283880.00.3608101989560.5571333954470.01.0151.00.9594995245370.07974089855560.2701889181850.0-0.09581095660780.9942988554620.04679793393520.0-0.264916822808-0.07078965407630.9616693308350.00.3608101989560.5571333954470.01.0201.00.9935935505960.1130126374120.00.0-0.1130126374120.9935935505960.00.00.00.01.00.00.3608101989560.5571333954470.01.0204.00.9935935505960.1130126374120.00.0-0.1130126374120.9935935505960.00.00.00.01.00.00.3608101989560.5571333954470.01.0joint3joint21.00.993449221763-0.114274423117-0.00.00.1142744231170.9934492217630.00.00.0-0.01.00.00.6473359451860.4987670397330.01.030.00.993449221763-0.114274423117-0.00.00.1142744231170.9934492217630.00.00.0-0.01.00.00.6473359451860.4987670397330.01.050.00.968572883526-0.181164167172-0.1704292047470.00.20590651960.9683877046640.1408110742880.00.13953162539-0.1714782726430.9752569546160.00.6473359451860.4987670397330.01.073.00.9985058704530.0538605733046-0.009223085888420.0-0.05306882124070.9960407119450.07132040633780.00.0130279270083-0.07072438611520.9974108152240.00.6473359451860.4987670397330.01.0101.00.989147947388-0.146623735277-0.009371148916630.00.1468751999530.988438520580.03764261776340.00.00374350334923-0.03861050746590.9992473241880.00.6473359451860.4987670397330.01.0165.00.993449221763-0.114274423117-0.00.00.1142744231170.9934492217630.00.00.0-0.01.00.00.6473359451860.4987670397330.01.0204.00.993449221763-0.114274423117-0.00.00.1142744231170.9934492217630.00.00.0-0.01.00.00.6473359451860.4987670397330.01.0joint4joint31.01.00.00.00.00.01.00.00.00.00.01.00.00.5783575247970.1697930348030.01.026.01.00.00.00.00.01.00.00.00.00.01.00.00.5783575247970.1697930348030.01.057.00.881514038069-0.472157813329-0.00.00.4721578133290.8815140380690.00.00.0-0.01.00.00.5783575247970.1697930348030.01.078.00.8646453796670.4169636599130.2802314645650.0-0.3216956363710.887973337192-0.328656766210.0-0.385875996870.1940223150750.901917433190.00.5783575247970.1697930348030.01.091.050.9700448000630.2429260913776.93889390391e-180.0-0.2317026319830.9252276362820.3004458543440.00.0729861370662-0.2914459387070.9537988721990.00.5783575247970.1697930348030.01.0104.340.9853174730840.1707321798490.00.0-0.1617536019720.933500939883-0.3200183861690.0-0.05463743666230.31531970760.947411332270.00.5783575247970.1697930348030.01.0117.10.9984783774890.05514462519120.00.0-0.0535555657430.9697060085750.2383318239570.00.0131427191033-0.2379691728890.9711837836830.00.5783575247970.1697930348030.01.0129.850.9999358896070.01132328024770.00.0-0.01111341771670.981403355569-0.1916349279860.0-0.002169935994840.1916226421960.9814662777580.00.5783575247970.1697930348030.01.0143.01.00.00.00.00.00.9949451326130.1004200333080.00.0-0.1004200333080.9949451326130.00.5783575247970.1697930348030.01.0152.01.00.0-0.00.0-0.00.99520082831-0.09785351976610.00.00.09785351976610.995200828310.00.5783575247970.1697930348030.01.0161.00.996434568565-0.00678234935314-0.08409607782150.00.005031869833350.999766608162-0.02100974751090.00.08421894593070.02051167817960.9962361367690.00.5783575247970.1697930348030.01.0179.00.992804165629-0.00564510435152-0.119616142330.00.002440381227790.999634577576-0.02692128998970.00.1197244054010.02643565985760.9924551489310.00.5783575247970.1697930348030.01.0204.01.00.00.00.00.01.00.00.00.00.01.00.00.5783575247970.1697930348030.01.0joint5joint4	1.01.00.00.00.00.01.00.00.00.00.01.00.00.270607649217-0.0902025497390.01.024.01.00.00.00.00.01.00.00.00.00.01.00.00.270607649217-0.0902025497390.01.052.00.9836736807230.1799613565550.00.0-0.1799613565550.9836736807230.00.00.00.01.00.00.270607649217-0.0902025497390.01.075.00.952200545280.305473602080.00.0-0.305473602080.952200545280.00.00.00.01.00.00.270607649217-0.0902025497390.01.091.00.915043246407-0.403355745223-0.00.00.4033557452230.9150432464070.00.00.0-0.01.00.00.270607649217-0.0902025497390.01.0135.00.908185902906-0.418567038553-0.00.00.4185670385530.9081859029060.00.00.0-0.01.00.00.270607649217-0.0902025497390.01.0165.00.9879340778590.1548749747540.00.0-0.1548749747540.9879340778590.00.00.00.01.00.00.270607649217-0.0902025497390.01.0201.01.00.00.00.00.01.00.00.00.00.01.00.00.270607649217-0.0902025497390.01.0204.01.00.00.00.00.01.00.00.00.00.01.00.00.270607649217-0.0902025497390.01.0joint11joint31.00.991736771663-0.1244777256390.03103983813160.00.1221744224940.9902121907750.06747760909670.0-0.0391354854295-0.0631277519070.9972378355840.00.219801730494-0.0635882765010.6258688974161.021.00.991736771663-0.1244777256390.03103983813160.00.1221744224940.9902121907750.06747760909670.0-0.0391354854295-0.0631277519070.9972378355840.00.219801730494-0.0635882765010.6258688974161.045.00.987162136498-0.105165989934-0.1202124403990.00.1222938125510.981793471890.145347177360.00.102738209433-0.1581824677890.982050491170.00.219801730494-0.0635882765010.6258688974161.074.00.992877166548-0.093449301450.07390642871590.00.107316512130.97090312407-0.2140801015850.0-0.05175034658170.220486624830.9740161959120.00.219801730494-0.0635882765010.6258688974161.0101.00.9953878084130.09016712422420.03275668743090.0-0.08177008227980.976005225765-0.2018104380910.0-0.05016736495250.198201132660.9788766758410.00.219801730494-0.0635882765010.6258688974161.0138.00.9984832712370.03001453943740.04615500496140.0-0.02352931137250.990547630069-0.135136094630.0-0.0497747784220.1338451343450.9897514594310.00.219801730494-0.0635882765010.6258688974161.0165.00.991736771663-0.1244777256390.03103983813160.00.1221744224940.9902121907750.06747760909670.0-0.0391354854295-0.0631277519070.9972378355840.00.219801730494-0.0635882765010.6258688974161.0204.00.991736771663-0.1244777256390.03103983813160.00.1221744224940.9902121907750.06747760909670.0-0.0391354854295-0.0631277519070.9972378355840.00.219801730494-0.0635882765010.6258688974161.0joint12joint111.00.787590139146-0.568533308069-0.237637645030.00.2354265465360.634025423459-0.7366044417420.00.5694524685220.5241961846710.6332000047940.0-0.153213056372-0.2594601000210.3510980200991.0165.00.787590139146-0.568533308069-0.237637645030.00.2354265465360.634025423459-0.7366044417420.00.5694524685220.5241961846710.6332000047940.0-0.153213056372-0.2594601000210.3510980200991.0204.00.787590139146-0.568533308069-0.237637645030.00.2354265465360.634025423459-0.7366044417420.00.5694524685220.5241961846710.6332000047940.0-0.153213056372-0.2594601000210.3510980200991.0joint13joint12	1.0-0.2308803994960.9729821381340.00.0-0.972982138134-0.2308803994960.00.00.00.01.00.00.00501800049716-0.8806590872510.01.020.0-0.2308803994960.9729821381340.00.0-0.972982138134-0.2308803994960.00.00.00.01.00.00.00501800049716-0.8806590872510.01.055.00.05372430037740.9985558069280.00.0-0.9985558069280.05372430037740.00.00.00.01.00.00.00501800049716-0.8806590872510.01.079.0-0.4246825253730.9053423400250.00.0-0.905342340025-0.4246825253730.00.00.00.01.00.00.00501800049716-0.8806590872510.01.0101.00.5514949701780.8341782170910.00.0-0.8341782170910.5514949701780.00.00.00.01.00.00.00501800049716-0.8806590872510.01.0140.00.6109807438090.7916454576980.00.0-0.7916454576980.6109807438090.00.00.00.01.00.00.00501800049716-0.8806590872510.01.0168.00.3654852540780.9308171297580.00.0-0.9308171297580.3654852540780.00.00.00.01.00.00.00501800049716-0.8806590872510.01.0189.0-0.2308803994960.9729821381340.00.0-0.972982138134-0.2308803994960.00.00.00.01.00.00.00501800049716-0.8806590872510.01.0204.0-0.2308803994960.9729821381340.00.0-0.972982138134-0.2308803994960.00.00.00.01.00.00.00501800049716-0.8806590872510.01.0joint14joint131.01.00.00.00.00.01.00.00.00.00.01.00.0-0.00752700074573-0.8480420840190.01.0165.01.00.00.00.00.01.00.00.00.00.01.00.0-0.00752700074573-0.8480420840190.01.0204.01.00.00.00.00.01.00.00.00.00.01.00.0-0.00752700074573-0.8480420840190.01.0joint15joint141.01.00.00.00.00.01.00.00.00.00.01.00.00.095342009446-0.1982110196380.01.0165.01.00.00.00.00.01.00.00.00.00.01.00.00.095342009446-0.1982110196380.01.0204.01.00.00.00.00.01.00.00.00.00.01.00.00.095342009446-0.1982110196380.01.0joint16joint141.01.00.00.00.00.01.00.00.00.00.01.00.0-0.102869010192-0.2383550236150.01.0165.01.00.00.00.00.01.00.00.00.00.01.00.0-0.102869010192-0.2383550236150.01.0204.01.00.00.00.00.01.00.00.00.00.01.00.0-0.102869010192-0.2383550236150.01.0joint22joint31.00.985218179719-0.168169494250.03262145849590.00.1673234482120.9855281567750.02714987811540.0-0.0367151471345-0.02129021857520.9990989563420.00.219801888256-0.0635914603997	-0.6258691.018.00.985218179719-0.168169494250.03262145849590.00.1673234482120.9855281567750.02714987811540.0-0.0367151471345-0.02129021857520.9990989563420.00.219801888256-0.0635914603997	-0.6258691.053.00.944191231076-0.144109091220.2962017707360.00.210601417570.955525675424-0.2064406125830.0-0.2532784279740.2572999289430.9325485426990.00.219801888256-0.0635914603997	-0.6258691.079.00.974136520343-0.2228305509910.03747779715970.00.2088372646810.9511825234840.2272417300990.0-0.0862846256031-0.213537707590.9731169563940.00.219801888256-0.0635914603997	-0.6258691.0107.00.893141246564-0.1555593208890.4220189703930.00.1443682338820.9877890034070.05857215886460.0-0.4259771434390.008612922437950.9046929262650.00.219801888256-0.0635914603997	-0.6258691.0138.00.9860149753360.04226369454890.1612087111060.0-0.05293858011040.9966395877970.06250630985610.0-0.158025235799-0.07016631783850.984938938560.00.219801888256-0.0635914603997	-0.6258691.0165.00.985218179719-0.168169494250.03262145849590.00.1673234482120.9855281567750.02714987811540.0-0.0367151471345-0.02129021857520.9990989563420.00.219801888256-0.0635914603997	-0.6258691.0204.00.985218179719-0.168169494250.03262145849590.00.1673234482120.9855281567750.02714987811540.0-0.0367151471345-0.02129021857520.9990989563420.00.219801888256-0.0635914603997	-0.6258691.0joint17joint221.00.807123099221-0.5758669316240.1301137185950.00.3398880492650.6334436823930.6951440247910.0-0.48273016963-0.5168427016980.7069973161410.0-0.153213214133-0.259456916122-0.3510979175151.0165.00.807123099221-0.5758669316240.1301137185950.00.3398880492650.6334436823930.6951440247910.0-0.48273016963-0.5168427016980.7069973161410.0-0.153213214133-0.259456916122-0.3510979175151.0204.00.807123099221-0.5758669316240.1301137185950.00.3398880492650.6334436823930.6951440247910.0-0.48273016963-0.5168427016980.7069973161410.0-0.153213214133-0.259456916122-0.3510979175151.0joint18joint17	1.0-0.3590477362660.9333191967820.00.0-0.933319196782-0.3590477362660.00.00.00.01.00.00.005018	-0.8806620.01.020.0-0.3590477362660.9333191967820.00.0-0.933319196782-0.3590477362660.00.00.00.01.00.00.005018	-0.8806620.01.055.0-0.08042782138150.9967604353840.00.0-0.996760435384-0.08042782138150.00.00.00.01.00.00.005018	-0.8806620.01.079.0-0.5420512479550.8403454317070.00.0-0.840345431707-0.5420512479550.00.00.00.01.00.00.005018	-0.8806620.01.0101.00.4348668092460.9004947852240.00.0-0.9004947852240.4348668092460.00.00.00.01.00.00.005018	-0.8806620.01.0140.00.4995107275170.8663077011630.00.0-0.8663077011630.4995107275170.00.00.00.01.00.00.005018	-0.8806620.01.0168.00.2375949111080.971364328260.00.0-0.971364328260.2375949111080.00.00.00.01.00.00.005018	-0.8806620.01.0189.0-0.3590477362660.9333191967820.00.0-0.933319196782-0.3590477362660.00.00.00.01.00.00.005018	-0.8806620.01.0204.0-0.3590477362660.9333191967820.00.0-0.933319196782-0.3590477362660.00.00.00.01.00.00.005018	-0.8806620.01.0joint19joint181.01.00.00.00.00.01.00.00.00.00.01.00.0	-0.007527-0.848040.01.0165.01.00.00.00.00.01.00.00.00.00.01.00.0	-0.007527-0.848040.01.0204.01.00.00.00.00.01.00.00.00.00.01.00.0	-0.007527-0.848040.01.0joint20joint191.01.00.00.00.00.01.00.00.00.00.01.00.00.095342-0.198210.01.0165.01.00.00.00.00.01.00.00.00.00.01.00.00.095342-0.198210.01.0204.01.00.00.00.00.01.00.00.00.00.01.00.00.095342-0.198210.01.0joint21joint191.01.00.00.00.00.01.00.00.00.00.01.00.0
-0.1028694-0.238350.01.0165.01.00.00.00.00.01.00.00.00.00.01.00.0
-0.1028694-0.238350.01.0204.01.00.00.00.00.01.00.00.00.00.01.00.0
-0.1028694-0.238350.01.0joint6joint11.00.997634798845-0.06782052525960.01118858736540.00.06699189894850.9957837383590.06266443884490.0-0.0153913485112-0.06176668012760.9979719352850.0-0.00530603233759-0.1804050994780.396787296911.025.00.9993296998950.03062639630750.02005429524960.0-0.03083948659330.9994702013360.01040397560420.0-0.0197250342307-0.01101546598780.9997447586930.0-0.00530603233759-0.1804050994780.396787296911.043.00.991781703915-0.127940327788-0.0005694781643330.00.1276263590510.9890159799190.07455805751540.0-0.00897575931305-0.07401799774790.9972165119740.0-0.00530603233759-0.1804050994780.396787296911.063.00.956769480119-0.28534271880.05631780127190.00.28825535290.904503096303-0.3142976301250.00.03874291466470.3169442878570.9476525233220.0-0.00530603233759-0.1804050994780.396787296911.077.00.958170421113-0.2048955957930.1998180145270.00.2242944437970.971265587324-0.07959372690140.0-0.1777679571430.1210824252520.9765949005130.0-0.00530603233759-0.1804050994780.396787296911.088.00.9428177256280.1193540749810.3112062676550.0-0.09585078412840.991335658883-0.08981224086580.0-0.3192293273240.05484720788620.9460890129170.0-0.00530603233759-0.1804050994780.396787296911.0151.00.938880384243-0.008655928890160.3441347105110.00.06161402558220.987766383015-0.1432525198310.0-0.3386847146460.1557005057190.9279278078510.0-0.00530603233759-0.1804050994780.396787296911.0165.00.9712587680730.05878505717560.2306528180940.0-0.001560261571590.970574917177-0.2407943016980.0-0.2380209466110.2335136980980.9427711184460.0-0.00530603233759-0.1804050994780.396787296911.0176.00.9815266096910.1743166997070.07886192156350.0-0.1445524213460.9456761629-0.2912064429320.0-0.1253399854480.2744271909370.953404219060.0-0.00530603233759-0.1804050994780.396787296911.0183.00.9819537878290.1861003546830.03366625245950.0-0.1724773489690.954254832923-0.2442320166070.0-0.07757784903140.2340178878420.9691322435610.0-0.00530603233759-0.1804050994780.396787296911.0201.00.997634798845-0.06782052525960.01118858736540.00.06699189894850.9957837383590.06266443884490.0-0.0153913485112-0.06176668012760.9979719352850.0-0.00530603233759-0.1804050994780.396787296911.0204.00.997634798845-0.06782052525960.01118858736540.00.06699189894850.9957837383590.06266443884490.0-0.0153913485112-0.06176668012760.9979719352850.0-0.00530603233759-0.1804050994780.396787296911.0joint7joint61.00.9384185637130.344381531278-0.02778417162660.0-0.3453222859610.932314183163-0.1074373430980.0-0.01109585945760.1104156908590.9938235543170.00.859577238689-0.7216203979120.3412503935311.025.00.9807951226840.194427114072-0.01546042151420.0-0.1950095319210.978972125045-0.05987370746610.00.003494249552450.06173876982250.9980862259950.00.859577238689-0.7216203979120.3412503935311.043.00.9785744833890.205244289112-0.01633285787460.0-0.2058717296040.976532946025-0.06324742111380.00.002968401832660.06525478614220.997864219960.00.859577238689-0.7216203979120.3412503935311.063.00.99220086104-0.1246493132337.84644046585e-060.00.1244955806420.9909802805250.04958763970540.0-0.00618884090189-0.04919992196550.9987697762380.00.859577238689-0.7216203979120.3412503935311.077.00.7902987323580.610516087636-0.05194247173430.0-0.6072086271010.769022084786-0.1997566426580.0-0.08200973605280.1894073384230.9784678141590.00.859577238689-0.7216203979120.3412503935311.088.00.9410147280740.337271690239-0.02718618236720.0-0.338216762180.935177037512-0.1051348195920.0-0.01003510481950.1081282362460.9940863047030.00.859577238689-0.7216203979120.3412503935311.0151.00.9909613479110.133728467301-0.01059735722090.0-0.1340544015980.990123166653-0.04105523438020.00.005002435321320.0421047727810.9991006774840.00.859577238689-0.7216203979120.3412503935311.0165.00.936763263680.348828974605-0.02815908904860.0-0.3497654114340.930488672724-0.1088806084550.0-0.01177899760780.1118444294940.99365591570.00.859577238689-0.7216203979120.3412503935311.0176.00.9903867816370.137893322526-0.01092951791680.0-0.1382362505810.989493790702-0.04234119963660.00.004976121416440.04344502001620.9990434267090.00.859577238689-0.7216203979120.3412503935311.0183.00.999685856724-0.02506367619271.57377247163e-060.00.02506241987870.9996363723360.009949784527770.0-0.000250951377795-0.009946619427310.9999504996680.00.859577238689-0.7216203979120.3412503935311.0201.00.9384185637130.344381531278-0.02778417162660.0-0.3453222859610.932314183163-0.1074373430980.0-0.01109585945760.1104156908590.9938235543170.00.859577238689-0.7216203979120.3412503935311.0204.00.9384185637130.344381531278-0.02778417162660.0-0.3453222859610.932314183163-0.1074373430980.0-0.01109585945760.1104156908590.9938235543170.00.859577238689-0.7216203979120.3412503935311.0joint8joint71.00.958339952108-0.285331891159-0.01304791481980.00.2856126447810.9577856787710.03274157423530.00.00315489065611-0.03510420814520.9993786775970.0-0.657948009861-0.477542910383-0.1210699969981.025.00.987039973533-0.160310272481-0.007259971391850.00.1604184561440.9868809080510.01822065458060.00.00424376905901-0.01914914781740.9998076317780.0-0.657948009861-0.477542910383-0.1210699969981.043.00.985539557931-0.16927183977-0.007669681463080.00.1693909596710.985360943050.0192487582430.00.00429913183828-0.02026958739290.99978530760.0-0.657948009861-0.477542910383-0.1210699969981.063.00.9992319213270.0380977656222-0.009172112901110.0-0.03797762072830.9991948693070.01293497096580.00.00965752164368-0.01257670086550.9998742715320.0-0.657948009861-0.477542910383-0.1210699969981.077.00.856853566028-0.514982181048-0.0243991718660.00.5154497051010.8547323713830.06118966270840.0-0.0106568239304-0.06500712663880.9978278937720.0-0.657948009861-0.477542910383-0.1210699969981.088.00.960102368325-0.279357199957-0.01276703444090.00.2796292991560.95957338490.03203707298680.00.00330111944916-0.03432890654190.9994051374620.0-0.657948009861-0.477542910383-0.1210699969981.0151.00.993904032314-0.110136330426-0.004976270757140.00.1101908777990.9938319673810.01248963814360.00.0035700140433-0.0129618413560.999909618750.0-0.657948009861-0.477542910383-0.1210699969981.0165.00.957215960752-0.289072187901-0.01322401840910.00.2893583436570.9566455037850.03318326452170.00.00305833887607-0.03559003049340.9993617944930.0-0.657948009861-0.477542910383-0.1210699969981.0176.00.993516310645-0.113573766722-0.00513225040870.00.1136315216270.9934394569950.01288109385230.00.00363562571087-0.01338076226460.9999038640920.0-0.657948009861-0.477542910383-0.1210699969981.0183.00.9999690964310.00764341067906-0.001839689361430.0-0.007638624831740.9999674593030.002594560951770.00.00185946079154-0.002580428073740.9999949418850.0-0.657948009861-0.477542910383-0.1210699969981.0201.00.958339952108-0.285331891159-0.01304791481980.00.2856126447810.9577856787710.03274157423530.00.00315489065611-0.03510420814520.9993786775970.0-0.657948009861-0.477542910383-0.1210699969981.0204.00.958339952108-0.285331891159-0.01304791481980.00.2856126447810.9577856787710.03274157423530.00.00315489065611-0.03510420814520.9993786775970.0-0.657948009861-0.477542910383-0.1210699969981.0joint9joint81.01.00.00.00.00.01.00.00.00.00.01.00.00.413870522332-0.6844781715490.02425755870131.040.01.00.00.00.00.01.00.00.00.00.01.00.00.413870522332-0.6844781715490.02425755870131.078.00.997234082205-0.0734100081305-0.01162566107810.00.07432486319680.9849592576960.1559842151950.08.67361737988e-19-0.1564168513480.9876911301690.00.413870522332-0.6844781715490.02425755870131.0165.00.99487962241-0.07858869305520.06354804667820.00.0585732726340.9607534832660.2711492506440.0-0.0823632724318-0.2660386470340.9604372596060.00.413870522332-0.6844781715490.02425755870131.0204.01.00.00.00.00.01.00.00.00.00.01.00.00.413870522332-0.6844781715490.02425755870131.0joint10joint91.01.00.00.00.00.01.00.00.00.00.01.00.00.376728295969-0.05836635571350.1102633695961.0165.01.00.00.00.00.01.00.00.00.00.01.00.00.376728295969-0.05836635571350.1102633695961.0204.01.00.00.00.00.01.00.00.00.00.01.00.00.376728295969-0.05836635571350.1102633695961.0joint23joint11.00.997634765231-0.067821011322-0.01118863819960.00.0669923794210.99578369972-0.06266453919020.00.01539143596310.06176676934780.9979719284140.0-0.00530596760284-0.18040102522	-0.3967871.025.00.999419115950.0340436375405-0.001568890443550.0-0.03407723853190.997724362303-0.05817936646050.0-0.0004153170467980.05819903444830.9983049132910.0-0.00530596760284-0.18040102522	-0.3967871.043.00.98846808495-0.148383748903-0.03021767853410.00.1482454680810.988927363772-0.006778670699570.00.0308889337430.00222086574630.9995203557340.0-0.00530596760284-0.18040102522	-0.3967871.063.00.775126210459-0.627977385511-0.0694533019040.00.6304056132160.776036549120.01886894950980.00.0420490271541-0.05840956870550.9974067382960.0-0.00530596760284-0.18040102522	-0.3967871.077.00.973180489202-0.225505211563-0.04546575627450.00.2292447775510.934225162370.2732584453610.0-0.0191459499947-0.2763525747180.9608655926010.0-0.00530596760284-0.18040102522	-0.3967871.088.00.9949686322250.08246966986250.05688738384790.0-0.09796736644040.9197299445390.3801305357780.0-0.0209717906011-0.3837910664290.9231817813020.0-0.00530596760284-0.18040102522	-0.3967871.0151.00.992219663616-0.06626704565420.1053983766240.00.01387607356270.9001639357090.4353301545160.0-0.123723860743-0.4304806238480.8940798838890.0-0.00530596760284-0.18040102522	-0.3967871.0165.00.999245096603-0.03881829396080.001541742239080.00.03709332004460.9651329000340.2591188354410.0-0.0115465372832-0.2588660374130.965844217330.0-0.00530596760284-0.18040102522	-0.3967871.0176.00.997325025375-0.0265222480192-0.06811287778750.00.03299999882060.9948523180580.09581161376640.00.0652211149731-0.09780304501750.9930663475050.0-0.00530596760284-0.18040102522	-0.3967871.0183.00.99814254576-0.0310232238586-0.05243107785620.00.03279308453920.9989092772810.03323957532530.00.0513426913021-0.03489721110380.9980711962110.0-0.00530596760284-0.18040102522	-0.3967871.0201.00.997634765231-0.067821011322-0.01118863819960.00.0669923794210.99578369972-0.06266453919020.00.01539143596310.06176676934780.9979719284140.0-0.00530596760284-0.18040102522	-0.3967871.0204.00.997634765231-0.067821011322-0.01118863819960.00.0669923794210.99578369972-0.06266453919020.00.01539143596310.06176676934780.9979719284140.0-0.00530596760284-0.18040102522	-0.3967871.0joint24joint231.00.9384186750410.3443812320990.02778411980240.0-0.3453219848120.9323143133310.1074371814710.00.0110958163533-0.1104155248830.9938235732380.00.859577-0.72162	-0.3412511.025.00.9840264162150.1774635525080.01409608891480.0-0.1779738736770.9825194874220.05459631054080.0-0.00416082683282-0.05623294734790.9984090059450.00.859577-0.72162	-0.3412511.043.00.9637090873850.266104897150.02128329403810.0-0.2669505419830.9601832811340.08237399326560.00.00148425990297-0.08506615275280.9963742001020.00.859577-0.72162	-0.3412511.063.00.8824414910420.4688379866470.03857404781710.0-0.4690265491210.8705490544260.1488571128870.00.0362092682512-0.1494499451810.9881060685870.00.859577-0.72162	-0.3412511.077.00.9546868929220.2966588609710.02380035064630.0-0.2975749112360.9502469663040.09208623801980.00.00470198748342-0.09499591168690.995466557990.00.859577-0.72162	-0.3412511.088.00.9779533820760.2081649802060.01656875076770.0-0.208804382830.9758505458550.06415950331350.0-0.00281286274351-0.0662046310360.9978021019380.00.859577-0.72162	-0.3412511.0151.00.9976952567040.06764296621620.005348258840190.0-0.06773999316760.9974877359190.0207246234450.0-0.00393294759807-0.02103914952530.9997709168160.00.859577-0.72162	-0.3412511.0165.00.9953182484980.09635069558960.007624150183170.0-0.09653562690510.9948910420440.02954127957390.0-0.00473887588488-0.03013897676140.9995344842150.00.859577-0.72162	-0.3412511.0176.00.9869057382270.1607925973350.01275948656560.0-0.1612316039790.9856782389960.04942447822330.0-0.00462965802305-0.05083453365240.9986963584870.00.859577-0.72162	-0.3412511.0183.00.976596721330.2144000019890.01707287424660.0-0.2150646067020.9743597322850.06610844911960.0-0.0024614695575-0.06823306564750.997666372050.00.859577-0.72162	-0.3412511.0201.00.9384186750410.3443812320990.02778411980240.0-0.3453219848120.9323143133310.1074371814710.00.0110958163533-0.1104155248830.9938235732380.00.859577-0.72162	-0.3412511.0204.00.9384186750410.3443812320990.02778411980240.0-0.3453219848120.9323143133310.1074371814710.00.0110958163533-0.1104155248830.9938235732380.00.859577-0.72162	-0.3412511.0joint25joint241.00.958340083909-0.2853314487140.01304790971330.00.2856122017370.957785818202-0.03274136022970.0-0.003154963133340.03510400013110.9993786846750.0	-0.657948	-0.4775470.121071.025.00.989222578978-0.146269868420.006619277282910.00.1463616703240.989091642368-0.01661277995960.0-0.004117122700260.01740254551510.9998400875690.0	-0.657948	-0.4775470.121071.043.00.975485493757-0.2198366656610.009994593592380.00.2200230385010.975172165743-0.02508205910740.0-0.004232493237130.02666622566360.999635432750.0	-0.657948	-0.4775470.121071.063.00.920205548881-0.3910160248610.01811673563530.00.3914338906810.919083097981-0.04545072310930.00.001121175564240.0489155119220.9988022905750.0	-0.657948	-0.4775470.121071.077.00.969374856232-0.2453313434260.01117676333070.00.2455540538420.968977051639-0.02804781699330.0-0.003949018555940.02993334811020.9995440960370.0	-0.657948	-0.4775470.121071.088.00.985119850213-0.1716925885390.007780472781650.00.1718147220410.984935739699-0.0195266472480.0-0.004310685102910.02057288758040.9997790627390.0	-0.657948	-0.4775470.121071.0151.00.998446209836-0.05566739590070.002511393485210.00.05568227115560.998428641864-0.006303315352530.0-0.002156558035410.006433361416160.9999769802940.0	-0.657948	-0.4775470.121071.0165.00.996843268633-0.07931381119830.0035801024440.00.0793431855810.996806861115-0.008985573792160.0-0.002855990576420.009241265482140.9999532200710.0	-0.657948	-0.4775470.121071.0176.00.991166736897-0.1324862270160.005991604207270.00.1325629308230.991060512194-0.01503763748890.0-0.003945762480390.01569907069450.9998689764850.0	-0.657948	-0.4775470.121071.0183.00.984202941559-0.1768623589240.008017220367760.00.1769910094740.984006778259-0.02012070840120.0-0.004330403233610.02122183632080.999765413120.0	-0.657948	-0.4775470.121071.0201.00.958340083909-0.2853314487140.01304790971330.00.2856122017370.957785818202-0.03274136022970.0-0.003154963133340.03510400013110.9993786846750.0	-0.657948	-0.4775470.121071.0204.00.958340083909-0.2853314487140.01304790971330.00.2856122017370.957785818202-0.03274136022970.0-0.003154963133340.03510400013110.9993786846750.0	-0.657948	-0.4775470.121071.0joint26joint251.01.00.00.00.00.01.00.00.00.00.01.00.00.413871	-0.684479	-0.0242571.025.00.9982743427760.000970072382857-0.05871452558060.0-0.0003040497372740.9999355259650.01135127602810.00.0587217515776-0.01131383548060.9982102749510.00.413871	-0.684479	-0.0242571.043.00.9998765124060.0152783139855-0.003678730830870.0-0.01550848384450.997144621682-0.07390595631520.00.002539068256630.07395388138420.9972584301780.00.413871	-0.684479	-0.0242571.063.00.9859955870390.166771402924-3.88230257383e-050.0-0.1655158269120.978543732649-0.1227056410080.0-0.02042580186910.1209936463640.9924431087760.00.413871	-0.684479	-0.0242571.088.00.9958935515510.06723818009860.06062228234840.0-0.04195465911820.936149614607-0.3490898246150.0-0.08022369075510.3451129180550.9351263193990.00.413871	-0.684479	-0.0242571.0151.00.9945549590450.06173106543780.08396254521770.0-0.02702833198980.930903556558-0.3642636924790.0-0.1006474177980.3600108942080.9275032362980.00.413871	-0.684479	-0.0242571.0201.01.00.00.00.00.01.00.00.00.00.01.00.00.413871	-0.684479	-0.0242571.0204.01.00.00.00.00.01.00.00.00.00.01.00.00.413871	-0.684479	-0.0242571.0joint27joint261.01.00.00.00.00.01.00.00.00.00.01.00.00.376728	-0.058366	-0.1102641.0165.01.00.00.00.00.01.00.00.00.00.01.00.00.376728	-0.058366	-0.1102641.0204.01.00.00.00.00.01.00.00.00.00.01.00.00.376728	-0.058366	-0.1102641.0