<<<<<<< HEAD
hiproot4.4408920985e-16-0.9998405993450.01785429641690.0-4.99600361081e-160.01785429641690.9998405993450.0-1.0-4.99600361081e-16-6.66133814775e-160.0-1.23259516441e-320.77707227944-9.29774723169e-321.0leftBackLeghip0.930317585946-0.3667549444510.00.0-0.366754944451-0.9303175859461.49011613163e-080.0-5.46507459081e-09-1.38628124236e-08-1.00.00.1969086592190.0363181440257-0.1813650762551.0leftBackLeg2leftBackLeg0.451388233590.8923276654770.00.0-0.8923276654770.451388233590.00.00.00.01.00.00.2494141577370.0156966848036-0.01054804541441.0leftBackLeg3leftBackLeg20.0776239578441-0.996982708560.00.0-0.99698270856-0.07762395784415.24918831769e-090.0-5.23334998671e-09-4.07462772688e-10-1.00.00.221704190548-0.00581093006430.005084526771141.0leftBackLeg4leftBackLeg30.1112146512980.9937964083940.00.0-0.9937964083940.1112146512980.00.00.00.01.00.00.271575336702-0.0169407173217-0.01155036585751.0rightBackLeghip0.930317585946-0.3667549444510.00.0-0.366754944451-0.9303175859461.49011613163e-080.0-5.46507459081e-09-1.38628124236e-08-1.00.00.1969086592190.03631814402570.1842045892931.0rightBackLeg2rightBackLeg0.451388233590.8923276654770.00.0-0.8923276654770.451388233590.00.00.00.01.00.00.2494141577370.0156966848036-0.01054804541441.0rightBackLeg3rightBackLeg20.0776239578441-0.996982708560.00.0-0.99698270856-0.07762395784415.24918831769e-090.0-5.23334998671e-09-4.07462772688e-10-1.00.00.221704190548-0.00581093006430.005084526771141.0rightBackLeg4rightBackLeg30.1112146512980.9937964083940.00.0-0.9937964083940.1112146512980.00.00.00.01.00.00.271575336702-0.0169407173217-0.01155036585751.0fronthiphip0.985675858126-0.1686508307361.54074395551e-330.0-0.168650830736-0.9856758581261.22464679915e-160.0-2.06537700035e-17-1.20710478465e-16-1.00.0-0.009873284421680.414986485849-2.11712017251e-161.0leftFrontLegfronthip0.9909108470180.1345202336520.00.0-0.1345202336520.9909108470180.00.00.00.01.00.00.2100114035580.001526365949320.1401477721311.0leftFrontLeg2leftFrontLeg0.789459513472-0.6138026365110.00.0-0.613802636511-0.7894595134721.22464679915e-160.0-7.51691434112e-17-9.6680906623e-17-1.00.00.3447117486010.02858436874040.02174932218791.0leftFrontLeg3leftFrontLeg20.2303492424140.9731080240750.00.0-0.9731080240750.2303492424140.00.00.00.01.00.00.2604181492090.0322085175265-0.02955294841471.0rightFrontLegfronthip0.9909108470180.1345202336520.00.0-0.1345202336520.9909108470180.00.00.00.01.00.00.2100114035580.00152636594932-0.1525604357031.0rightFrontLeg2rightFrontLeg0.789459513472-0.6138026365110.00.0-0.613802636511-0.7894595134721.22464679915e-160.0-7.51691434112e-17-9.6680906623e-17-1.00.00.3447117486010.0285843687404-0.02163832016141.0rightFrontLeg3rightFrontLeg20.2303492424140.9731080240750.00.0-0.9731080240750.2303492424140.00.00.00.01.00.00.2604181492090.03220851752650.01954572806481.0headfronthip-0.933213872411-0.3593213997797.65713739785e-160.0-0.3593213997790.9332138724112.46519032882e-320.0-7.14574684264e-16-2.7513733281e-16-1.00.0-0.0867229733134-0.2869027660541.2992840134e-161.0explode1head1.11022302463e-160.0-1.00.00.8682431421240.4961389383571.66533453694e-160.00.496138938357-0.8682431421240.00.00.1522118332070.0747686083466-3.23107546493e-181.0explode2hip4.4408920985e-160.0-1.00.0-0.9998405993450.0178542964169-4.4408920985e-160.00.01785429641690.9998405993450.00.0-0.3187733860940.215978096724-2.49466556261e-161.0explode3hip4.4408920985e-160.0-1.00.0-0.9998405993450.0178542964169-4.4408920985e-160.00.01785429641690.9998405993450.00.0-0.254957000847-0.243181052248.26968845532e-181.0tailhip0.358059577859-0.9336987408710.00.0-0.933698740871-0.358059577859-1.22464679915e-160.01.14345117438e-164.38496515929e-17-1.00.00.0587254729665-0.421620098822.36720902497e-161.0explode4tail4.4408920985e-160.01.00.0-0.3746730370120.9271570068421.66533453694e-160.0-0.927157006842-0.3746730370124.4408920985e-160.00.3157416242130.0124623028957-1.31024663813e-171.0
=======
hiproot1.00.00.00.00.01.00.00.00.00.01.00.0-1.23259516441e-320.77707227944-9.29774723169e-321.0leftBackLeghip1.00.00.00.00.01.00.00.00.00.01.00.00.181365076255-0.1962288369410.03982802045851.0leftBackLeg2leftBackLeg1.00.00.00.00.01.00.00.00.00.01.00.0-0.0105480456483-0.228135397859-0.1020198423471.0leftBackLeg3leftBackLeg21.00.00.00.00.01.00.00.00.00.01.00.00.00508452386229-0.0302585209471-0.219706479091.0leftBackLeg4leftBackLeg31.00.00.00.00.01.00.00.00.00.01.00.00.011550367076-0.271986061305-0.00798334739181.0rightBackLeghip1.00.00.00.00.01.00.00.00.00.01.00.0-0.184204589293-0.1962288369410.03982802045851.0rightBackLeg2rightBackLeg1.00.00.00.00.01.00.00.00.00.01.00.0-0.0105480456483-0.228135397859-0.1020198423471.0rightBackLeg3rightBackLeg21.00.00.00.00.01.00.00.00.00.01.00.00.00508452386229-0.0302585209471-0.219706479091.0rightBackLeg4rightBackLeg31.00.00.00.00.01.00.00.00.00.01.00.00.011550367076-0.271986061305-0.00798334739181.0fronthiphip1.00.00.00.00.01.00.00.00.00.01.00.0-4.93038065763e-320.0172810023410.4147440561851.0leftFrontLegfronthip1.00.00.00.00.01.00.00.00.00.01.00.00.140147772131-0.207372028092-0.03322591431531.0leftFrontLeg2leftFrontLeg1.00.00.00.00.01.00.00.00.00.01.00.00.0217493221879-0.322578710366-0.1248448292021.0leftFrontLeg3leftFrontLeg21.00.00.00.00.01.00.00.00.00.01.00.00.0295529484147-0.230607460450.125200639871.0rightFrontLegfronthip1.00.00.00.00.01.00.00.00.00.01.00.0-0.152560435703-0.207372028092-0.03322591431531.0rightFrontLeg2rightFrontLeg1.00.00.00.00.01.00.00.00.00.01.00.0-0.0216383201614-0.322578710366-0.1248448292021.0rightFrontLeg3rightFrontLeg21.00.00.00.00.01.00.00.00.00.01.00.0-0.0195457280648-0.230607460450.125200639871.0headfronthip1.00.00.00.00.01.00.00.00.00.01.00.0-7.45074947298e-170.04239864599120.296709329291.0explode1head1.00.00.00.00.01.00.00.00.00.01.00.0-2.64162493792e-170.16925249830.01060088588951.0explode2hip1.00.00.00.00.01.00.00.00.00.01.00.0-4.93038065763e-320.3225787103660.2102521951491.0explode3hip1.00.00.00.00.01.00.00.00.00.01.00.02.46519032882e-320.250574533945-0.2476943668881.0tailhip1.00.00.00.00.01.00.00.00.00.01.00.0-4.93038065763e-32-0.0662438423073-0.4205043902981.0explode4tail1.00.00.00.00.01.00.00.00.00.01.00.08.75639408542e-17-0.106745361804-0.2974113481151.0
>>>>>>> development
