hiproot1.04.4408920985e-16-0.9925576340380.1217757903360.0-4.99600361081e-160.1217757903360.9925576340380.0-1.0-4.99600361081e-16-4.4408920985e-160.00.00.77827042637-0.005253502302771.09.05.55111512313e-16-0.9970328403380.07697736866860.0-5.55111512313e-160.07697736866860.9970328403380.0-1.0-5.55111512313e-16-4.4408920985e-160.00.00.777752819697-0.01372170603661.021.04.4408920985e-16-0.9998405993450.01785429641690.0-4.99600361081e-160.01785429641690.9998405993450.0-1.0-4.99600361081e-16-6.66133814775e-160.00.00.777072279440.01.031.02.22044604925e-16-0.9855375189190.169457365740.0-6.10622663544e-160.169457365740.9855375189190.0-1.0-4.4408920985e-16-6.66133814775e-160.00.00.777072279440.01.039.04.4408920985e-16-0.9765919474080.2151003678720.0-5.55111512313e-160.2151003678720.9765919474080.0-1.0-5.55111512313e-16-4.4408920985e-160.00.00.777072279440.01.046.02.22044604925e-16-0.9541743917630.299251115460.0-6.66133814775e-160.299251115460.9541743917630.0-1.0-4.4408920985e-16-6.66133814775e-160.00.00.777072279440.01.054.04.4408920985e-16-0.9925576340380.1217757903360.0-4.99600361081e-160.1217757903360.9925576340380.0-1.0-4.99600361081e-16-4.4408920985e-160.00.00.77827042637-0.005253502302771.0leftBackLeghip1.00.629199839564-0.7772435666467.33615771611e-090.0-0.777243566646-0.6291998395641.29701734198e-080.0-5.46507459081e-09-1.38628124236e-08-1.00.00.183784859775-0.114011933781-0.1813650762551.09.00.819501991382-0.5730763353343.46581023091e-090.0-0.573076335334-0.8195019913821.44925073061e-080.0-5.46507459081e-09-1.38628124236e-08-1.00.00.139160100909-0.0496059471089-0.1813650762551.021.00.997988693883-0.06089839218970.0176054738840.0-0.0612770409343-0.9978819716360.02183334466310.00.0162385694049-0.0228682424672-0.9996065987930.00.08048824350820.0350739248218-0.1813650762551.031.00.947362533699-0.320162817553-7.39049826455e-100.0-0.320162817553-0.9473625336991.48828227809e-080.0-5.46507459081e-09-1.38628124236e-08-1.00.00.1658582986940.027893271411-0.1813650762551.039.00.705096209564-0.7091116521815.9768784426e-090.0-0.709111652181-0.7050962095641.36499645661e-080.0-5.46507459081e-09-1.38628124236e-08-1.00.00.180682286373-0.0740104380093-0.1813650762551.046.00.201514513954-0.9794855285641.24771323042e-080.0-0.979485528564-0.2015145139548.1465193818e-090.0-5.46507459081e-09-1.38628124236e-08-1.00.00.184370894963-0.140819107251-0.1813650762551.054.00.629199839564-0.7772435666467.33615771611e-090.0-0.777243566646-0.6291998395641.29701734198e-080.0-5.46507459081e-09-1.38628124236e-08-1.00.00.183784859775-0.114011933781-0.1813650762551.0leftBackLeg2leftBackLeg1.00.3212208372450.920874761749-0.2209227170130.0-0.9415982511690.3354659391130.02924614658670.00.1010440850040.1986259722910.9748527150380.00.208704887156-0.09822145387610.0276006712851.09.00.555308835350.801880055162-0.2205005091050.0-0.8258786265630.562888905751-0.03287208493430.00.09775782100710.2003608168160.974832781310.00.177024326906-0.1208108344130.02760067092641.021.00.7995481765330.558879918391-0.2199453346210.0-0.5900874820980.799204499331-0.1143194284430.00.1118904681970.2211908792590.9687905439560.00.135371276883-0.150510959350.02760067045491.031.00.6825020528870.691259485125-0.2373842286890.0-0.7221888034270.687771137843-0.07358120789550.00.1124023131860.2216555575120.9686250739140.00.17991336965-0.1128143826520.02760067097861.039.00.6862060317120.687851454679-0.2366044343170.0-0.7187169103140.69126737617-0.07480252317130.00.1121039021230.2213815505860.9687223153150.00.155506175351-0.127128854370.02760067076541.046.00.6077552586930.756089783213-0.2428204794730.0-0.7862023077160.615956844797-0.04983068020220.00.1118904681970.2211908792590.9687905439560.00.153483067013-0.1251267992930.02760067092471.054.00.3212208372450.920874761749-0.2209227170130.0-0.9415982511690.3354659391130.02924614658670.00.1010440850040.1986259722910.9748527150380.00.208704887156-0.09822145387610.0276006712851.0leftBackLeg3leftBackLeg21.00.239957302906-0.970553443208-0.02113070416160.0-0.962376388124-0.2406813101850.1261118333420.0-0.127484039642-0.00992576464366-0.9917909552080.00.205473363964-0.05089431783640.02044844754251.09.00.170388624402-0.985303837114-0.01200271814090.0-0.967190745732-0.169560935970.189185491950.0-0.188440383267-0.0206261378206-0.9818680076230.00.206775967418-0.03765261926090.02946686139421.021.00.0776239578441-0.996982708560.00.0-0.959704871233-0.0747215471520.2708934301940.0-0.270076065766-0.0210278202056-0.9626093441670.00.211650802695-0.009483720408240.04691603345241.031.00.187092786748-0.981852417731-0.03101804221660.0-0.94459559758-0.1884828682930.2687254461210.0-0.269695098546-0.0209770864616-0.9627172563450.00.2228846000280.008345074064190.05123788823761.039.00.0683959283438-0.997653666040.003026486864250.0-0.961155203764-0.0650800189950.2682261460130.0-0.267399834075-0.0212544998613-0.9633512209840.00.204306808415-0.04735612509690.04224837658451.046.0-0.0965995616278-0.9941253647020.04881888927710.0-0.9579809201620.1061724542160.2664581891630.0-0.270076065766-0.0210278202056-0.9626093441670.00.19101822693-0.08719885448310.03581823350851.054.00.239957302906-0.970553443208-0.02113070416160.0-0.962376388124-0.2406813101850.1261118333420.0-0.127484039642-0.00992576464366-0.9917909552080.00.205473363964-0.05089431783640.02044844754251.0leftBackLeg4leftBackLeg31.0-0.1162186630590.993223651730.00.0-0.99322365173-0.1162186630590.00.00.00.01.00.00.271575336702-0.0169407173217-0.01155036585751.09.0-0.05559642691480.9984533225520.00.0-0.998453322552-0.05559642691480.00.00.00.01.00.00.271575336702-0.0169407173217-0.01155036585751.021.00.1112146512980.9937964083940.00.0-0.9937964083940.1112146512980.00.00.00.01.00.00.271575336702-0.0169407173217-0.01155036585751.031.00.3549480568660.9348860234950.00.0-0.9348860234950.3549480568660.00.00.00.01.00.00.271575336702-0.0169407173217-0.01155036585751.039.00.1063110460950.9943329228570.00.0-0.9943329228570.1063110460950.00.00.00.01.00.00.271575336702-0.0169407173217-0.01155036585751.046.00.08385089339450.996229498172-0.02226689579590.0-0.991736973930.0812538460843-0.09927530929870.0-0.09709172063970.03040722723220.9948108354430.00.271575336702-0.0169407173217-0.01155036585751.054.0-0.1162186630590.993223651730.00.0-0.99322365173-0.1162186630590.00.00.00.01.00.00.271575336702-0.0169407173217-0.01155036585751.0rightBackLeghip1.00.629199839564-0.7772435666467.33615771611e-090.0-0.777243566646-0.6291998395641.29701734198e-080.0-5.46507459081e-09-1.38628124236e-08-1.00.00.183784859775-0.1140119337810.1842045892931.09.00.819501991382-0.5730763353343.46581023091e-090.0-0.573076335334-0.8195019913821.44925073061e-080.0-5.46507459081e-09-1.38628124236e-08-1.00.00.139160100909-0.04960594710890.1842045892931.021.00.997988693883-0.06089839218970.0176054738840.0-0.0612770409343-0.9978819716360.02183334466310.00.0162385694049-0.0228682424672-0.9996065987930.00.08048824350820.03507392482180.1842045892931.031.00.947362533699-0.320162817553-7.39049826455e-100.0-0.320162817553-0.9473625336991.48828227809e-080.0-5.46507459081e-09-1.38628124236e-08-1.00.00.1658582986940.0278932714110.1842045892931.039.00.705096209564-0.7091116521815.9768784426e-090.0-0.709111652181-0.7050962095641.36499645661e-080.0-5.46507459081e-09-1.38628124236e-08-1.00.00.180682286373-0.07401043800930.1842045892931.046.00.201514513954-0.9794855285641.24771323042e-080.0-0.979485528564-0.2015145139548.1465193818e-090.0-5.46507459081e-09-1.38628124236e-08-1.00.00.184370894963-0.1408191072510.1842045892931.054.00.629199839564-0.7772435666467.33615771611e-090.0-0.777243566646-0.6291998395641.29701734198e-080.0-5.46507459081e-09-1.38628124236e-08-1.00.00.183784859775-0.1140119337810.1842045892931.0rightBackLeg2rightBackLeg1.00.3256150057320.9293767817030.1738783070820.0-0.9421523571670.334394680211-0.02300290703810.0-0.0795223486051-0.156329765170.9844984512910.00.208704887156-0.0982214525289-0.06280562496911.09.00.5595251852410.8104403726910.1735452949330.0-0.8252321238820.5642018226320.02585043620360.0-0.0769643345592-0.1576791224320.9844865593570.00.177024326906-0.120810833066-0.06280562532781.021.00.8043519963720.5683763585360.1731074261550.0-0.5875906346920.8041403967510.08997482056820.0-0.0880631134744-0.1740877289520.9807845587460.00.135371276883-0.150510958003-0.06280562579931.031.00.6877208296590.7015222706260.1868329849620.0-0.7205650385010.6909643238060.05791656513480.0-0.088465166839-0.1744557452280.9806829799750.00.17991336965-0.112814381305-0.06280562527561.039.00.6913879568370.6980724605030.1862190458230.0-0.7170760253250.6945039198030.0588751159830.0-0.0882307601896-0.1742387593670.9807426714950.00.155506175351-0.127128853023-0.06280562548881.046.00.6130586939240.7665738889710.1911112517660.0-0.7851139572380.6181083524560.03921911236830.0-0.0880631134744-0.1740877289520.9807845587460.00.153483067013-0.125126797946-0.06280562532951.054.00.3256150057320.9293767817030.1738783070820.0-0.9421523571670.334394680211-0.02300290703810.0-0.0795223486051-0.156329765170.9844984512910.00.208704887156-0.0982214525289-0.06280562496911.0rightBackLeg3rightBackLeg21.00.241860452079-0.9703107943020.0006958318760130.0-0.968418476971-0.241433415282-0.06225399140480.00.06057371691470.0143829220593-0.9980600965730.00.206891174447-0.0502184350197-0.004353573976721.09.00.174902625334-0.98454922737-0.008478828698860.0-0.980414261313-0.173363271366-0.09345080178740.00.09053699721630.0246575551477-0.9955877947770.00.209458639872-0.0365428354405-0.009844789182911.021.00.0856673673197-0.996112040939-0.02054030359730.0-0.987139772613-0.0820668888886-0.1371863516340.00.1349672979020.0320285441991-0.9903322679050.00.21689780656-0.00756683928886-0.02064029387011.031.00.198217545489-0.980128260781-0.007641798169250.0-0.970876544065-0.195264179777-0.1388187173270.00.1345679785260.0349355480134-0.9902883250050.00.2292650936270.0103237564682-0.02404187112311.039.00.0760154505923-0.996830541364-0.02346322814220.0-0.988287632258-0.0721995078822-0.134442504390.00.1323223609080.0334081257357-0.9906435736120.00.209728379352-0.0455090457122-0.0169666567741.046.0-0.0936320075228-0.994592688354-0.04492695671280.0-0.9864161777180.098790468309-0.1312385907690.00.1349672979020.0320285441991-0.9903322679050.00.195753886312-0.0854459099386-0.01190579893071.054.00.241860452079-0.9703107943020.0006958318760130.0-0.968418476971-0.241433415282-0.06225399140480.00.06057371691470.0143829220593-0.9980600965730.00.206891174447-0.0502184350197-0.004353573976721.0rightBackLeg4rightBackLeg31.0-0.1162186630590.993223651730.00.0-0.99322365173-0.1162186630590.00.00.00.01.00.00.271575336702-0.0169407173217-0.01155036585751.09.0-0.05559642691480.9984533225520.00.0-0.998453322552-0.05559642691480.00.00.00.01.00.00.271575336702-0.0169407173217-0.01155036585751.021.00.1112146512980.9937964083940.00.0-0.9937964083940.1112146512980.00.00.00.01.00.00.271575336702-0.0169407173217-0.01155036585751.031.00.3549480568660.9348860234950.00.0-0.9348860234950.3549480568660.00.00.00.01.00.00.271575336702-0.0169407173217-0.01155036585751.039.00.1063110460950.9943329228570.00.0-0.9943329228570.1063110460950.00.00.00.01.00.00.271575336702-0.0169407173217-0.01155036585751.046.00.06035221159730.998165278244-0.004867017960820.0-0.996747964090.06052591165840.05319877913360.00.05339575487530.001640526268640.9985720815420.00.271575336702-0.0169407173217-0.01155036585751.054.0-0.1162186630590.993223651730.00.0-0.99322365173-0.1162186630590.00.00.00.01.00.00.271575336702-0.0169407173217-0.01155036585751.0fronthiphip1.00.985675858126-0.1686508307360.00.0-0.168650830736-0.9856758581261.22464679915e-160.0-2.06537700035e-17-1.20710478465e-16-1.00.0-0.009873284421680.4149864858490.01.09.00.985675858126-0.1686508307360.00.0-0.168650830736-0.9856758581261.22464679915e-160.0-2.06537700035e-17-1.20710478465e-16-1.00.0-0.009873284421680.4149864858490.01.021.00.985675858126-0.1686508307360.00.0-0.168650830736-0.9856758581261.22464679915e-160.0-2.06537700035e-17-1.20710478465e-16-1.00.0-0.009873284421680.4149864858490.01.031.00.985675858126-0.1686508307360.00.0-0.168650830736-0.9856758581261.22464679915e-160.0-2.06537700035e-17-1.20710478465e-16-1.00.0-0.009873284421680.4149864858490.01.039.00.985675858126-0.1686508307360.00.0-0.168650830736-0.9856758581261.22464679915e-160.0-2.06537700035e-17-1.20710478465e-16-1.00.0-0.009873284421680.4149864858490.01.046.00.985675858126-0.1686508307360.00.0-0.168650830736-0.9856758581261.22464679915e-160.0-2.06537700035e-17-1.20710478465e-16-1.00.0-0.009873284421680.4149864858490.01.054.00.985675858126-0.1686508307360.00.0-0.168650830736-0.9856758581261.22464679915e-160.0-2.06537700035e-17-1.20710478465e-16-1.00.0-0.009873284421680.4149864858490.01.0leftFrontLegfronthip1.00.922233349908-0.386633739237-0.00.00.3866337392370.9222333499080.00.00.0-0.01.00.00.247769719295-0.07220315191210.1401477721311.09.00.992090345399-0.0444232825695-0.1174023787280.00.04473263431530.998998994708-4.33680868994e-190.00.117284858326-0.00525171767540.9930844281680.00.231457900032-0.04035155720540.1401477721311.021.00.8865083061350.415296993425-0.2040378161160.0-0.4234735312110.905899891960.003943870032330.00.1864757129430.08290834094940.9789550630560.00.2100114035580.001526365949320.1401477721311.031.00.8984720060260.431832404718-0.07917593462530.0-0.4331923436570.901301499723.46944695195e-180.00.07136138861950.03429840868150.9968606579540.00.213699753704-0.003314318797990.1401477721311.039.00.98830869866-0.152466114768-0.00.00.1524661147680.988308698660.00.00.0-0.01.00.00.230941635233-0.03001801304290.1401477721311.046.00.833577271651-0.552402871269-0.00.00.5524028712690.8335772716510.00.00.0-0.01.00.00.21526185163-0.07325806993660.1401477721311.054.00.922233349908-0.386633739237-0.00.00.3866337392370.9222333499080.00.00.0-0.01.00.00.247769719295-0.07220315191210.1401477721311.0leftFrontLeg2leftFrontLeg1.00.781649507288-0.620832436564-0.05992606666270.0-0.620167287568-0.7838415119080.03138502255890.0-0.06645737872240.0126320987974-0.9977092997930.00.3220474558960.0281230842827-0.008562466404641.09.00.715132079043-0.688158647157-0.1225715540720.0-0.687367512631-0.7241889465790.05546415268140.0-0.1269331008980.0445875094221-0.9909086445780.00.317229046360.044404370494-0.01547557326991.021.00.882511854372-0.459226463133-0.1014094791030.0-0.455506280007-0.8883020890350.05859545622930.0-0.116990836255-0.00551853015082-0.9931176617390.00.3593461323210.0748949977619-0.02983013716571.031.00.51572656969-0.856310883797-0.02752772433540.0-0.856228497047-0.51402022683-0.05153607720720.00.02998109671370.0501485463481-0.9982916693730.00.3446221499920.0848191479373-0.02239204406361.039.00.277922712862-0.9603976028360.01988492248570.0-0.960481034998-0.278158203845-0.01020759734310.00.0153345063412-0.0162621677846-0.9997501661990.00.293861443523-0.00746395554202-0.02056686034761.046.00.607247861018-0.792024066757-0.06283241971050.0-0.793981617061-0.607831913158-0.01155669139230.0-0.02903837216620.056905562334-0.9979571783990.00.2705910845860.0452246150587-0.02056686034761.054.00.781649507288-0.620832436564-0.05992606666270.0-0.620167287568-0.7838415119080.03138502255890.0-0.06645737872240.0126320987974-0.9977092997930.00.3220474558960.0281230842827-0.008562466404641.0leftFrontLeg3leftFrontLeg21.00.6840440299320.709395896996-0.169827048610.0-0.7289482785460.673351036535-0.1234211845750.00.02679873727390.208220659210.9777146745130.00.247172924463-0.0554613008645-0.03161183905411.09.00.4298794614910.897803557069-0.09566828890870.0-0.9019485190970.431843526693-0.0001932648706710.00.04114021738670.08637095210430.9954132514420.00.25162654191-0.0232735909339-0.03143087558411.021.00.3010092677370.9533764556710.0216045020410.0-0.8481894826770.2573065804770.462998839220.00.435853211773-0.1576916529660.8860955481050.00.2453018241530.00240294374016-0.06789129022811.031.00.870089373120.491344577301-0.0390511093450.0-0.4777695251790.860215507890.1782289561090.00.121164200961-0.1364176907230.9832138374040.00.2298804630910.00405832341912-0.0275247201311.039.00.6349496689060.770330539223-0.05856430907720.0-0.772551379580.632943091272-0.05047186463450.0-0.001812143873970.07729103151050.9970069270480.00.246376104434-0.0228103482166-0.02995341027291.046.00.8656117905540.445679240585-0.2282241060140.0-0.4715729753240.878853980066-0.07235060929420.00.1683304993120.1702518611730.9709166528430.00.194584205325-0.10241394726-0.02980772493741.054.00.6840440299320.709395896996-0.169827048610.0-0.7289482785460.673351036535-0.1234211845750.00.02679873727390.208220659210.9777146745130.00.247172924463-0.0554613008645-0.03161183905411.0rightFrontLegfronthip1.00.922233349908-0.386633739237-0.00.00.3866337392370.9222333499080.00.00.0-0.01.00.00.247769719295-0.0722031519121-0.1525604357031.09.00.9757148614950.1197820944780.1833923632530.0-0.1161694530980.992765383346-0.03035707160360.0-0.1857018234270.008315255373680.9825709589150.00.231457900032-0.0403515572054-0.1525604357031.021.00.8191814545140.5680990301150.07877332392610.0-0.5635901506770.822814623625-0.07309060957370.0-0.1063385472870.0154786023610.9942094981590.00.1925271862780.0215375611999-0.1525604357031.031.00.9409216654940.3229949904610.1016890138630.0-0.3246780446490.9458245964890.00.0-0.096179970504-0.03301619018320.9948162365280.00.213699753704-0.00331431879799-0.1525604357031.039.00.98830869866-0.152466114768-0.00.00.1524661147680.988308698660.00.00.0-0.01.00.00.230941635233-0.0300180130429-0.1525604357031.046.00.833577271651-0.552402871269-0.00.00.5524028712690.8335772716510.00.00.0-0.01.00.00.21526185163-0.0732580699366-0.1525604357031.054.00.922233349908-0.386633739237-0.00.00.3866337392370.9222333499080.00.00.0-0.01.00.00.247769719295-0.0722031519121-0.1525604357031.0rightFrontLeg2rightFrontLeg1.00.780788614276-0.6214766412970.06431115096980.0-0.620946696744-0.783264592691-0.03036079114760.00.0692411699794-0.01622843671-0.9974679434560.00.3220474558960.02812308428270.019837294291.09.00.884531469121-0.4613620257880.06891415888870.0-0.461312113353-0.887063502773-0.01759193341330.00.0692474852116-0.0162303175702-0.9974674744490.00.3189379565380.1109680828480.02951118483991.021.00.863287851559-0.4688990248960.1867291884030.0-0.465465954084-0.8827031916-0.06462600968720.00.195129523493-0.0311252307775-0.9802834738330.00.3646639458440.07187063408090.0323410860251.031.00.503049828037-0.85256971230.1416536486640.0-0.854070345517-0.515488650333-0.06953629474210.00.132305386967-0.0860019595459-0.9874709856670.00.3175015665150.02988342300670.03310753025371.039.00.269506652876-0.9514533402930.1486697861080.0-0.957990389863-0.280615135966-0.05924152595210.00.0980845399938-0.126458240984-0.9871108024440.00.293861443523-0.007463955542020.03073969454121.046.00.60219615123-0.7961287947780.05948728913210.0-0.792432297974-0.605126402199-0.07663609129650.00.0970095282495-0.000989690003134-0.9952829607420.00.2705910845860.04522461505870.03073969454121.054.00.780788614276-0.6214766412970.06431115096980.0-0.620946696744-0.783264592691-0.03036079114760.00.0692411699794-0.01622843671-0.9974679434560.00.3220474558960.02812308428270.019837294291.0rightFrontLeg3rightFrontLeg21.00.6974945206680.71396912082-0.06123306422120.0-0.7144884875290.686365585017-0.1356778717850.0-0.05484154288670.1383848915880.9888589520020.00.247082412142-0.05545253551430.02144827062761.09.00.3689790614690.9272842279840.06323300347660.0-0.9282033061010.371140432499-0.02633252565040.0-0.0478860599772-0.04897693228110.9976513345670.00.261421438186-0.003926408267750.02076375606421.021.00.631296014570.7612870954370.1480111492760.0-0.7367275545230.648298427901-0.192202130030.0-0.2422763966950.01229254663170.9701293938960.00.269587365224-0.06222887233720.02529235362671.031.00.8559038685290.5010136782280.1281165955890.0-0.4467373861860.841131628742-0.3048332181910.0-0.2604885326090.2036734576650.9437493560380.00.2275854279520.00779047193950.01641943989341.039.00.6375452866550.7703430651330.01037157001390.0-0.7692916033420.637285756696-0.04535739565640.0-0.04155040904080.02093863209060.9989169821340.00.246326584331-0.0227980015620.01980070563661.046.00.8918529477220.447584890925-0.06531527429220.0-0.4517421847360.888698713582-0.07838108832290.00.02296340937310.09941006937180.9947815438260.00.194462589928-0.1023549117780.01935608085441.054.00.6974945206680.71396912082-0.06123306422120.0-0.7144884875290.686365585017-0.1356778717850.0-0.05484154288670.1383848915880.9888589520020.00.247082412142-0.05545253551430.02144827062761.0headfronthip1.0-0.933213872411-0.3593213997797.65713739785e-160.0-0.3593213997790.9332138724112.46519032882e-320.0-7.14574684264e-16-2.7513733281e-16-1.00.0-0.0867229733134-0.2869027660540.01.09.0-0.845217953635-0.5344217537237.51010728268e-160.0-0.5344217537230.8452179536351.49333242524e-160.0-7.14574684264e-16-2.7513733281e-16-1.00.0-0.0303724152398-0.2779385466870.01.021.0-0.680836132758-0.7324357721556.88028689405e-160.0-0.7324357721550.6808361327583.36056622984e-160.0-7.14574684264e-16-2.7513733281e-16-1.00.00.0437163191696-0.2661525468570.01.031.0-0.973341914809-0.2293589258697.58630694575e-160.0-0.2293589258690.973341914809-1.03908616317e-160.0-7.14574684264e-16-2.7513733281e-16-1.00.0-0.102883951365-0.2919500716080.01.039.0-0.983256427602-0.1822273239117.5274769117e-160.0-0.1822273239110.983256427602-1.4031551851e-160.0-7.14574684264e-16-2.7513733281e-16-1.00.0-0.136593675319-0.2861862085020.01.046.0-0.999723222455-0.02352612342957.20849820889e-160.0-0.02352612342950.999723222455-2.58250008753e-160.0-7.14574684264e-16-2.7513733281e-16-1.00.0-0.145217993494-0.2924759243180.01.054.0-0.933213872411-0.3593213997797.65713739785e-160.0-0.3593213997790.9332138724112.46519032882e-320.0-7.14574684264e-16-2.7513733281e-16-1.00.0-0.0867229733134-0.2869027660540.01.0explode1head1.01.11022302463e-160.0-1.00.00.8682431421240.4961389383571.66533453694e-160.00.496138938357-0.8682431421240.00.00.1522118332070.07476860834660.01.09.01.24890036831e-160.0-1.124909446670.00.9766949125830.5581113786191.87335055247e-160.00.558111378619-0.9766949125830.00.00.1522118332070.07476860834660.01.021.02.02164596538e-160.0-1.820936803270.01.581015891680.9034376523893.03246894807e-160.00.903437652389-1.581015891680.00.00.1522118332070.07476860834660.01.031.01.11022302463e-160.0-1.00.00.8682431421240.4961389383571.66533453694e-160.00.496138938357-0.8682431421240.00.00.1522118332070.07476860834660.01.039.07.91786160838e-170.0-0.7131775717820.00.6192115358170.3538351633241.18767924126e-160.00.353835163324-0.6192115358170.00.00.1522118332070.07476860834660.01.046.07.43857053782e-170.0-0.6700068700460.00.5817288700940.3324164971961.11578558067e-160.00.332416497196-0.5817288700940.00.00.1522118332070.07476860834660.01.054.01.11022302463e-160.0-1.00.00.8682431421240.4961389383571.66533453694e-160.00.496138938357-0.8682431421240.00.00.1522118332070.07476860834660.01.0explode2hip1.04.4408920985e-160.0-1.00.0-0.9998405993450.0178542964169-4.4408920985e-160.00.01785429641690.9998405993450.00.0-0.3187733860940.2159780967240.01.09.04.96382311091e-160.0-1.117753595630.0-1.117575424980.0199567040174-4.96382311091e-160.00.01995670401741.117575424980.00.0-0.3187733860940.2159780967240.01.021.08.33008663168e-160.0-1.875768752520.0-1.875469753750.033490531317-8.33008663168e-160.00.0334905313171.875469753750.00.0-0.3187733860940.2159780967240.01.031.04.4408920985e-160.0-1.00.0-0.9998405993450.0178542964169-4.4408920985e-160.00.01785429641690.9998405993450.00.0-0.3187733860940.2159780967240.01.039.02.91362657343e-160.0-0.656090377520.0-0.6559857962840.0117140320765-2.91362657343e-160.00.01171403207650.6559857962840.00.0-0.3187733860940.2159780967240.01.046.02.29726568359e-160.0-0.5172982438280.0-0.517215786150.00923599618125-2.29726568359e-160.00.009235996181250.517215786150.00.0-0.3187733860940.2159780967240.01.054.04.4408920985e-160.0-1.00.0-0.9998405993450.0178542964169-4.4408920985e-160.00.01785429641690.9998405993450.00.0-0.3187733860940.2159780967240.01.0explode3hip1.04.4408920985e-160.0-1.00.0-0.9998405993450.0178542964169-4.4408920985e-160.00.01785429641690.9998405993450.00.0-0.254957000847-0.243181052240.01.09.05.19505276864e-160.0-1.169821885650.0-1.169635415280.0208863467014-5.19505276864e-160.00.02088634670141.169635415280.00.0-0.254957000847-0.243181052240.01.021.08.94974513436e-160.0-2.015303442610.0-2.014982201920.0359818250343-8.94974513436e-160.00.03598182503432.014982201920.00.0-0.254957000847-0.243181052240.01.031.04.4408920985e-160.0-1.00.0-0.9998405993450.0178542964169-4.4408920985e-160.00.01785429641690.9998405993450.00.0-0.254957000847-0.243181052240.01.039.02.837560745e-160.0-0.638961875690.0-0.6388600247490.0114082147277-2.837560745e-160.00.01140821472770.6388600247490.00.0-0.254957000847-0.243181052240.01.046.02.64423338044e-160.0-0.5954284233420.0-0.5953335116620.0106309555654-2.64423338044e-160.00.01063095556540.5953335116620.00.0-0.254957000847-0.243181052240.01.054.04.4408920985e-160.0-1.00.0-0.9998405993450.0178542964169-4.4408920985e-160.00.01785429641690.9998405993450.00.0-0.254957000847-0.243181052240.01.0tailhip1.00.358059577859-0.9336987408710.00.0-0.933698740871-0.358059577859-1.22464679915e-160.01.14345117438e-164.38496515929e-17-1.00.00.0587254729665-0.421620098820.01.09.00.724911340225-0.6888421799035.26845827385e-170.0-0.688842179903-0.724911340225-1.10552849662e-160.01.14345117438e-164.38496515929e-17-1.00.00.0771403232295-0.4039399937830.01.021.00.984694364639-0.17429001191.04952436467e-160.0-0.1742900119-0.984694364639-6.31077166939e-170.01.14345117438e-164.38496515929e-17-1.00.00.101351848314-0.3806944989530.01.031.00.808634611719-0.5883111971836.66661786163e-170.0-0.588311197183-0.808634611719-1.02728858921e-160.01.14345117438e-164.38496515929e-17-1.00.00.10080499927-0.4111917269360.01.039.00.358059577859-0.9336987408710.00.0-0.933698740871-0.358059577859-1.22464679915e-160.01.14345117438e-164.38496515929e-17-1.00.00.0587254729665-0.421620098820.01.046.0-0.0354940437146-0.99936988791-4.78805919942e-170.0-0.999369887910.0354940437146-1.12716665746e-160.01.14345117438e-164.38496515929e-17-1.00.0-0.10774261854-0.4135328535620.01.054.00.358059577859-0.9336987408710.00.0-0.933698740871-0.358059577859-1.22464679915e-160.01.14345117438e-164.38496515929e-17-1.00.00.0587254729665-0.421620098820.01.0explode4tail1.04.4408920985e-160.01.00.0-0.3746730370120.9271570068421.66533453694e-160.0-0.927157006842-0.3746730370124.4408920985e-160.00.3157416242130.01246230289570.01.09.04.75378829817e-160.01.070457960410.0-0.4010717350210.9924825985261.78267061181e-160.0-0.992482598526-0.4010717350214.75378829817e-160.00.3157416242130.01246230289570.01.021.07.36406509493e-160.01.658240040870.0-0.6212978322081.537448872922.7615244106e-160.0-1.36162794754-0.5502469103066.52191888611e-160.00.3157416242130.01246230289570.01.031.04.4408920985e-160.01.00.0-0.3746730370120.9271570068421.66533453694e-160.0-0.927157006842-0.3746730370124.4408920985e-160.00.3157416242130.01246230289570.01.039.02.97523504409e-160.00.6699633717950.0-0.2510172111970.6211612344871.11571314153e-160.0-0.621161234487-0.2510172111972.97523504409e-160.00.3157416242130.01246230289570.01.046.02.90139390504e-160.00.653335825480.0-0.2447873179210.6057448884151.08802271439e-160.0-0.605744888415-0.2447873179212.90139390504e-160.00.3157416242130.01246230289570.01.054.04.4408920985e-160.01.00.0-0.3746730370120.9271570068421.66533453694e-160.0-0.927157006842-0.3746730370124.4408920985e-160.00.3157416242130.01246230289570.01.0