hiproot1.01.00.00.00.00.01.00.00.00.00.01.00.0-1.23259516441e-320.77707227944-9.29774723169e-321.060.01.00.00.00.00.01.00.00.00.00.01.00.0-1.23259516441e-320.746736727354-9.29774723169e-321.0120.01.00.00.00.00.01.00.00.00.00.01.00.0-1.23259516441e-320.77707227944-9.29774723169e-321.0leftBackLeghip1.01.00.00.00.00.01.00.00.00.00.01.00.00.181365076255-0.1962288369410.03982802045851.030.00.999978751463-0.00503825874375-0.004136734301890.00.005166060896470.9994907753970.0314881201660.00.00397598247826-0.03150882171090.9994955656320.00.181365076255-0.1962288369410.03982802045851.040.00.999954182408-0.00713217261348-0.006384762939630.00.007425045699480.998863184160.04708723846670.00.00604167032734-0.04713248819950.9988703753620.00.181365076255-0.1962288369410.03982802045851.060.00.999918907977-0.00908839294303-0.008920682894180.00.009639668442880.9979138995160.06383514662610.00.00832191455716-0.06391596253030.9979205857540.00.181365076255-0.1962288369410.03982802045851.075.00.999940581968-0.00798180030916-0.007424513315520.00.008371636324620.998503203560.05404875747870.00.00698199394127-0.05410770133320.9985106951940.00.181365076255-0.1962288369410.03982802045851.090.00.999977686249-0.00515358682554-0.004250593689910.00.005288232872950.9994642682210.03229877926440.00.00408186194849-0.03232053668680.9994692197920.00.181365076255-0.1962288369410.03982802045851.0120.01.00.00.00.00.01.00.00.00.00.01.00.00.181365076255-0.1962288369410.03982802045851.0leftBackLeg2leftBackLeg1.01.00.00.00.00.01.00.00.00.00.01.00.0-0.0105480456483-0.228135397859-0.1020198423471.030.00.9999694634370.006739646294490.00395592726980.0-0.006818889200790.9997692158930.02037198326030.0-0.00381771434317-0.02039833619970.9997846432790.0-0.0105480456483-0.228135397859-0.1020198423471.040.00.9999330885070.009976351596470.005855844768710.0-0.01014855378660.9994937619660.03015338534910.0-0.0055520595433-0.03021079609670.9995281298860.0-0.0105480456483-0.228135397859-0.1020198423471.060.00.9998796580280.01337893844640.007853245645230.0-0.0136859232420.999088506560.0404332977190.0-0.00730513286197-0.04053591081330.9991513774040.0-0.0105480456483-0.228135397859-0.1020198423471.075.00.9999126325870.01139968755810.006691361260920.0-0.01162370834270.9993386877850.0344539765490.0-0.0062941716142-0.03452874482590.9993838847930.0-0.0105480456483-0.228135397859-0.1020198423471.090.00.9999679049650.006909485595520.004055619409620.0-0.006992736746530.9997574236790.02088529221360.0-0.00391032898668-0.02091298177830.9997736526440.0-0.0105480456483-0.228135397859-0.1020198423471.0120.01.00.00.00.00.01.00.00.00.00.01.00.0-0.0105480456483-0.228135397859-0.1020198423471.0leftBackLeg3leftBackLeg21.01.00.00.00.00.01.00.00.00.00.01.00.00.00508452386229-0.0302585209471-0.219706479091.030.00.9999841079440.00431471493160.003628649161450.0-0.004001186821490.996593722982-0.08237075826080.0-0.00397169531780.08235493031690.9965951490390.00.00508452386229-0.0302585209471-0.219706479091.040.00.9999651772870.006386893918990.005371387093920.0-0.005685410606230.992542570975-0.1217658445860.0-0.006109035888230.1217310658270.9925443200650.00.00508452386229-0.0302585209471-0.219706479091.060.00.999937370080.008565327054610.007203546970150.0-0.00727704271120.986603449245-0.1629744721940.0-0.008502973943440.1629118445970.9866039886010.00.00508452386229-0.0302585209471-0.219706479091.075.00.999954531310.007298146311260.006137782488890.0-0.006374047855490.990267179604-0.1390333935170.0-0.007092730602340.1389879493320.9902686721860.00.00508452386229-0.0302585209471-0.219706479091.090.00.9999832968690.0044234471740.003720093742110.0-0.004093548809920.99642001674-0.08444165499770.0-0.004080299068950.08442501617240.9964214810030.00.00508452386229-0.0302585209471-0.219706479091.0120.01.00.00.00.00.01.00.00.00.00.01.00.00.00508452386229-0.0302585209471-0.219706479091.0leftBackLeg4leftBackLeg31.01.00.00.00.00.01.00.00.00.00.01.00.00.011550367076-0.271986061305-0.00798334739181.030.01.00.00.00.00.01.00.00.00.00.01.00.00.011550367076-0.271986061305-0.00798334739181.040.01.00.00.00.00.01.00.00.00.00.01.00.00.011550367076-0.271986061305-0.00798334739181.060.01.00.00.00.00.01.00.00.00.00.01.00.00.011550367076-0.271986061305-0.00798334739181.075.01.00.00.00.00.01.00.00.00.00.01.00.00.011550367076-0.271986061305-0.00798334739181.090.01.00.00.00.00.01.00.00.00.00.01.00.00.011550367076-0.271986061305-0.00798334739181.0120.01.00.00.00.00.01.00.00.00.00.01.00.00.011550367076-0.271986061305-0.00798334739181.0rightBackLeghip1.01.00.00.00.00.01.00.00.00.00.01.00.0-0.184204589293-0.1962288369410.03982802045851.030.00.999978751463-0.00503825874375-0.004136734301890.00.005166060896470.9994907753970.0314881201660.00.00397598247826-0.03150882171090.9994955656320.0-0.184204589293-0.1962288369410.03982802045851.040.00.999954182408-0.00713217261348-0.006384762939630.00.007425045699480.998863184160.04708723846670.00.00604167032734-0.04713248819950.9988703753620.0-0.184204589293-0.1962288369410.03982802045851.060.00.999918907977-0.00908839294303-0.008920682894180.00.009639668442880.9979138995160.06383514662610.00.00832191455716-0.06391596253030.9979205857540.0-0.184204589293-0.1962288369410.03982802045851.075.00.999940581968-0.00798180030916-0.007424513315520.00.008371636324620.998503203560.05404875747870.00.00698199394127-0.05410770133320.9985106951940.0-0.184204589293-0.1962288369410.03982802045851.090.00.999977686249-0.00515358682554-0.004250593689910.00.005288232872950.9994642682210.03229877926440.00.00408186194849-0.03232053668680.9994692197920.0-0.184204589293-0.1962288369410.03982802045851.0120.01.00.00.00.00.01.00.00.00.00.01.00.0-0.184204589293-0.1962288369410.03982802045851.0rightBackLeg2rightBackLeg1.01.00.00.00.00.01.00.00.00.00.01.00.0-0.0105480456483-0.228135397859-0.1020198423471.030.00.9999694634370.006739646294490.00395592726980.0-0.006818889200790.9997692158930.02037198326030.0-0.00381771434317-0.02039833619970.9997846432790.0-0.0105480456483-0.228135397859-0.1020198423471.040.00.9999330885070.009976351596470.005855844768710.0-0.01014855378660.9994937619660.03015338534910.0-0.0055520595433-0.03021079609670.9995281298860.0-0.0105480456483-0.228135397859-0.1020198423471.060.00.9998796580280.01337893844640.007853245645230.0-0.0136859232420.999088506560.0404332977190.0-0.00730513286197-0.04053591081330.9991513774040.0-0.0105480456483-0.228135397859-0.1020198423471.075.00.9999126325870.01139968755810.006691361260920.0-0.01162370834270.9993386877850.0344539765490.0-0.0062941716142-0.03452874482590.9993838847930.0-0.0105480456483-0.228135397859-0.1020198423471.090.00.9999679049650.006909485595520.004055619409620.0-0.006992736746530.9997574236790.02088529221360.0-0.00391032898668-0.02091298177830.9997736526440.0-0.0105480456483-0.228135397859-0.1020198423471.0120.01.00.00.00.00.01.00.00.00.00.01.00.0-0.0105480456483-0.228135397859-0.1020198423471.0rightBackLeg3rightBackLeg21.01.00.00.00.00.01.00.00.00.00.01.00.00.00508452386229-0.0302585209471-0.219706479091.030.00.9999841079440.00431471493160.003628649161450.0-0.004001186821490.996593722982-0.08237075826080.0-0.00397169531780.08235493031690.9965951490390.00.00508452386229-0.0302585209471-0.219706479091.040.00.9999651772870.006386893918990.005371387093920.0-0.005685410606230.992542570975-0.1217658445860.0-0.006109035888230.1217310658270.9925443200650.00.00508452386229-0.0302585209471-0.219706479091.060.00.999937370080.008565327054610.007203546970150.0-0.00727704271120.986603449245-0.1629744721940.0-0.008502973943440.1629118445970.9866039886010.00.00508452386229-0.0302585209471-0.219706479091.075.00.999954531310.007298146311260.006137782488890.0-0.006374047855490.990267179604-0.1390333935170.0-0.007092730602340.1389879493320.9902686721860.00.00508452386229-0.0302585209471-0.219706479091.090.00.9999832968690.0044234471740.003720093742110.0-0.004093548809920.99642001674-0.08444165499770.0-0.004080299068950.08442501617240.9964214810030.00.00508452386229-0.0302585209471-0.219706479091.0120.01.00.00.00.00.01.00.00.00.00.01.00.00.00508452386229-0.0302585209471-0.219706479091.0rightBackLeg4rightBackLeg31.01.00.00.00.00.01.00.00.00.00.01.00.00.011550367076-0.271986061305-0.00798334739181.030.01.00.00.00.00.01.00.00.00.00.01.00.00.011550367076-0.271986061305-0.00798334739181.040.01.00.00.00.00.01.00.00.00.00.01.00.00.011550367076-0.271986061305-0.00798334739181.060.01.00.00.00.00.01.00.00.00.00.01.00.00.011550367076-0.271986061305-0.00798334739181.075.01.00.00.00.00.01.00.00.00.00.01.00.00.011550367076-0.271986061305-0.00798334739181.090.01.00.00.00.00.01.00.00.00.00.01.00.00.011550367076-0.271986061305-0.00798334739181.0120.01.00.00.00.00.01.00.00.00.00.01.00.00.011550367076-0.271986061305-0.00798334739181.0fronthiphip1.01.00.00.00.00.01.00.00.00.00.01.00.0-4.93038065763e-320.0172810023410.4147440561851.030.01.00.00.00.00.01.00.00.00.00.01.00.0-4.93038065763e-320.0172810023410.4147440561851.040.01.00.00.00.00.01.00.00.00.00.01.00.0-4.93038065763e-320.0172810023410.4147440561851.060.01.00.00.00.00.01.00.00.00.00.01.00.0-4.93038065763e-320.0172810023410.4147440561851.075.01.00.00.00.00.01.00.00.00.00.01.00.0-4.93038065763e-320.0172810023410.4147440561851.090.01.00.00.00.00.01.00.00.00.00.01.00.0-4.93038065763e-320.0172810023410.4147440561851.0120.01.00.00.00.00.01.00.00.00.00.01.00.0-4.93038065763e-320.0172810023410.4147440561851.0leftFrontLegfronthip1.01.00.00.00.00.01.00.00.00.00.01.00.00.140147772131-0.207372028092-0.03322591431531.030.00.999989317248-3.7269319459e-05-0.004622120785370.00.0002489435493040.9989504242470.04580379813680.00.00461556244308-0.04580445947340.9989397619860.00.140147772131-0.207372028092-0.03322591431531.040.00.9999754439590.000412556612665-0.006995804141890.05.68654686175e-050.9977551265870.06696793363830.00.00700772751103-0.06696668699060.9977306022110.00.140147772131-0.207372028092-0.03322591431531.060.00.9999533922080.00121026110614-0.009578553164690.0-0.000355713762460.9960567069580.08871814917150.00.00964815424799-0.08871060699120.996010713460.00.140147772131-0.207372028092-0.03322591431531.075.00.9999672194630.000705678094289-0.008066102954420.0-8.95966776151e-050.9970982350710.07612556462840.00.00809641716313-0.07612234649560.9970656128830.00.140147772131-0.207372028092-0.03322591431531.090.00.999988744831-2.11549490385e-05-0.004744445524680.00.0002437752962710.998898308430.0469266447620.00.00473822587827-0.04692727317330.9988870708180.00.140147772131-0.207372028092-0.03322591431531.0120.01.00.00.00.00.01.00.00.00.00.01.00.00.140147772131-0.207372028092-0.03322591431531.0leftFrontLeg2leftFrontLeg1.01.00.00.00.00.01.00.00.00.00.01.00.00.0217493221879-0.322578710366-0.1248448292021.030.00.9999219204940.007196605745410.01021576145220.0-0.006029776414580.993915680871-0.1099784575090.0-0.01094507709860.1099082716880.9938814703480.00.0217493221879-0.322578710366-0.1248448292021.040.00.9998319588320.01055705384680.01498675123830.0-0.008008167473650.986928758782-0.1609580514990.0-0.01649009861460.1608109875060.9868474567760.00.0217493221879-0.322578710366-0.1248448292021.060.00.9997028009910.01403859646150.01993056699420.0-0.009465925465140.976935415057-0.213325083060.0-0.0224656614950.2130730217950.9767779591270.00.0217493221879-0.322578710366-0.1248448292021.075.00.9997821738960.01201922344390.01706291381960.0-0.008694879978810.983071642403-0.1830151495510.0-0.01897376668890.1828269240870.9829620094420.00.0217493221879-0.322578710366-0.1248448292021.090.00.9999180172940.007374273696080.01046798826570.0-0.006148115211170.993612056872-0.1126822129630.0-0.01123206883110.1126086165730.9935759357510.00.0217493221879-0.322578710366-0.1248448292021.0120.01.00.00.00.00.01.00.00.00.00.01.00.00.0217493221879-0.322578710366-0.1248448292021.0leftFrontLeg3leftFrontLeg21.01.00.00.00.00.01.00.00.00.00.01.00.00.0295529484147-0.230607460450.125200639871.030.01.00.00.00.00.01.00.00.00.00.01.00.00.0295529484147-0.230607460450.125200639871.040.01.00.00.00.00.01.00.00.00.00.01.00.00.0295529484147-0.230607460450.125200639871.060.01.00.00.00.00.01.00.00.00.00.01.00.00.0295529484147-0.230607460450.125200639871.075.01.00.00.00.00.01.00.00.00.00.01.00.00.0295529484147-0.230607460450.125200639871.090.01.00.00.00.00.01.00.00.00.00.01.00.00.0295529484147-0.230607460450.125200639871.0120.01.00.00.00.00.01.00.00.00.00.01.00.00.0295529484147-0.230607460450.125200639871.0rightFrontLegfronthip1.01.00.00.00.00.01.00.00.00.00.01.00.0-0.152560435703-0.207372028092-0.03322591431531.030.00.999992867307-0.001454834786820.003485511703920.00.00129293647510.9989401784660.04600921822170.0-0.00354875349475-0.04600438350680.9989349343410.0-0.152560435703-0.207372028092-0.03322591431531.040.00.999983869792-0.002460865348430.005119013370680.00.002110959282480.9977325205350.06727080583350.0-0.00527295050801-0.06725891471260.9977216216880.0-0.152560435703-0.207372028092-0.03322591431531.060.00.999969951161-0.003728674365980.006796599377430.00.003108178909250.9960157822860.08912295249390.0-0.00710183071417-0.08909914940580.9959974425550.0-0.152560435703-0.207372028092-0.03322591431531.075.00.999978631486-0.002965094109710.005826215529210.00.002510918666750.9970686338570.07647113616590.0-0.00603588087367-0.07645487293810.9970547730920.0-0.152560435703-0.207372028092-0.03322591431531.090.00.999992491225-0.00150274042240.003572011286160.00.001332704101830.9988875357180.04713719219080.0-0.00363887251529-0.04713207781420.9988820380040.0-0.152560435703-0.207372028092-0.03322591431531.0120.01.00.00.00.00.01.00.00.00.00.01.00.0-0.152560435703-0.207372028092-0.03322591431531.0rightFrontLeg2rightFrontLeg1.01.00.00.00.00.01.00.00.00.00.01.00.0-0.0216383201614-0.322578710366-0.1248448292021.030.00.999963688307-0.00210865899426-0.008256853153290.00.001181750652170.993853741672-0.1106948220560.00.008439522032980.1106810449990.9938201450690.0-0.0216383201614-0.322578710366-0.1248448292021.040.00.999921876581-0.00309284509507-0.01211094726410.00.001090394524550.986793976324-0.1619767246560.00.01245197872620.161950864770.9867202570260.0-0.0216383201614-0.322578710366-0.1248448292021.060.00.999861875773-0.004112256089-0.0161033762020.00.0005601520305250.976694251559-0.2146346318780.00.0166107075390.2145959652970.9765616499090.0-0.0216383201614-0.322578710366-0.1248448292021.075.00.999898745417-0.00352100211949-0.01378772851630.00.0009217413067740.982896075926-0.1841587747630.00.01420032769090.1841274191240.9827997986470.0-0.0216383201614-0.322578710366-0.1248448292021.090.00.999961873765-0.00216069960086-0.008460637914010.00.001187237879310.993546983919-0.1134150837020.00.008651097207580.1134007148220.9935116689780.0-0.0216383201614-0.322578710366-0.1248448292021.0120.01.00.00.00.00.01.00.00.00.00.01.00.0-0.0216383201614-0.322578710366-0.1248448292021.0rightFrontLeg3rightFrontLeg21.01.00.00.00.00.01.00.00.00.00.01.00.0-0.0195457280648-0.230607460450.125200639871.030.01.00.00.00.00.01.00.00.00.00.01.00.0-0.0195457280648-0.230607460450.125200639871.040.01.00.00.00.00.01.00.00.00.00.01.00.0-0.0195457280648-0.230607460450.125200639871.060.01.00.00.00.00.01.00.00.00.00.01.00.0-0.0195457280648-0.230607460450.125200639871.075.01.00.00.00.00.01.00.00.00.00.01.00.0-0.0195457280648-0.230607460450.125200639871.090.01.00.00.00.00.01.00.00.00.00.01.00.0-0.0195457280648-0.230607460450.125200639871.0120.01.00.00.00.00.01.00.00.00.00.01.00.0-0.0195457280648-0.230607460450.125200639871.0headfronthip1.01.00.00.00.00.01.00.00.00.00.01.00.0-7.45074947298e-170.04239864599120.296709329291.060.01.00.00.00.00.00.9474101572470.3200218647920.00.0-0.3200218647920.9474101572470.0-7.45074947298e-17-0.0002864879645720.2737037566731.0120.01.00.00.00.00.01.00.00.00.00.01.00.0-7.45074947298e-170.04239864599120.296709329291.0explode1head1.01.00.00.00.00.01.00.00.00.00.01.00.0-2.64162493792e-170.16925249830.01060088588951.030.01.00.00.00.00.01.00.00.00.00.01.00.0-2.64162493792e-170.16925249830.01060088588951.040.01.00.00.00.00.01.00.00.00.00.01.00.0-2.64162493792e-170.16925249830.01060088588951.060.01.00.00.00.00.01.00.00.00.00.01.00.0-2.64162493792e-170.16925249830.01060088588951.075.01.00.00.00.00.01.00.00.00.00.01.00.0-2.64162493792e-170.16925249830.01060088588951.090.01.00.00.00.00.01.00.00.00.00.01.00.0-2.64162493792e-170.16925249830.01060088588951.0120.01.00.00.00.00.01.00.00.00.00.01.00.0-2.64162493792e-170.16925249830.01060088588951.0explode2hip1.01.00.00.00.00.01.00.00.00.00.01.00.0-4.93038065763e-320.3225787103660.2102521951491.030.01.00.00.00.00.01.00.00.00.00.01.00.0-4.93038065763e-320.3225787103660.2102521951491.040.01.00.00.00.00.01.00.00.00.00.01.00.0-4.93038065763e-320.3225787103660.2102521951491.060.01.00.00.00.00.01.00.00.00.00.01.00.0-4.93038065763e-320.3225787103660.2102521951491.075.02.052077617720.00.00.00.02.052077617720.00.00.00.02.052077617720.0-4.93038065763e-320.3225787103660.2102521951491.090.01.00.00.00.00.01.00.00.00.00.01.00.0-4.93038065763e-320.3225787103660.2102521951491.0120.01.00.00.00.00.01.00.00.00.00.01.00.0-4.93038065763e-320.3225787103660.2102521951491.0explode3hip1.01.00.00.00.00.01.00.00.00.00.01.00.02.46519032882e-320.250574533945-0.2476943668881.030.01.390055371890.00.00.00.01.390055371890.00.00.00.01.390055371890.02.46519032882e-320.250574533945-0.2476943668881.040.02.219306949910.00.00.00.02.219306949910.00.00.00.02.219306949910.02.46519032882e-320.250574533945-0.2476943668881.060.01.00.00.00.00.01.00.00.00.00.01.00.02.46519032882e-320.250574533945-0.2476943668881.075.01.00.00.00.00.01.00.00.00.00.01.00.02.46519032882e-320.250574533945-0.2476943668881.090.01.00.00.00.00.01.00.00.00.00.01.00.02.46519032882e-320.250574533945-0.2476943668881.0120.01.00.00.00.00.01.00.00.00.00.01.00.02.46519032882e-320.250574533945-0.2476943668881.0tailhip1.01.00.00.00.00.01.00.00.00.00.01.00.0-4.93038065763e-32-0.0662438423073-0.4205043902981.030.00.6918954491690.00.7219977059650.0-0.01.00.00.0-0.721997705965-0.00.6918954491690.0-4.93038065763e-32-0.0662438423073-0.4205043902981.040.00.7706127614640.00.6373036731960.0-0.01.00.00.0-0.637303673196-0.00.7706127614640.0-4.93038065763e-32-0.0662438423073-0.4205043902981.060.00.999911656520.0-0.0132920711130.00.01.00.00.00.0132920711130.00.999911656520.0-4.93038065763e-32-0.0662438423073-0.4205043902981.075.00.8654373706990.0-0.5010171228590.00.01.00.00.00.5010171228590.00.8654373706990.0-4.93038065763e-32-0.0662438423073-0.4205043902981.090.00.7281732746110.0-0.6853930858580.00.01.00.00.00.6853930858580.00.7281732746110.0-4.93038065763e-32-0.0662438423073-0.4205043902981.0120.01.00.00.00.00.01.00.00.00.00.01.00.0-4.93038065763e-32-0.0662438423073-0.4205043902981.0explode4tail1.01.00.00.00.00.01.00.00.00.00.01.00.08.75639408542e-17-0.106745361804-0.2974113481151.030.01.629101732310.00.00.00.01.629101732310.00.00.00.01.629101732310.08.75639408542e-17-0.106745361804-0.2974113481151.040.01.89796316760.00.00.00.01.89796316760.00.00.00.01.89796316760.08.75639408542e-17-0.106745361804-0.2974113481151.060.02.291022940470.00.00.00.02.291022940470.00.00.00.02.291022940470.08.75639408542e-17-0.106745361804-0.2974113481151.075.02.048956140850.00.00.00.02.048956140850.00.00.00.02.048956140850.08.75639408542e-17-0.106745361804-0.2974113481151.090.01.645511470230.00.00.00.01.645511470230.00.00.00.01.645511470230.08.75639408542e-17-0.106745361804-0.2974113481151.0120.01.00.00.00.00.01.00.00.00.00.01.00.08.75639408542e-17-0.106745361804-0.2974113481151.0