hiproot1.04.4408920985e-16-0.9925576340380.1217757903360.0-4.99600361081e-160.1217757903360.9925576340380.0-1.0-4.99600361081e-16-4.4408920985e-160.00.00.77827042637-0.005253502302771.010.04.4408920985e-16-0.990985116897-0.1339720048680.0-3.88578058619e-16-0.1339720048680.9909851168970.0-1.0-3.88578058619e-16-4.4408920985e-160.08.27616066601e-330.7109937242360.1827818298431.020.06.66133814775e-16-0.934645393755-0.3555811973830.0-2.22044604925e-16-0.3555811973830.9346453937550.0-1.0-4.99600361081e-16-4.4408920985e-160.0-6.02078446845e-320.580917983620.4166526809421.040.08.881784197e-16-0.863314105674-0.5046669742950.0-1.66533453694e-16-0.5046669742950.8633141056740.0-1.0-6.10622663544e-16-6.66133814775e-160.0-9.86076131526e-320.367780943490.7829203438441.060.08.881784197e-16-0.863314105674-0.5046669742950.0-1.66533453694e-16-0.5046669742950.8633141056740.0-1.0-6.10622663544e-16-6.66133814775e-160.0-7.39557098645e-320.367780943490.9185609047321.0leftBackLeghip1.00.818062282276-0.5744482990510.02798667601150.0-0.574882060333-0.8181690781690.01048695547390.00.0168736191791-0.0246680206964-0.9995532850880.00.206606668548-0.0845918439641-0.1813650762551.010.00.788849409667-0.6139350973920.02828966345620.0-0.557712597445-0.6957512273690.4526443286560.0-0.258211671926-0.372845713137-0.8912422828150.00.213325046259-0.0813401255394-0.2443580525931.020.00.727034128249-0.6859938657640.02887546528110.0-0.68639859416-0.7271983316980.00628938080850.00.0166837135254-0.024392673268-0.9995632302130.00.226314653516-0.0750531098317-0.1813650762551.040.00.611854119147-0.790407737070.02983531569670.0-0.790790628332-0.6120842245440.001756190922790.00.0168736191791-0.0246680206964-0.9995532850880.00.247598917973-0.0647514508745-0.1813650762551.060.00.611854119147-0.790407737070.02983531569670.0-0.790790628332-0.6120842245440.001756190922790.00.0168736191791-0.0246680206964-0.9995532850880.00.247598917973-0.0647514508745-0.1813650762551.0leftBackLeg2leftBackLeg1.00.3212208372450.920874761749-0.2209227170130.0-0.9415982511690.3354659391130.02924614658670.00.1010440850040.1986259722910.9748527150380.00.208704887156-0.09822145387610.0276006712851.010.00.2098554076610.520954099355-0.8273859644940.0-0.932492906344-0.147789426526-0.3295683010030.0-0.2939688546330.8406932328580.4547715918270.00.190439594689-0.09507590659590.1290821119421.020.00.3212208372450.920874761749-0.2209227170130.0-0.9415982511690.3354659391130.02924614658670.00.1010440850040.1986259722910.9748527150380.00.208704887156-0.09822145387610.0276006712851.040.00.3212208372450.920874761749-0.2209227170130.0-0.9415982511690.3354659391130.02924614658670.00.1010440850040.1986259722910.9748527150380.00.208704887156-0.09822145387610.0276006712851.060.00.3212208372450.920874761749-0.2209227170130.0-0.9415982511690.3354659391130.02924614658670.00.1010440850040.1986259722910.9748527150380.00.208704887156-0.09822145387610.0276006712851.0leftBackLeg3leftBackLeg21.00.239957302906-0.970553443208-0.02113070416160.0-0.962376388124-0.2406813101850.1261118333420.0-0.127484039642-0.00992576464366-0.9917909552080.00.20033445462-0.08409466049770.02096214291951.010.00.239957302906-0.970553443208-0.02113070416160.0-0.962376388124-0.2406813101850.1261118333420.0-0.127484039642-0.00992576464366-0.9917909552080.00.194705767745-0.08279869968610.04411366263751.020.00.239957302906-0.970553443208-0.02113070416160.0-0.962376388124-0.2406813101850.1261118333420.0-0.127484039642-0.00992576464366-0.9917909552080.00.188113130354-0.08128079686220.07123003594421.040.00.239957302906-0.970553443208-0.02113070416160.0-0.962376388124-0.2406813101850.1261118333420.0-0.127484039642-0.00992576464366-0.9917909552080.00.20033445462-0.08409466049770.02096214291951.060.00.239957302906-0.970553443208-0.02113070416160.0-0.962376388124-0.2406813101850.1261118333420.0-0.127484039642-0.00992576464366-0.9917909552080.00.20033445462-0.08409466049770.02096214291951.0leftBackLeg4leftBackLeg31.0-0.4332286811750.9012839014730.0004886225307290.0-0.886386393454-0.42596946539-0.1812985826070.0-0.163193355586-0.07897685420460.9834279766170.00.281932024340.00214338995244-0.006009327753221.010.00.3639524805750.7948726127610.4855060466830.0-0.9283376798540.3519246873360.1197420836940.0-0.0756818607553-0.4942939853220.8659940600410.00.2399391312440.0136640114876-0.07342862193821.020.00.891517819323-0.4479566671990.06731123339450.00.3924926005160.838072303090.3789252872720.0-0.226153789198-0.3113994847560.9229760693130.00.209694536649-0.0331596746539-0.09805935581851.040.00.7908766048480.426347688857-0.4390237398030.0-0.3930922542310.9037390728350.1695115568190.00.4690337680460.03851410700030.8823400636910.00.2848493647340.0136073101192-0.002343367934311.060.00.7908766048480.426347688857-0.4390237398030.0-0.3930922542310.9037390728350.1695115568190.00.4690337680460.03851410700030.8823400636910.00.2848493647340.0136073101192-0.002343367934311.0rightBackLeghip1.00.818062282276-0.5744482990510.02798667601150.0-0.574882060333-0.8181690781690.01048695547390.00.0168736191791-0.0246680206964-0.9995532850880.00.206606668548-0.08459184396410.1842045892931.010.00.788849409667-0.6139350973920.02828966345620.0-0.554850714398-0.731216474129-0.3968162707030.00.2643053037670.297331740911-0.9174620113370.00.213325046259-0.08134012553940.2898074784491.020.00.727034128249-0.6859938657640.02887546528110.0-0.68639859416-0.7271983316980.00628938080850.00.0166837135254-0.024392673268-0.9995632302130.00.226314653516-0.07505310983170.1842045892931.040.00.611854119147-0.790407737070.02983531569670.0-0.790790628332-0.6120842245440.001756190922790.00.0168736191791-0.0246680206964-0.9995532850880.00.247598917973-0.06475145087450.1842045892931.060.00.611854119147-0.790407737070.02983531569670.0-0.790790628332-0.6120842245440.001756190922790.00.0168736191791-0.0246680206964-0.9995532850880.00.247598917973-0.06475145087450.1842045892931.0rightBackLeg2rightBackLeg1.00.3256150057320.9293767817030.1738783070820.0-0.9421523571670.334394680211-0.02300290703810.0-0.0795223486051-0.156329765170.9844984512910.00.208704887156-0.0982214525289-0.06280562496911.010.00.05504436705860.7664436570450.6399486215550.0-0.986250691991-0.05828467116450.1546365728210.00.155819415355-0.6396616431230.7526973442990.00.21155278224-0.109888233958-0.160886037761.020.00.3256150057320.9293767817030.1738783070820.0-0.9421523571670.334394680211-0.02300290703810.0-0.0795223486051-0.156329765170.9844984512910.00.208704887156-0.0982214525289-0.06280562496911.040.00.3256150057320.9293767817030.1738783070820.0-0.9421523571670.334394680211-0.02300290703810.0-0.0795223486051-0.156329765170.9844984512910.00.208704887156-0.0982214525289-0.06280562496911.060.00.3256150057320.9293767817030.1738783070820.0-0.9421523571670.334394680211-0.02300290703810.0-0.0795223486051-0.156329765170.9844984512910.00.208704887156-0.0982214525289-0.06280562496911.0rightBackLeg3rightBackLeg21.00.241860452079-0.9703107943020.0006958318760130.0-0.968418476971-0.241433415282-0.06225399140480.00.06057371691470.0143829220593-0.9980600965730.00.202011129901-0.0834530731366-0.003592640679571.010.00.241860452079-0.9703107943020.0006958318760130.0-0.870812731038-0.217375696555-0.4409455680810.00.4280055013470.106041355182-0.8975335769810.00.202011129901-0.0834530731366-0.003592640679571.020.00.241860452079-0.9703107943020.0006958318760130.0-0.968418476971-0.241433415282-0.06225399140480.00.06057371691470.0143829220593-0.9980600965730.00.202011129901-0.0834530731366-0.003592640679571.040.00.241860452079-0.9703107943020.0006958318760130.0-0.968418476971-0.241433415282-0.06225399140480.00.06057371691470.0143829220593-0.9980600965730.00.202011129901-0.0834530731366-0.003592640679571.060.00.241860452079-0.9703107943020.0006958318760130.0-0.968418476971-0.241433415282-0.06225399140480.00.06057371691470.0143829220593-0.9980600965730.00.202011129901-0.0834530731366-0.003592640679571.0rightBackLeg4rightBackLeg31.0-0.4734918110160.880797388387-0.00121058315780.0-0.880409695048-0.4732416855110.03034923328490.00.02615862700280.01543592257980.9995386228290.00.2817788013450.00263756106921-0.01539062067661.010.00.3272656514970.888924764399-0.3204839412350.0-0.9419743305360.280089065506-0.1850256090270.0-0.07470979830150.3624401724740.9290078403410.00.175618679282-0.02940081933730.02717881797021.020.00.983495658894-0.118401503390.1368114502950.00.117370023310.9929655520180.01561057761350.0-0.1376973731230.0007046277945240.9904740970540.00.18755610915-0.0982751693960.003298020320421.040.00.9677890004650.2268836510010.1091249718780.0-0.1867999721940.937705569805-0.2929403262520.0-0.168790464680.2631198838270.949882995830.00.2845962872380.0144233849164-0.01794556322891.060.00.9677890004650.2268836510010.1091249718780.0-0.1867999721940.937705569805-0.2929403262520.0-0.168790464680.2631198838270.949882995830.00.2845962872380.0144233849164-0.01794556322891.0fronthiphip1.00.985675858126-0.1686508307360.00.0-0.168650830736-0.9856758581261.22464679915e-160.0-2.06537700035e-17-1.20710478465e-16-1.00.00.02634951118120.4090877313991.90331725309e-171.010.00.989874992567-0.141923035202-0.002313259697490.0-0.141919857499-0.9898770369140.001485206309120.0-0.00250062764226-0.00114187109757-0.9999962214890.00.02634951118120.4090877313991.90331725309e-171.020.00.9959215304-0.0899680976051-0.006785771777280.0-0.0899398710159-0.995937668250.004356668715020.0-0.00715016691733-0.00372858873572-0.9999674858410.00.02634951118120.4090877313991.90331725309e-171.040.00.999890823432-0.00437475056869-0.01411392127250.0-0.00424710893383-0.9999499288990.009061002154690.0-0.0141528541972-0.00900006954445-0.999859337840.00.02634951118120.4090877313991.90331725309e-171.060.00.999890823432-0.00437475056869-0.01411392127250.0-0.00424710893383-0.9999499288990.009061002154690.0-0.0141528541972-0.00900006954445-0.999859337840.00.02634951118120.4090877313991.90331725309e-171.0leftFrontLegfronthip1.00.987776291615-0.155746677861-0.006400785773080.00.1558711648620.9872876842610.03109997540960.00.00147569911175-0.03171751631390.9994957836180.00.281148073908-0.002774439814280.1401477721311.010.00.9815519528830.1782788277860.06908272834490.0-0.1825647729840.9812589267050.06165243244980.0-0.0567967204822-0.07312713808850.9957040495130.00.203302333203-0.01473301694110.2118015673971.020.00.8208194962370.5299263661320.2131511226220.0-0.5618230075750.8163366796930.1339751228660.0-0.103006129701-0.2297225976390.9677898869990.00.181156565466-0.04022116329680.2098949314221.040.00.7678095745790.469237587740.4362161659510.0-0.617327790890.7239959808160.3077924923650.0-0.171390944274-0.5056143846980.845564449470.00.1063648949670.03433946734780.2854963586781.060.00.7678095745790.469237587740.4362161659510.0-0.617327790890.7239959808160.3077924923650.0-0.171390944274-0.5056143846980.845564449470.00.1063648949670.03433946734780.2854963586781.0leftFrontLeg2leftFrontLeg1.00.781649507288-0.620832436564-0.05992606666270.0-0.620167287568-0.7838415119080.03138502255890.0-0.06645737872240.0126320987974-0.9977092997930.00.2960853580730.0390020941657-0.00906723568381.010.00.885470858692-0.3702697976210.2807875271030.0-0.384722269909-0.923023952497-0.003944382457460.00.260634098773-0.104532579068-0.959761848830.00.1843515852940.09973524136460.03622073352241.020.00.982403046499-0.151965917277-0.108584594740.0-0.152111238738-0.9883386465470.00699219499460.0-0.1083809267270.00964778354933-0.9940626212640.00.2347939572890.131764065609-0.0108051469511.040.00.997503184087-0.0231016269316-0.06673614140840.0-0.0238917255617-0.99965331236-0.0110652852020.0-0.06645737872240.0126320987974-0.9977092997930.00.255139296240.128207449532-0.01846071358751.060.00.997503184087-0.0231016269316-0.06673614140840.0-0.0238917255617-0.99965331236-0.0110652852020.0-0.06645737872240.0126320987974-0.9977092997930.00.255139296240.128207449532-0.01846071358751.0leftFrontLeg3leftFrontLeg21.00.5137438951470.841820230279-0.1655473046960.0-0.8579301242760.502999929661-0.104627781310.0-0.00480750033820.1957799036020.9806360779040.00.240079230711-0.094370557699-0.03144037799791.010.00.6511617740570.422937064019-0.6301686947840.0-0.5865177380270.807389708408-0.06417789133470.00.4816485097940.4113953070170.7738014049990.00.223755629616-0.112485681368-0.09608374238591.020.00.951704116524-0.3022481331320.05390121157720.00.3053123827140.913247654432-0.2697463079180.00.03230516294360.2731753790010.9614216498270.00.206435341814-0.12400536718-0.02990241724221.040.00.991354607899-0.0530676890938-0.1199994240510.00.01278417848530.949275230375-0.3141864124650.00.1305856277650.3099360536810.9417468006050.00.240079230711-0.094370557699-0.03144037799791.060.00.991354607899-0.0530676890938-0.1199994240510.00.01278417848530.949275230375-0.3141864124650.00.1305856277650.3099360536810.9417468006050.00.240079230711-0.094370557699-0.03144037799791.0rightFrontLegfronthip1.00.987776291615-0.155746677861-0.006400785773080.00.1558711648620.9872876842610.03109997540960.00.00147569911175-0.03171751631390.9994957836180.00.281148073908-0.00277443981428-0.1525604357031.010.00.9469293818850.0494604613647-0.3176136150810.0-0.08474806644770.991545815701-0.09825813248120.00.3100685584780.1199606524110.9431155448390.00.2103056754060.00295498331587-0.2327276400951.020.00.7163663964850.617593913746-0.324648954550.0-0.6573259748080.753410003437-0.01720260340540.00.23396954680.2257235575320.9456781306270.00.202453719264-0.000172232884078-0.2025533704341.040.00.4947340422110.608831087441-0.6201313848240.0-0.7650395476970.6436224964980.02155394306490.00.4122532206520.463761564780.7842018191090.00.1506625865860.117640512452-0.2562690616721.060.00.4947340422110.608831087441-0.6201313848240.0-0.7650395476970.6436224964980.02155394306490.00.4122532206520.463761564780.7842018191090.00.1506625865860.117640512452-0.2562690616721.0rightFrontLeg2rightFrontLeg1.00.780788614276-0.6214766412970.06431115096980.0-0.620946696744-0.783264592691-0.03036079114760.00.0692411699794-0.01622843671-0.9974679434560.00.2960853580730.03900209416570.01933252501081.010.00.542026389001-0.6483238203-0.5346808558930.0-0.685350829961-0.7092267212410.1652019907550.0-0.4863143361030.276900129845-0.8287488670230.00.1794219451930.0644769627848-0.04699162370751.020.00.908787897685-0.4016695964860.112987133250.0-0.410399232265-0.9093511481130.06821260574020.00.07534604952-0.108360623308-0.9912522121730.00.259548210810.1138003617560.006960113963091.040.00.848677610518-0.5198669612020.09738919886470.0-0.521538078914-0.853175692099-0.009448314874740.00.0880019638868-0.0427736023915-0.9952015239590.00.2903327387870.08095405827540.01454078948751.060.00.848677610518-0.5198669612020.09738919886470.0-0.521538078914-0.853175692099-0.009448314874740.00.0880019638868-0.0427736023915-0.9952015239590.00.2903327387870.08095405827540.01454078948751.0rightFrontLeg3rightFrontLeg21.00.5272646801070.845311898249-0.0862539957880.0-0.8476442646380.516212506153-0.1225718120850.0-0.05908601981410.1377404921210.9887044043050.00.239830087569-0.09429641508440.02313260004861.010.00.919318620260.385620912972-0.0784205707790.0-0.3923436375750.882841295688-0.2581815575940.0-0.03032728963690.2681189253050.9629083535810.00.219588839828-0.1113644647340.02328155245221.020.00.937957752971-0.34656720269-0.01124400559260.00.3111625563180.855561577832-0.4137538520460.00.1530134542720.3845849198240.9103193517970.00.195881142163-0.1313555327750.02345601395761.040.00.928138243145-0.2068270950830.3094865980160.00.2759464737390.940315642587-0.1991482762580.0-0.2498258298170.2702388666440.9298161160740.00.225596950839-0.1189835579160.02162871647541.060.00.928138243145-0.2068270950830.3094865980160.00.2759464737390.940315642587-0.1991482762580.0-0.2498258298170.2702388666440.9298161160740.00.225596950839-0.1189835579160.02162871647541.0headfronthip1.0-0.933213872411-0.3593213997797.65713739785e-160.0-0.3593213997790.9332138724112.46519032882e-320.0-7.14574684264e-16-2.7513733281e-16-1.00.0-0.0867229733134-0.2869027660540.01.010.0-0.972349684155-0.2242265487880.06525754011280.0-0.2231892202840.9745068521240.0228684742050.0-0.06872163903970.00767137417494-0.9976063784610.0-0.103416901517-0.299787536722-8.48169227422e-051.020.0-0.9806787744510.04492793109910.1903959620070.00.05843946558390.9961099492740.06595299704830.0-0.186692180350.0758053425857-0.9794894485560.0-0.135693677803-0.324699520265-0.0002488057005811.040.0-0.8122738092980.435514543970.3879927070450.00.5155811486760.8471552819960.1284679232950.0-0.2727404221210.304392855003-0.9126651368190.0-0.188581145839-0.36551932572-0.0005175113210951.060.0-0.8122738092980.435514543970.3879927070450.00.5155811486760.8471552819960.1284679232950.0-0.2727404221210.304392855003-0.9126651368190.0-0.188581145839-0.36551932572-0.0005175113210951.0explode1head1.01.11022302463e-160.0-1.00.00.8682431421240.4961389383571.66533453694e-160.00.496138938357-0.8682431421240.00.00.1522118332070.07476860834660.01.010.01.11022302463e-160.0-1.00.00.8682431421240.4961389383571.66533453694e-160.00.496138938357-0.8682431421240.00.00.1522118332070.07476860834660.01.020.01.11022302463e-160.0-1.00.00.8682431421240.4961389383571.66533453694e-160.00.496138938357-0.8682431421240.00.00.1522118332070.07476860834660.01.040.01.11022302463e-160.0-1.00.00.8682431421240.4961389383571.66533453694e-160.00.496138938357-0.8682431421240.00.00.1522118332070.07476860834660.01.060.03.22306097078e-160.0-2.90307523740.01.723515041940.9848657382533.30578957094e-160.00.984865738253-1.723515041940.00.00.1522118332070.07476860834660.01.0explode2hip1.04.4408920985e-160.0-1.00.0-0.9998405993450.0178542964169-4.4408920985e-160.00.01785429641690.9998405993450.00.0-0.3187733860940.2159780967240.01.010.00.10812379415-0.0019307820384-0.9941355627980.0-0.9939770969380.0177495910168-0.1081410319010.00.01785429641690.999840599345-2.22044604925e-160.0-0.3187733860940.215978096724-0.01298239395641.020.00.312472535996-0.00557986671421-0.9499104059520.0-0.9497589896110.0169599819573-0.3125223522630.00.01785429641690.9998405993450.00.0-0.3187733860940.215978096724-0.03808312550411.040.00.613900587464-0.0109625104904-0.7893072228710.0-0.7891814067830.0140925251211-0.613998459220.00.01785429641690.9998405993450.00.0-0.3187733860940.215978096724-0.07921220673411.060.00.315902387553-0.00564111406345-2.61696306850.0-2.142442789920.0382579069629-0.2587039220760.00.03853572873552.15800080919-4.79248829681e-160.0-0.3820751310790.0428421008724-0.07921220673411.0explode3hip1.04.4408920985e-160.0-1.00.0-0.9998405993450.0178542964169-4.4408920985e-160.00.01785429641690.9998405993450.00.0-0.254957000847-0.243181052240.01.010.0-0.0602959873283-0.030577336648-0.9977120929380.0-0.997695367382-0.02931422505550.06119338293010.0-0.03111828750340.999102448547-0.02873933697810.0-0.240518844543-0.2432488635670.01021616870991.020.0-0.175414948993-0.0896050848488-0.9804083457620.0-0.975306172628-0.1199230033090.1854625107960.0-0.1341918973090.988731208189-0.06635610484340.0-0.212603476918-0.2433799729750.02996855920541.040.0-0.353598334864-0.185656795694-0.9167877463150.0-0.88113662482-0.2628477587410.393076715320.0-0.3139529677890.946806532475-0.07064647251920.0-0.166862443244-0.2435948037420.06233405677381.060.0-0.0318024129536-0.209975486159-2.672768976170.0-2.19888525552-0.7229415699710.08295885896970.0-0.7271670617182.19296071346-0.1636289288950.0-0.167610208785-0.426700373579-0.03334909770971.0tailhip1.00.358059577859-0.9336987408710.00.0-0.933698740871-0.358059577859-1.22464679915e-160.01.14345117438e-164.38496515929e-17-1.00.00.0587254729665-0.421620098820.01.010.00.453769049388-0.8905465126710.03194618267080.0-0.890809242604-0.454265220592-0.01009963621810.00.0235062355313-0.0238750524632-0.9994385617740.00.0780332103816-0.4117462589682.09469764827e-171.020.00.621673294635-0.7776651067960.09359111287490.0-0.779018376057-0.626306356589-0.02950792201680.00.0815639902404-0.0545649096671-0.9951733447640.00.115363640473-0.3926557417014.54812636858e-171.040.00.829337962623-0.5240905382950.193720549820.0-0.52310472163-0.850121952853-0.06044928028280.00.196366987964-0.0512032513358-0.9791926435030.00.176531828779-0.3613747640799.46001992725e-171.060.00.829337962623-0.5240905382950.193720549820.0-0.52310472163-0.850121952853-0.06044928028280.00.196366987964-0.0512032513358-0.9791926435030.00.176531828779-0.3613747640799.46001992725e-171.0explode4tail1.04.4408920985e-160.01.00.0-0.3746730370120.9271570068421.66533453694e-160.0-0.927157006842-0.3746730370124.4408920985e-160.00.3157416242130.01246230289570.01.010.04.4408920985e-160.01.00.0-0.3746730370120.9271570068421.66533453694e-160.0-0.927157006842-0.3746730370124.4408920985e-160.00.3157416242130.01246230289570.01.020.04.4408920985e-160.01.00.0-0.3746730370120.9271570068421.66533453694e-160.0-0.927157006842-0.3746730370124.4408920985e-160.00.3157416242130.01246230289570.01.040.04.4408920985e-160.01.00.0-0.3746730370120.9271570068421.66533453694e-160.0-0.927157006842-0.3746730370124.4408920985e-160.00.3157416242130.01246230289570.01.060.0-0.238394513919-0.001311409499861.963652290350.0-1.130022059631.61780364865-0.1361083415140.0-1.60592097625-1.13818874361-0.1957247644840.00.4777421425050.1030643839530.04625244937281.0