hiproot1.04.4408920985e-16-0.9925576340380.1217757903360.0-4.99600361081e-160.1217757903360.9925576340380.0-1.0-4.99600361081e-16-4.4408920985e-160.00.00.77827042637-0.005253502302771.012.04.4408920985e-16-0.9925576340380.1217757903360.0-4.99600361081e-160.1217757903360.9925576340380.0-1.0-4.99600361081e-16-4.4408920985e-160.00.00.658155561689-0.02471531900591.020.04.4408920985e-16-0.9925576340380.1217757903360.0-4.99600361081e-160.1217757903360.9925576340380.0-1.0-4.99600361081e-16-4.4408920985e-160.00.00.583732557142-0.0367738338021.026.04.4408920985e-16-0.999950956810.009903735364250.0-4.99600361081e-160.009903735364250.999950956810.0-1.0-4.99600361081e-16-4.4408920985e-160.00.00.6249618243960.09856488048871.030.05.55111512313e-16-0.989866223817-0.1420030244240.0-4.4408920985e-16-0.1420030244240.9898662238170.0-1.0-6.10622663544e-16-6.66133814775e-160.00.00.6809713984910.2824212550061.040.00.00442009416484-0.695177556345-0.7188244764350.0-0.0187262635967-0.7187629898190.6950029435320.0-0.9998148777750.0103889181702-0.01619507826380.0-8.67361737988e-190.7464963453791.031520783981.045.00.00372945817238-0.492169093745-0.8704916279340.0-0.0158005963963-0.870418012530.4920597774840.0-0.9998682074630.0119191705209-0.01102275277920.0-7.31836510049e-190.8675304937311.537420260081.060.04.4408920985e-160.000331067761443-0.9999999451970.05.49636291342e-16-0.999999945197-0.0003310677614430.0-1.0-5.49446555961e-16-6.66133814775e-160.04.93038065763e-321.206061191862.774206859391.0leftBackLeghip1.00.818062282276-0.5744482990510.02798667601150.0-0.574882060333-0.8181690781690.01048695547390.00.0168736191791-0.0246680206964-0.9995532850880.00.206606668548-0.0845918439641-0.1813650762551.012.00.838172108137-0.5438693471190.04091027262130.0-0.543774431167-0.839108077029-0.01438760134270.00.0421531155389-0.0101866740751-0.9990592307370.00.177878214033-0.0817953056721-0.1813650762551.020.00.849989530582-0.5245237624650.04891442026970.0-0.52367762694-0.851395755439-0.02978272424520.00.057267276375-0.000300383729393-0.9983588377060.00.148174514906-0.0800625744021-0.1813650762551.026.00.833447557427-0.551189461239-0.03943788581570.0-0.549723297765-0.8342676801810.04244683381290.0-0.0562980009714-0.0136972853144-0.9983200486120.00.138082726614-0.0834595408217-0.1824970750441.030.00.808653427362-0.581764722914-0.08734667474510.0-0.570247978345-0.8116557365240.1266183579110.0-0.144557523529-0.0525811044034-0.9880983502930.00.133672134597-0.0880742880878-0.184034884721.040.00.728318699722-0.683136480829-0.05363226823080.0-0.620449095323-0.6906541583510.3715370152030.0-0.290851838139-0.237321263507-0.926867750080.00.124283699806-0.104987910217-0.1896711483511.045.00.665673864832-0.725878624767-0.1731430847210.0-0.565254848455-0.6419460319630.5180658725930.0-0.487201459335-0.246992943531-0.8376331081490.00.120501129578-0.113160969222-0.1923947232851.060.00.363773448878-0.573698454152-0.7338521387820.0-0.147074425944-0.8133211558710.5629190089580.0-0.919803235004-0.0968441072886-0.3802410127260.00.112674078045-0.131337546116-0.1984518518081.0leftBackLeg2leftBackLeg1.00.3212208372450.920874761749-0.2209227170130.0-0.9415982511690.3354659391130.02924614658670.00.1010440850040.1986259722910.9748527150380.00.208704887156-0.09822145387610.0276006712851.012.00.4611738330960.862178747797-0.2096819079340.0-0.8742570344790.481904352570.05867565626260.00.1516355279310.1562562057070.97600751270.00.135313438965-0.1212508653660.02707954784621.020.00.6005535846640.776879130548-0.1891935740620.0-0.7766104153340.6230466539350.09321550201120.00.1902936014220.09094879625210.9775053256730.00.0898401988555-0.1464669829780.02491518202891.026.00.6685671324570.729780633757-0.14296228870.0-0.7196678277210.6833661035460.1228372348580.00.1873398172870.02076042188620.9820757596750.00.148408926226-0.1612394420070.01615159528871.030.00.7211964988630.684557043789-0.1061002536560.0-0.6694938357390.7281178334460.1470456545640.00.177914625411-0.03501534545110.9834227532690.00.180224037391-0.1658111305250.01201931301151.040.00.8891870152980.456448998591-0.03163484646180.0-0.4392846122580.8709963916140.2199870796840.00.127966719342-0.1817129535270.9749897031570.00.160275284229-0.1449230826520.01419724974681.045.00.9428040242850.3333435158110.001634704623590.0-0.3228968874480.9120173094890.2529071514780.00.0828140801346-0.2389697212180.967489173310.00.144155986433-0.1280448021380.0159570996041.060.00.9963582759890.04339669829070.07339558873120.0-0.06489576842850.944295463580.322636973550.0-0.0553057420871-0.3262250818670.94367286220.00.103278862347-0.08524296233680.02041992441661.0leftBackLeg3leftBackLeg21.00.239957302906-0.970553443208-0.02113070416160.0-0.962376388124-0.2406813101850.1261118333420.0-0.127484039642-0.00992576464366-0.9917909552080.00.20033445462-0.08409466049770.02096214291951.012.00.466366919487-0.8835345696770.0432268503890.0-0.870729064949-0.4498929609110.1985628846870.0-0.155989717163-0.130242035876-0.9791344239840.00.2213029234670.01768434551340.01169628474521.020.00.631613118472-0.7699516550340.09077068626290.0-0.763928577724-0.5981168420350.2422176116870.0-0.132204374779-0.222330142322-0.9659665165540.00.2454059528580.08074647730930.005955171795771.026.00.649164494573-0.7547758621650.09433375259710.0-0.750490710967-0.6153516820580.241051861930.0-0.123891693579-0.227278915171-0.9659167370850.00.2642957723080.02902838152070.007819954677621.030.00.665732270497-0.7397486450220.09783908322470.0-0.73711451555-0.6315689987990.2403805123580.0-0.116029026471-0.232147672708-0.9657353276510.00.2709494991440.0009346010922520.008832923156651.040.00.807864920768-0.5675117133820.1590117132960.0-0.589155973424-0.7703957906070.2436915361580.0-0.0157958466412-0.290552544283-0.9567286502660.00.2624239069620.0154969530680.006857474438151.045.00.784391042888-0.6022548952930.1483904745310.0-0.619226707192-0.7464889365470.2435416857810.0-0.0359023249434-0.282919261819-0.9584715511450.00.2573701451580.03317455062940.006446700557691.060.00.631613118472-0.7699516550340.09077068626290.0-0.763928577724-0.5981168420350.2422176116870.0-0.132204374779-0.222330142322-0.9659665165540.00.2454059528580.08074647730930.005955171795771.0leftBackLeg4leftBackLeg31.0-0.4332286811750.9012839014730.0004886225307290.0-0.886386393454-0.42596946539-0.1812985826070.0-0.163193355586-0.07897685420460.9834279766170.00.281932024340.00214338995244-0.006009327753221.012.0-0.3884063503620.921485232195-0.002339625153850.0-0.911798491077-0.384688137394-0.1436612286530.0-0.133281726685-0.05366566682450.9896241597370.00.2863255942780.000329178797635-0.007305682755291.020.0-0.3601224034120.93279871846-0.01408564519530.0-0.925513796353-0.359125332665-0.1202214964060.0-0.117200969796-0.03025799526880.9926471610810.00.289047844154-0.000794903932522-0.008108902527211.026.0-0.582383898150.803575527631-0.1228632026580.0-0.772368393314-0.594116525545-0.2246611205420.0-0.253527237558-0.03594336470940.9666602372860.00.289047844154-0.000794903932522-0.008108902527211.030.0-0.4231807656760.900031575332-0.1042170953660.0-0.884237221497-0.435338514088-0.1691298739730.0-0.1975919423470.02058012527270.9800683051520.00.289047844154-0.000794903932522-0.008108902527211.040.0-0.2948101985810.941629878113-0.1625426696520.0-0.940234620738-0.316194387227-0.1264118960030.0-0.1704282980540.115560729190.9785703414120.00.289047844154-0.000794903932522-0.008108902527211.045.0-0.1888921001230.964233733277-0.1859383825950.0-0.973634740753-0.208554501169-0.09241434759660.0-0.1278873180220.1635797287340.978205758640.00.289047844154-0.000794903932522-0.008108902527211.060.00.08294907787390.968681375485-0.2340423963030.0-0.9964726196990.0836198940958-0.007073294950190.00.01271883131130.2338035630590.9722006609910.00.289047844154-0.000794903932522-0.008108902527211.0rightBackLeghip1.00.818062282276-0.5744482990510.02798667601150.0-0.574882060333-0.8181690781690.01048695547390.00.0168736191791-0.0246680206964-0.9995532850880.00.206606668548-0.08459184396410.1842045892931.012.00.838443462988-0.5440454227880.03204898308440.0-0.544280392921-0.838901774631-0.001632912327670.00.0277743272623-0.0160745284391-0.999484965510.00.176069555468-0.08179530567210.1842045892931.020.00.849989530582-0.5245237624650.04891442026970.0-0.52367762694-0.851395755439-0.02978272424520.00.057267276375-0.000300383729393-0.9983588377060.00.148174514906-0.08006257440210.1842045892931.026.00.828722716825-0.5439545640040.1316513992260.0-0.533580003785-0.838905373874-0.107378551150.00.1688521192630.0187404905401-0.9854632189150.00.144041620016-0.08237494523510.185656806611.030.00.803830238229-0.56962279580.1714258399810.0-0.545639838049-0.820820084085-0.1689128671710.00.2369263920330.0422405026934-0.9706088937830.00.14323405523-0.08551627929870.187629630161.040.00.740401840216-0.6721571030360.003153386005680.0-0.640851171497-0.707317076868-0.298349340140.00.2027680719330.218877549351-0.954451532240.00.141349855477-0.09702965912920.1948602736391.045.00.689144270398-0.7154735458090.1147945113050.0-0.626040894484-0.667645100568-0.4028930604030.00.3649013195530.205785385621-0.9080194943130.00.140742961651-0.1025931945650.1983542904651.060.00.431472229271-0.6162445412170.6588432141170.0-0.372828133599-0.786844854442-0.4918072364610.00.821480917712-0.0334341211658-0.5692550055790.00.139628854502-0.1149662885490.2061248526091.0rightBackLeg2rightBackLeg1.00.3256150057320.9293767817030.1738783070820.0-0.9421523571670.334394680211-0.02300290703810.0-0.0795223486051-0.156329765170.9844984512910.00.208704887156-0.0982214525289-0.06280562496911.012.00.4799356606570.8558105306910.1930028424350.0-0.872988116250.487668701280.008425359201890.0-0.0869109343835-0.1725328181830.9811620233860.00.135313438965-0.121900312625-0.06446374521011.020.00.6193984651470.7578890892470.2048161853310.0-0.7790607103780.6256016737280.04107256229890.0-0.097004901516-0.1850045248890.9779383287570.00.0898401988555-0.146466981631-0.06549111422531.026.00.6463692112390.7396991886040.1872216684610.0-0.7586385212890.6492792394960.05388936051730.0-0.0816972262661-0.1768659931660.9808384085470.00.153472483792-0.155184403663-0.05340686964731.030.00.6639388532920.7274632503880.1731543196820.0-0.7445306403010.6646672254070.06238273097390.0-0.0697088569876-0.1703370153710.9829170750640.00.188038169436-0.15692108922-0.04684258864191.040.00.7748551530230.6103515726240.164530998990.0-0.6282672652290.7723291077420.09374429463130.0-0.0698551019929-0.1760076905420.9819071023250.00.180295597188-0.127658030567-0.05286999512411.045.00.8208594258460.5476764986760.1619884434110.0-0.5664726030660.8168798054190.1087022238680.0-0.0727914347669-0.1809912602780.9807872199040.00.174039325341-0.104012444894-0.05774035246931.060.00.9043421650540.3966472436350.1575950907340.0-0.4182242906840.8972140798360.1417580249120.0-0.0851686044747-0.19410785420.9772760355960.00.158173968298-0.0440493146229-0.07009115175081.0rightBackLeg3rightBackLeg21.00.241860452079-0.9703107943020.0006958318760130.0-0.968418476971-0.241433415282-0.06225399140480.00.06057371691470.0143829220593-0.9980600965730.00.202011129901-0.0834530731366-0.003592640679571.012.00.493941436175-0.869277099378-0.01947259939120.0-0.868633323142-0.492331188122-0.05555313788920.00.03870410257160.0443545454325-0.9982658296980.00.2196908120950.018950202198-0.01767921981921.020.00.652431054995-0.756851266359-0.03885716265410.0-0.757785763718-0.650861779352-0.04625668043850.00.00971878514180.0596246994968-0.9981735522570.00.239451619570.0823991304059-0.02640724483211.026.00.661330100071-0.748916515616-0.04203036257140.0-0.750087916328-0.660528252514-0.0327191902290.0-0.003258300001820.0531646524321-0.9985804440370.00.2527064450770.0254478959391-0.01994712919851.030.00.669950614902-0.740957904079-0.04634175197270.0-0.74225758218-0.669757465068-0.02187737830810.0-0.01482751795010.0490542798232-0.9986860479360.00.257092722934-0.00548857710466-0.01643793058271.040.00.786275030013-0.602335752112-0.1377070038360.0-0.607725266386-0.7941390696070.003624737245890.0-0.111541820740.0808379852026-0.9904663761960.00.240912186246-0.00439012466503-0.02489573470851.045.00.755150962389-0.645005533435-0.1171105710060.0-0.647934403878-0.761523583520.01621234139610.0-0.09963951161110.0636372028048-0.9929865427810.00.2304633932830.000157157615695-0.03451099862341.060.00.545228006318-0.838271394323-0.005243146610480.0-0.837316341274-0.5448865406720.04472138672610.0-0.0403455792257-0.0199931801878-0.9989857391290.00.2051847074970.0187808479936-0.06018512215781.0rightBackLeg4rightBackLeg31.0-0.4734918110160.880797388387-0.00121058315780.0-0.880409695048-0.4732416855110.03034923328490.00.02615862700280.01543592257980.9995386228290.00.2817788013450.00263756106921-0.01539062067661.012.0-0.3849957494130.922848048586-0.01139088029610.0-0.92281010412-0.3847322535570.02006501451650.00.01413452044510.01823656473280.9997337860840.00.2862349670710.000618834398307-0.01480522776261.020.0-0.3282422675070.944427759406-0.01769805313490.0-0.944566696397-0.3280339803340.01369174217640.00.007125298572020.02121120008030.9997496262120.00.28899600121-0.00063196586365-0.01444251912031.026.0-0.5781104517130.8158227068190.01488679476720.0-0.777320631847-0.5561914189050.2939791503510.00.2481147736920.1583806066890.9556958943620.00.2883901488220.00331942167186-0.01499161696631.030.0-0.3346438119670.942331535664-0.004979558840810.0-0.881140182401-0.3110312747750.3561622173530.00.3340740906890.1235751714790.9344108726490.00.2875671040010.0086873446693-0.01573756122831.040.0-0.3104857755980.950512248352-0.01118252578460.0-0.915124346261-0.2957020634040.2740578781550.00.2571886739950.09532447445590.9616481843890.00.2845505424840.0283614493227-0.0184715396791.045.0-0.290810536320.956643597223-0.01619443909110.0-0.937176329997-0.2814022488720.2061875379910.00.1926908364670.07513855349940.9783784744770.00.2830928691080.0378684383238-0.01979266231131.060.0-0.2403664142680.970251851632-0.02890209847390.0-0.970420415315-0.2395035354440.03036896525130.00.0225433900010.0353468656870.999120810840.00.2798510583360.0590116263465-0.02273078927891.0fronthiphip1.00.985675858126-0.1686508307360.00.0-0.168650830736-0.9856758581261.22464679915e-160.0-2.06537700035e-17-1.20710478465e-16-1.00.00.02634951118120.4090877313991.90331725309e-171.012.00.985675858126-0.1686508307360.00.0-0.168650830736-0.9856758581261.22464679915e-160.0-2.06537700035e-17-1.20710478465e-16-1.00.00.02634951118120.4090877313991.90331725309e-171.020.00.985675858126-0.1686508307360.00.0-0.168650830736-0.9856758581261.22464679915e-160.0-2.06537700035e-17-1.20710478465e-16-1.00.00.02634951118120.4090877313991.90331725309e-171.026.00.985675858126-0.1686508307360.00.0-0.168650830736-0.9856758581261.22464679915e-160.0-2.06537700035e-17-1.20710478465e-16-1.00.00.02634951118120.4090877313991.90331725309e-171.030.00.985675858126-0.1686508307360.00.0-0.168650830736-0.9856758581261.22464679915e-160.0-2.06537700035e-17-1.20710478465e-16-1.00.00.02634951118120.4090877313991.90331725309e-171.040.00.985675858126-0.1686508307360.00.0-0.168650830736-0.9856758581261.22464679915e-160.0-2.06537700035e-17-1.20710478465e-16-1.00.00.01698408657830.3510589529612.46397526927e-171.045.00.985675858126-0.1686508307360.00.0-0.168650830736-0.9856758581261.22464679915e-160.0-2.06537700035e-17-1.20710478465e-16-1.00.00.01844743370150.3601259466742.37637248244e-171.060.00.985675858126-0.1686508307360.00.0-0.168650830736-0.9856758581261.22464679915e-160.0-2.06537700035e-17-1.20710478465e-16-1.00.00.02634951118120.4090877313991.90331725309e-171.0leftFrontLegfronthip1.00.987776291615-0.155746677861-0.006400785773080.00.1558711648620.9872876842610.03109997540960.00.00147569911175-0.03171751631390.9994957836180.00.281148073908-0.002774439814280.1401477721311.012.00.996943345765-0.0768380202476-0.0141380330920.00.07727491204180.9964466193940.03350705397840.00.0115131795874-0.03449714976350.9993384778710.00.2228036380540.002437902475540.1401477721311.020.00.999437640749-0.0276766292302-0.01893162562050.00.02840627545320.998818706690.03942429049930.00.017818130347-0.0399398968570.9990432017040.00.1608314556950.005667462571760.1401477721311.026.00.981147459895-0.1905277516840.03238576509110.00.1885234650090.9804390011390.05655323321680.0-0.0425272275523-0.04938158446760.9978741874770.00.132501416705-0.005772120064340.14851891971.030.00.953179823913-0.2870600299620.09510395619350.00.2804165326050.9567547626720.07737501112810.0-0.11320243605-0.04708357784960.9924557144630.00.152351439036-0.03562275847640.1530662097371.040.00.872956333896-0.3264833010040.3624305357940.00.3224135511940.943736250230.07356216425140.0-0.3660556530330.05263595888810.9291031776470.00.179869858125-0.009759376008920.1494184027351.045.00.760174859181-0.2618682542850.5946084433190.00.2716407031010.9594508740180.07526851111280.0-0.5902080242490.1043026257770.8004845097620.00.176895108703-0.003477975539520.1467587637971.060.00.233078366808-0.04497146018310.9714175429210.00.02840627545320.998818706690.03942429049930.0-0.9720429817870.01840540506210.2340805045780.00.1608314556950.005667462571760.1401477721311.0leftFrontLeg2leftFrontLeg1.00.781649507288-0.620832436564-0.05992606666270.0-0.620167287568-0.7838415119080.03138502255890.0-0.06645737872240.0126320987974-0.9977092997930.00.2960853580730.0390020941657-0.00906723568381.012.00.762121349283-0.645246729061-0.05317619395550.0-0.644868714481-0.7638411894860.02628646661710.0-0.05757942384660.014258186431-0.9982391066620.00.2359726000570.0353638337298-0.009929739056191.020.00.672151411413-0.738791033561-0.04899274298370.0-0.738717679932-0.6736181737940.02312456031530.0-0.05008661987380.0206485995762-0.9985314045360.00.219062867650.0252687002307-0.009984845292131.026.00.245128507387-0.967882855821-0.05581032407670.0-0.964711818158-0.2492244208290.08496055536780.0-0.09614116065590.033014625088-0.9948200398860.00.196618502348-0.0508301934348-0.007287696659351.030.00.0438907612803-0.998526802678-0.03190337612020.0-0.993755143004-0.04691569865980.1012404710180.0-0.1025880930080.0272606227533-0.9943503113190.00.174154390139-0.1140767852630.005316649411421.040.0-0.300313532622-0.9511104949610.07211524456640.0-0.9528692023060.3025602102820.02230700450350.0-0.0430356296549-0.0620173002395-0.997146824220.00.213544746932-0.072765122219-0.00251448828451.045.00.00928371548309-0.99808673154-0.06112846269430.0-0.981945506274-0.02064981188840.1880335288640.0-0.1889360614990.0582791694648-0.9802584878860.00.209847758998-0.0808962563628-0.001372976414741.060.0-0.14436735294-0.970721572375-0.1919835834930.0-0.9889512419750.1349409253370.0613709024260.0-0.0336676164950.198722358065-0.9794773688070.00.18988401654-0.1248043974890.004791190033391.0leftFrontLeg3leftFrontLeg21.00.5137438951470.841820230279-0.1655473046960.0-0.8579301242760.502999929661-0.104627781310.0-0.00480750033820.1957799036020.9806360779040.00.240079230711-0.094370557699-0.03144037799791.012.00.531654002880.828118104909-0.1776637991930.0-0.8464808586760.512463541657-0.1443997034860.0-0.02853378904150.227159685670.9734394177810.00.222833141599-0.0983339941828-0.02934743920621.020.00.6871437124440.700630803584-0.1922238162070.0-0.7261919025450.670324665818-0.1526766618550.00.02188239307730.2445021870360.9694017956490.00.203620007999-0.10233686214-0.02805065721651.026.00.6392508499240.731511012856-0.2371708011990.0-0.76179081340.644516095333-0.06537399693960.0	0.10503860.2224649206670.9692658312260.00.190990118276-0.103276722715-0.02935077123731.030.00.6129310615190.747249729851-0.256774911280.0-0.7761381339720.630293511118-0.01843059513740.00.148071303160.2105894847340.9662954817760.00.186848746692-0.105051190006-0.03099597703231.040.00.8735739288160.406121511961-0.268204974630.0-0.4490895382630.885036129007-0.1225954198790.00.1875824552460.2275442108150.9555294106450.00.128891352359-0.134987292657-0.02244983235681.045.00.9383048632020.153577009104-0.3098355789240.0-0.2532855779980.915219653088-0.3133997488510.00.2354366149740.3725413921650.8976538929080.00.104899025244-0.153554600436-0.0143644822321.060.00.7619144414820.593303918035-0.2597630549280.0-0.6329572510380.76710948249-0.1044421382050.00.1373007728310.2439948825660.9600078098960.00.207222314793-0.148046629419-0.04497701383411.0rightFrontLegfronthip1.00.987776291615-0.155746677861-0.006400785773080.00.1558711648620.9872876842610.03109997540960.00.00147569911175-0.03171751631390.9994957836180.00.281148073908-0.00277443981428-0.1525604357031.012.00.995320712887-0.0962219542234-0.00883255474940.00.09646182982480.9947988595930.03271611742530.00.00563860663872-0.03341503371180.9994256558830.00.2228998328890.00243790247554-0.1525604357031.020.00.999437640749-0.0276766292302-0.01893162562050.00.02840627545320.998818706690.03942429049930.00.017818130347-0.0399398968570.9990432017040.00.1608314556950.00566746257176-0.1525604357031.026.00.9927104252090.0248063075284-0.1179434558940.0-0.008100306330050.9901092414110.1400645390860.00.120251389675-0.138088150030.9830927047350.00.131604559017-0.00549658395384-0.1624464789491.030.00.9735067482730.106937806441-0.2021111491740.0-0.05468944258890.9671393765610.2482951694530.00.22202179158-0.2306636769370.9473650786290.00.151393257672-0.0353137700467-0.167816675281.040.00.8887571184710.325712576269-0.3225245758510.0-0.2134585318240.9167624452290.3376123134750.00.405642995205-0.2312097244460.8843052774710.00.179160094203-0.00953049570705-0.1641599348531.045.00.6049611586730.543098187689-0.5822940451570.0-0.2454973988720.82288353820.5124389814470.00.757464866277-0.16705400650.6311417711330.00.176296245358-0.00331382543458-0.1609172413771.060.0-0.008495686474230.0396800220685-0.9991763203560.00.02840627545320.998818706690.03942429049930.00.99956035677-0.0280479413708-0.009612812213490.00.1608314556950.00566746257176-0.1525604357031.0rightFrontLeg2rightFrontLeg1.00.780788614276-0.6214766412970.06431115096980.0-0.620946696744-0.783264592691-0.03036079114760.00.0692411699794-0.01622843671-0.9974679434560.00.2960853580730.03900209416570.01933252501081.012.00.760713853475-0.64567920410.06642889825940.0-0.645100519772-0.763397285037-0.03270939601210.00.0718314173629-0.0179708261098-0.9972548806040.00.2387885768790.03491671564320.01860739494321.020.00.669521825273-0.7389738170170.07522116223030.0-0.73856080156-0.673079452921-0.03862631817010.00.0791736564976-0.0296942388263-0.9964184785010.00.219062867650.02526870023070.01841491540251.026.00.0694698100613-0.9898641244720.1238667048640.0-0.99547709395-0.0768523575426-0.05584863973720.00.0648020131663-0.119426673001-0.9907259807160.00.170566555929-0.06896536288160.03299717919881.030.0-0.23459904817-0.9623245711470.1374580167310.0-0.9682987672790.218855415273-0.1204151339840.00.0857950108367-0.161349703971-0.9831609680740.00.119692066567-0.1298652925130.04095583955331.040.0-0.72110660841-0.6900672225130.06174534573540.0-0.6823871594610.692006410884-0.235531084780.00.119804106399-0.211977252807-0.9699034077590.00.157079076418-0.1547167315760.02096000754641.045.0-0.252807529139-0.9524831618330.1698946133190.0-0.9613965818540.22758561791-0.1546654419050.00.10865065858-0.202436688732-0.9732494137910.00.193676739942-0.1457869181520.01578121561871.060.0-0.136985359668-0.9798285419020.1455027137580.0-0.9879523336770.145818794850.05183691205390.0-0.072008316322-0.136648847571-0.9879989346340.00.23475301834-0.157182579309-0.007292922316551.0rightFrontLeg3rightFrontLeg21.00.5272646801070.845311898249-0.0862539957880.0-0.8476442646380.516212506153-0.1225718120850.0-0.05908601981410.1377404921210.9887044043050.00.239830087569-0.09429641508440.02313260004861.012.00.545273067350.831686701496-0.104759307830.0-0.8345471435450.526856059357-0.1611017005470.0-0.07879306582920.1752709995220.9813621805960.00.217208948261-0.09784842748970.0229094005061.020.00.7030219586960.706295763417-0.08310487452840.0-0.7086634784420.685947534882-0.1651425254520.0-0.0596338822670.1749922111660.9827621920470.00.203192921535-0.1021381432820.02245992032271.026.00.5916338376940.802248520079-0.07979169208870.0-0.8032996474670.5950035270410.02608599600580.00.06840378991180.04866328019870.9964701735050.00.203550870007-0.1063212968310.02134123313241.030.00.5255187837490.847162618939-0.07839327139340.0-0.8371252448320.5313267386170.1300508411970.00.151826652443-0.002719173383090.9884033962430.00.203745311152-0.1095480341110.02031267369051.040.00.7853446380970.61512358456-0.06969056701650.0-0.5624696004020.7560408422610.334709117680.00.258576387237-0.223663185510.9397409384560.00.171346914931-0.13099619576-0.02227165250381.045.00.9715985931330.184752741491-0.1478600633490.0-0.1382038680790.9502391038170.2791869202270.00.192082962987-0.2508227862250.948784519920.00.159521609005-0.142890453267-0.02163299743731.060.00.8982779731990.431448595038-0.08335941881820.0-0.4371915373920.896592282996-0.07061046455390.00.04427462590060.09987185745540.9940147733260.00.175777262098-0.129443497080.01302649167351.0headfronthip1.0-0.933213872411-0.3593213997797.65713739785e-160.0-0.3593213997790.9332138724112.46519032882e-320.0-7.14574684264e-16-2.7513733281e-16-1.00.0-0.0867229733134-0.2869027660540.01.012.0-0.933213872411-0.3593213997797.65713739785e-160.0-0.3593213997790.9332138724112.46519032882e-320.0-7.14574684264e-16-2.7513733281e-16-1.00.0-0.0867229733134-0.2869027660540.01.020.0-0.933213872411-0.3593213997797.65713739785e-160.0-0.3593213997790.9332138724112.46519032882e-320.0-7.14574684264e-16-2.7513733281e-16-1.00.0-0.0867229733134-0.2869027660540.01.026.0-0.929017390512-0.3700360632777.65663043994e-160.0-0.3700360632770.9290173905128.81103612316e-180.0-7.14574684264e-16-2.7513733281e-16-1.00.0-0.0855745541843-0.286764265188-1.08635269823e-181.030.0-0.912756412323-0.4085042616227.64627398129e-160.0-0.4085042616220.9127564123234.07734389772e-170.0-7.14574684264e-16-2.7513733281e-16-1.00.0-0.0814062179309-0.286689030151-1.67647021332e-181.040.0-0.743198454756-0.669070713558-0.0006611412299990.0-0.6690547157820.7431730562140.007719832085340.0-0.004673771213390.00617970693453-0.9999699830920.0-0.0113207472671-0.300832143214-5.18228289335e-171.045.0-0.745750464563-0.666225137187-0.0005578379577690.0-0.6662138173290.7457323395520.00651362775920.0-0.003923544742120.00522918028271-0.9999786305070.0-0.0177855871957-0.298441942882-4.54019843275e-171.060.0-0.759341977065-0.6506917564157.21636147851e-160.0-0.6506917564150.7593419770652.56044530133e-160.0-7.14574684264e-16-2.7513733281e-16-1.00.0-0.0526957361273-0.285534856165-1.07294102286e-171.0explode1head1.01.11022302463e-160.0-1.00.00.8682431421240.4961389383571.66533453694e-160.00.496138938357-0.8682431421240.00.00.1522118332070.07476860834660.01.012.01.3796334565e-160.0-1.242663344120.01.07893392650.6165336722882.06945018476e-160.00.616533672288-1.07893392650.00.00.1522118332070.07476860834660.01.020.01.54655978864e-160.0-1.393017217570.01.209477646020.6911300834372.31983968297e-160.00.691130083437-1.209477646020.00.00.1522118332070.07476860834660.01.026.00.00143651001216-0.00295575678666-1.363910596790.01.090584835430.650635578103-0.0002613693971250.00.650634255832-1.090581394360.003048686615050.00.125908693830.1042275679125.21521372439e-181.030.00.00263876092263-0.00542949497599-1.062279441050.00.8014784804180.506292901144-0.0005968341701740.00.506287776546-0.801464056460.005354069041120.00.098799561640.1037213551886.86743757454e-181.040.00.0118121997159-0.0243043112765-1.528297429470.00.9998235845650.770873503183-0.004531469844180.00.770825081157-0.9996323112970.02185472148060.00.1523637548380.1146852923863.04507202757e-171.045.00.0234457701171-0.0482404338796-2.284212453190.01.277749083071.08046208831-0.00970319053770.01.08036921001-1.27729740360.03806452808750.00.1979627507230.1210409831174.41225579262e-171.060.00.0696038081953-0.14320587446-4.376024420610.01.937822065852.00413269381-0.03476300974160.02.00394422034-1.935988008070.09522958848790.00.3146732076630.1359965853831.17950509402e-161.0explode2hip1.04.4408920985e-160.0-1.00.0-0.9998405993450.0178542964169-4.4408920985e-160.00.01785429641690.9998405993450.00.0-0.3187733860940.2159780967240.01.012.05.44505658574e-160.0-1.226117740530.0-1.225922296560.0218914695814-5.44505658574e-160.00.02189146958141.225922296560.00.0-0.3187733860940.2159780967240.01.020.06.06723551753e-160.0-1.36621998080.0-1.366002204440.0243928965078-6.06723551753e-160.00.02439289650781.366002204440.00.0-0.3187733860940.2159780967240.01.026.04.71686943835e-160.0-1.062144572250.0-1.007911081020.017998412161-4.47673795065e-160.00.0179984121611.007911081020.00.0-0.2851981339760.205855886482.67437805387e-171.030.02.94003059509e-160.0-0.6620360346260.0-0.6003505424910.0107205454016-2.66651702504e-160.00.01072054540160.6003505424910.00.0-0.2298112138610.2021773024256.10846345094e-171.040.04.65415682423e-160.0-1.048022946970.0-0.7583887691840.0135426565926-3.36845962733e-160.00.01555603595120.8711380132690.00.0-0.3092068729470.210491666012.1119567896e-171.045.07.43979950792e-160.0-1.675293914580.0-1.281055447830.0228759901398-5.68993599553e-160.00.02093352993781.172277676520.00.0-0.3887456394160.211839851598-1.79795616636e-181.060.01.51539327895e-150.0-3.41236230320.0-3.25005014110.0580366096625-1.44354230072e-150.00.03525270772541.974151632620.00.0-0.5975886315240.212823662962-1.25552633312e-161.0explode3hip1.04.4408920985e-160.0-1.00.0-0.9998405993450.0178542964169-4.4408920985e-160.00.01785429641690.9998405993450.00.0-0.254957000847-0.243181052240.01.012.0-0.00982387009366-0.0128630610888-1.304620668350.0-1.30402810334-0.04126964159640.01022631093490.0-0.04136728573671.30400475973-0.01254549037920.0-0.244217186828-0.250378884241.38589660152e-171.020.0-0.0183877237981-0.0338494542721-1.493028957150.0-1.48479854728-0.1597269241380.02190763591110.0-0.1601703044251.48457431103-0.03168516103450.0-0.223110905361-0.259801246132.24459622501e-171.026.00.0331416817324-0.0453899995826-1.160338488360.0-1.12078719423-0.274674204182-0.02126733769120.0-0.2735216174871.12008154644-0.05162757929720.0-0.171763456487-0.2717486185834.00806318691e-171.030.00.0376425242246-0.0339121482096-0.7404092443870.0-0.700855289412-0.214268159676-0.02581770658190.0-0.2125885143770.70052965371-0.04289362131130.0-0.120160140649-0.2528216148975.2174175279e-171.040.00.0408080375206-0.047126392076-1.184644886070.0-0.891853209718-0.225378640953-0.02175630634050.0-0.2826043936761.12355748611-0.0544312832220.0-0.204174389571-0.3261414774317.96719048915e-181.045.00.0369567946937-0.0608479596903-1.741952970110.0-1.31000507113-0.276225087701-0.01814392007230.0-0.3203630646841.52327214931-0.06000597957630.0-0.279432488479-0.3912950131740.0005747374864641.060.0-0.0399908957108-0.0736181384129-3.247142820620.0-2.57643234859-0.2771592247620.03801427604160.0-0.2779285811932.57604325235-0.05498030288970.0-0.473701514547-0.5592607381440.003678321097291.0tailhip1.00.358059577859-0.9336987408710.00.0-0.933698740871-0.358059577859-1.22464679915e-160.01.14345117438e-164.38496515929e-17-1.00.00.0587254729665-0.421620098820.01.012.00.358059577859-0.9336987408710.00.0-0.933698740871-0.358059577859-1.22464679915e-160.01.14345117438e-164.38496515929e-17-1.00.00.0983330302363-0.4144582905421.40112468103e-171.020.00.358059577859-0.9336987408710.00.0-0.933698740871-0.358059577859-1.22464679915e-160.01.14345117438e-164.38496515929e-17-1.00.00.122873818112-0.4100208440072.26925960159e-171.026.00.551639093208-0.8337654884470.02300915295590.0-0.832582944545-0.552091160447-0.04473243800670.00.04999951298030.00551913321951-0.9987339925480.00.102167396827-0.4127283602612.40790280556e-181.030.00.646173232011-0.7623645105790.03550362295270.0-0.75944200587-0.646908311882-0.06897445714340.00.07555126705260.0176065052677-0.9969864678210.00.0909194642781-0.422555641312-8.61094288893e-181.040.00.553916283301-0.8323418943660.01958882275020.0-0.831104841174-0.554183202599-0.04632192714640.00.04941147711850.0093781042997-0.9987344777710.00.0962494135653-0.496415646414-2.60730522341e-181.045.00.473729351212-0.8806448048570.006725286470260.0-0.880230759236-0.47372029975-0.02798013759670.00.02782646753630.00733520841472-0.9995858554530.00.089025049793-0.514580654363-1.49909512364e-171.060.00.253157393256-0.967078461785-0.02589561722690.0-0.967114001853-0.2536640878520.01857519728780.0-0.02453246134370.0203415654821-0.9994920605260.00.0500134705403-0.541378194653-8.18626652161e-171.0explode4tail1.04.4408920985e-160.01.00.0-0.3746730370120.9271570068421.66533453694e-160.0-0.927157006842-0.3746730370124.4408920985e-160.00.3157416242130.01246230289570.01.012.05.18526269034e-160.01.1676173560.0-0.437474740841.082564612931.94447350888e-160.0-1.08256461293-0.437474740845.18526269034e-160.00.3157416242130.01246230289570.01.020.05.64647368274e-160.01.271472838680.0-0.4763865899451.178854951392.11742763103e-160.0-1.17885495139-0.4763865899455.64647368274e-160.00.3157416242130.01246230289570.01.026.0-0.00721238233060.002986380429111.160059017960.0-0.4425388042721.02605777528-0.005392792793210.0-1.02604842792-0.442562312818-0.005239900753370.00.325060780740.02908421232251.74662549249e-171.030.0-0.01163077195190.004815518140570.7931309176260.0-0.3167086019520.675103213097-0.008743244198190.0-0.675071275571-0.316796916951-0.007976058701580.00.2898113896860.05273788554-0.001780328685561.040.0-0.0553391389650.02289438813731.212067229970.0-0.5724369869780.925457593558-0.04361635560770.0-0.92515283754-0.573728468172-0.03140254786510.00.3841211918820.1344260253556.46898443654e-171.045.0-0.1099552995750.04545953362051.812452128220.0-0.8113811394431.16162086617-0.07835925532350.0-1.16108707503-0.814382012654-0.05001304546040.00.4512543805880.185722825141-0.0005188034911261.060.0-0.3248475009640.1340157930973.449304259260.0-1.521253074441.68603912932-0.2087757636170.0-1.68542675512-1.53298023423-0.09916872559150.00.6172878304430.308980223525-0.003320343411911.0