	joint1root1.00.879538153506-0.475828368771-0.00.00.4758283687710.8795381535060.00.00.0-0.01.00.00.7689068729941.11965420851.76164317353e-081.010.00.918318330789-0.395842700244-0.00.00.3958427002440.9183183307890.00.00.0-0.01.00.00.726339353571.140723359031.76164317353e-081.018.00.945108045743-0.3267579867-0.00.00.32675798670.9451080457430.00.00.0-0.01.00.00.6910483783721.158920945261.76164317353e-081.027.00.961934847085-0.273278886785-0.00.00.2732788867850.9619348470850.00.00.0-0.01.00.00.6654638410191.176452239151.76164317353e-081.029.00.961820863103-0.273679789718-0.00.00.2736797897180.9618208631030.00.00.0-0.01.00.00.6656497942811.176307667781.76164317353e-081.036.00.950864456549-0.309607469663-0.00.00.3096074696630.9508644565490.00.00.0-0.01.00.00.682408848471.163278159591.76164317353e-081.042.00.873999004018-0.4841433923340.041604286260.00.4845629429940.874756397106-1.73472347598e-180.0-0.03639361555290.02015989539130.9991341668490.00.8362071805761.114493985061.76164317331e-081.052.00.499182467455-0.8443490541740.1946574912540.00.8608153530310.5089174078240.00.0-0.09906458586260.1675641570540.9808712765180.01.311389884630.9521409355421.76164317284e-081.059.00.0258572305407-0.9446574909280.3270376560320.00.999018755260.03618585619790.02553645337090.0-0.0359573395610.326056450090.9446662167590.01.697254669160.654479481541.76164317303e-081.065.0-0.215730532376-0.8935258698550.3937916419890.00.975405551444-0.2158716362480.0445359054640.00.04521446242720.3937143083040.9181201968280.01.891892002620.4811937952931.76164317318e-081.066.0-0.210834804875-0.8947071429660.3937611120710.00.97647780292-0.2113781437520.04254856929030.00.04516398408450.3934697048950.9182275349130.01.890861874650.4821694852481.76164317317e-081.071.0-0.0817742384742-0.9159090855760.3929675824820.00.995640565719-0.0928223187706-0.009158658909660.00.04486466111470.3905055237740.919506714540.01.864092059910.5075246254151.7616431728e-081.077.00.0382114452229-0.9190691470980.3922394527670.00.9982462310680.0173478036095-0.05659961014470.00.04521446242720.3937143083040.9181201968280.01.839537203090.5307818598031.76164317232e-081.083.00.00635447431419-0.919240776150.3936445301530.00.998958129675-0.0119546815062-0.04404248796640.00.04519154580640.3935142704570.9182070807470.01.853751835110.5258684885271.76164317184e-081.089.0-0.025468474467-0.9183070785610.3950486884840.00.99865259685-0.041245034873-0.03149345809190.00.04521446242720.3937143083040.9181201968280.01.867966467140.520955117251.76164317136e-081.0joint6joint11.00.971942146989-0.235220030836-0.00.00.2352200308360.9719421469890.00.00.0-0.01.00.00.0231193963979-0.3041926108-0.3335580176161.010.00.95484302158-0.297110760729-0.00.00.2971107607290.954843021580.00.00.0-0.01.00.00.0231193963979-0.3041926108-0.3335580176161.018.00.937227511315-0.348718499701-0.00.00.3487184997010.9372275113150.00.00.0-0.01.00.00.0231193963979-0.3041926108-0.3335580176161.029.00.921603435341-0.388132848349-0.00.00.3881328483490.9216034353410.00.00.0-0.01.00.00.0231193963979-0.3041926108-0.3335580176161.036.00.932469343061-0.36124911661-0.00.00.361249116610.9324693430610.00.00.0-0.01.00.00.0231193963979-0.3041926108-0.3335580176161.042.00.946387619667-0.320602948847-0.03955025323610.00.3203807166850.947212773203-0.01200660893080.00.0413118592776-0.001308232430530.9991454442730.00.0231193963979-0.3041926108-0.3335580176161.052.00.942481867937-0.274031863563-0.1914013227790.00.2704800974160.961674784242-0.04496805816330.00.196388506567-0.009388668975610.9804812121520.00.0231193963979-0.3041926108-0.3335580176161.059.00.915005339711-0.243749634059-0.3214830387390.00.2252296351110.969740051209-0.09421170070360.00.334719046020.01379670169770.9422169661250.00.0231193963979-0.3041926108-0.3335580176161.066.00.876452182698-0.296711404169-0.3792016799540.00.2592910416170.95446452098-0.1475318064950.00.4057089192770.03098097524190.9134771217670.00.0231193963979-0.3041926108-0.3335580176161.071.00.844114129142-0.365525780441-0.3922527766830.00.3454466747150.930276367189-0.1235009132640.00.410046255819-0.03125355150490.9115290909280.00.0231193963979-0.3041926108-0.3335580176161.077.00.802366248307-0.435654133404-0.4079385733480.00.4319233896040.895557377878-0.1068605092720.00.411886621645-0.09045694543380.9067342234260.00.0231193963979-0.3041926108-0.3335580176161.083.00.809269661601-0.427208807464-0.4032062123010.00.4178487300720.90107357026-0.1160554167450.00.412898357456-0.07455907593110.9077201609560.00.0231193963979-0.3041926108-0.3335580176161.089.00.815419436009-0.41983396456-0.3985355512120.00.4048572367550.905693014903-0.1257409265220.00.413741176613-0.05881840662510.9084925061980.00.0231193963979-0.3041926108-0.3335580176161.0joint7joint61.00.999996928018-0.00247870034512-0.00.00.002478700345120.9999969280180.00.00.0-0.01.00.0	0.3811473	-0.1703050.01.010.00.999976858791-0.00680307895323-0.00.00.006803078953230.9999768587910.00.00.0-0.01.00.0	0.3811473	-0.1703050.01.018.00.999986194916-0.0052545197529-0.00.00.00525451975290.9999861949160.00.00.0-0.01.00.0	0.3811473	-0.1703050.01.029.00.9999873058310.00503866821460.00.0-0.00503866821460.9999873058310.00.00.00.01.00.0	0.3811473	-0.1703050.01.036.00.99998995678-0.00448177863397-0.00.00.004481778633970.999989956780.00.00.0-0.01.00.0	0.3811473	-0.1703050.01.042.00.9970242210720.07708892654410.00.0-0.07708892654410.9970242210720.00.00.00.01.00.0	0.3811473	-0.1703050.01.052.00.8618992807510.5070795103730.00.0-0.5070795103730.8618992807510.00.00.00.01.00.0	0.3811473	-0.1703050.01.059.00.517969990490.8553987894260.00.0-0.8553987894260.517969990490.00.00.00.01.00.0	0.3811473	-0.1703050.01.066.00.1182850041090.9929796865010.00.0-0.9929796865010.1182850041090.00.00.00.01.00.0	0.3811473	-0.1703050.01.071.00.2218489312850.9750810487790.00.0-0.9750810487790.2218489312850.00.00.00.01.00.0	0.3811473	-0.1703050.01.077.00.2951409047820.9554537384530.00.0-0.9554537384530.2951409047820.00.00.00.01.00.0	0.3811473	-0.1703050.01.083.00.2538062744540.9672550723810.00.0-0.9672550723810.2538062744540.00.00.00.01.00.0	0.3811473	-0.1703050.01.089.00.2095632667390.9777950895940.00.0-0.9777950895940.2095632667390.00.00.00.01.00.0	0.3811473	-0.1703050.01.0joint8joint71.00.9999987236590.001597710824940.00.0-0.001597710824940.9999987236590.00.00.00.01.00.0	-0.608214	-0.1743550.01.010.00.999990385320.004385118762240.00.0-0.004385118762240.999990385320.00.00.00.01.00.0	-0.608214	-0.1743550.01.018.00.9999942642870.003386944558320.00.0-0.003386944558320.9999942642870.00.00.00.01.00.0	-0.608214	-0.1743550.01.029.00.999993548332-0.0035921154864-0.00.00.00359211548640.9999935483320.00.00.0-0.01.00.0	-0.608214	-0.1743550.01.036.00.9999958272610.002888850997550.00.0-0.002888850997550.9999958272610.00.00.00.01.00.0	-0.608214	-0.1743550.01.042.00.998487226537-0.0549841653761-0.00.00.05498416537610.9984872265370.00.00.0-0.01.00.0	-0.608214	-0.1743550.01.052.00.928990842027-0.370102709298-0.00.00.3701027092980.9289908420270.00.00.0-0.01.00.0	-0.608214	-0.1743550.01.059.00.744058252376-0.668114748431-0.00.00.6681147484310.7440582523760.00.00.0-0.01.00.0	-0.608214	-0.1743550.01.066.00.510259883893-0.860020261906-0.00.00.8600202619060.5102598838930.00.00.0-0.01.00.0	-0.608214	-0.1743550.01.071.00.57323426048-0.819391531938-0.00.00.8193915319380.573234260480.00.00.0-0.01.00.0	-0.608214	-0.1743550.01.077.00.616706643448-0.787193061407-0.00.00.7871930614070.6167066434480.00.00.0-0.01.00.0	-0.608214	-0.1743550.01.083.00.592295190516-0.805721048063-0.00.00.8057210480630.5922951905160.00.00.0-0.01.00.0	-0.608214	-0.1743550.01.089.00.565861536152-0.824500286176-0.00.00.8245002861760.5658615361520.00.00.0-0.01.00.0	-0.608214	-0.1743550.01.0joint9joint81.00.7416990487740.6707328238930.00.0-0.6707328238930.7416990487740.00.00.00.01.00.0	0.2635596	-0.5463790.01.010.00.7509089902260.6604056998520.00.0-0.6604056998520.7509089902260.00.00.00.01.00.0	0.2635596	-0.5463790.01.018.00.7632691639110.6460806322910.00.0-0.6460806322910.7632691639110.00.00.00.01.00.0	0.2635596	-0.5463790.01.029.00.7741461654690.6330068834450.00.0-0.6330068834450.7741461654690.00.00.00.01.00.0	0.2635596	-0.5463790.01.036.00.7365410162870.6763928823740.00.0-0.6763928823740.7365410162870.00.00.00.01.00.0	0.2635596	-0.5463790.01.042.00.6634366419830.7482324652640.00.0-0.7482324652640.6634366419830.00.00.00.01.00.0	0.2635596	-0.5463790.01.048.00.5613533527590.8275762281180.00.0-0.8275762281180.5613533527590.00.00.00.01.00.0	0.2635596	-0.5463790.01.052.00.4269553849350.9042726907710.00.0-0.9042726907710.4269553849350.00.00.00.01.00.0	0.2635596	-0.5463790.01.059.00.09459248548270.9955160780670.00.0-0.9955160780670.09459248548270.00.00.00.01.00.0	0.2635596	-0.5463790.01.066.0-0.1134167260470.9935475057860.00.0-0.993547505786-0.1134167260470.00.00.00.01.00.0	0.2635596	-0.5463790.01.071.0-0.1134167260470.9935475057860.00.0-0.993547505786-0.1134167260470.00.00.00.01.00.0	0.2635596	-0.5463790.01.077.0-0.1134167260470.9935475057860.00.0-0.993547505786-0.1134167260470.00.00.00.01.00.0	0.2635596	-0.5463790.01.083.0-0.1134167260470.9935475057860.00.0-0.993547505786-0.1134167260470.00.00.00.01.00.0	0.2635596	-0.5463790.01.089.0-0.1134167260470.9935475057860.00.0-0.993547505786-0.1134167260470.00.00.00.01.00.0	0.2635596	-0.5463790.01.0joint2joint11.00.6638725419380.7478457381450.00.0-0.7478457381450.6638725419380.00.00.00.01.00.00.0231194135645-0.3041975553210.3335584406291.010.00.7205763482980.6933756025950.00.0-0.6933756025950.7205763482980.00.00.00.01.00.00.0231194135645-0.3041975553210.3335584406291.018.00.7670972872280.6415307879810.00.0-0.6415307879810.7670972872280.00.00.00.01.00.00.0231194135645-0.3041975553210.3335584406291.029.00.8036271603390.5951330835750.00.0-0.5951330835750.8036271603390.00.00.00.01.00.00.0231194135645-0.3041975553210.3335584406291.036.00.7781083400520.6281300909380.00.0-0.6281300909380.7781083400520.00.00.00.01.00.00.0231194135645-0.3041975553210.3335584406291.042.00.7054612754620.708141170253-0.02933379988550.0-0.7074878468160.7060705231140.03041977970470.00.042253229829-0.000706669669860.9991066835860.00.0231194135645-0.3041975553210.3335584406291.052.00.6542104800840.745181210993-0.1292811298350.0-0.73145315180.6668605282990.1423844181050.00.1923146756510.001413711360710.981332291810.00.0231194135645-0.3041975553210.3335584406291.059.00.6545542191360.719325530785-0.2326575916930.0-0.6929486066130.6938865957240.1958152723030.00.3022929089550.03304804132470.9526420230920.00.0231194135645-0.3041975553210.3335584406291.066.00.6808974153030.670830794541-0.2938788099350.0-0.6405694704140.7400145855850.2050589346880.00.3550344538310.0486256950320.9335877454080.00.0231194135645-0.3041975553210.3335584406291.071.00.7435502155010.598713490556-0.2977838700370.0-0.5540806891220.800954784260.226861242860.00.374336301966-0.003686434098080.9272856858780.00.0231194135645-0.3041975553210.3335584406291.077.00.7939800509530.525403477827-0.305854318550.0-0.4655322645230.8490040491810.2499436639790.00.390992825223-0.05606522953260.9186845490490.00.0231194135645-0.3041975553210.3335584406291.083.00.785027303950.538474273566-0.3062312667890.0-0.4830327933090.8416068473560.241613813910.00.387829153933-0.04175369673510.9207850868520.00.0231194135645-0.3041975553210.3335584406291.089.00.7759517503080.551110120771-0.3068819251410.0-0.4999748203640.8339711939430.2334892431680.00.38460897051-0.02774315151890.922662591280.00.0231194135645-0.3041975553210.3335584406291.0joint3joint21.00.944654494549-0.328066892461-0.00.00.3280668924610.9446544945490.00.00.0-0.01.00.00.381147757672-0.1703000619390.01.010.00.953579647814-0.301140922618-0.00.00.3011409226180.9535796478140.00.00.0-0.01.00.00.381147757672-0.1703000619390.01.018.00.961562802275-0.274585100253-0.00.00.2745851002530.9615628022750.00.00.0-0.01.00.00.381147757672-0.1703000619390.01.029.00.969014486219-0.247003897739-0.00.00.2470038977390.9690144862190.00.00.0-0.01.00.00.381147757672-0.1703000619390.01.036.00.963478787092-0.267784665026-0.00.00.2677846650260.9634787870920.00.00.0-0.01.00.00.381147757672-0.1703000619390.01.042.00.938789798317-0.344490514493-0.00.00.3444905144930.9387897983170.00.00.0-0.01.00.00.381147757672-0.1703000619390.01.052.00.940217680478-0.340574093725-0.00.00.3405740937250.9402176804780.00.00.0-0.01.00.00.381147757672-0.1703000619390.01.059.00.982775991206-0.184800841745-0.00.00.1848008417450.9827759912060.00.00.0-0.01.00.00.381147757672-0.1703000619390.01.066.00.9989283934920.046282444570.00.0-0.046282444570.9989283934920.00.00.00.01.00.00.381147757672-0.1703000619390.01.071.00.999918599389-0.0127590985879-0.00.00.01275909858790.9999185993890.00.00.0-0.01.00.00.381147757672-0.1703000619390.01.077.00.998330066776-0.0577674455953-0.00.00.05776744559530.9983300667760.00.00.0-0.01.00.00.381147757672-0.1703000619390.01.083.00.999455895092-0.0329835377985-0.00.00.03298353779850.9994558950920.00.00.0-0.01.00.00.381147757672-0.1703000619390.01.089.00.999973076503-0.00733800175929-0.00.00.007338001759290.9999730765030.00.00.0-0.01.00.00.381147757672-0.1703000619390.01.0joint4joint31.00.9768796179760.2137901119850.00.0-0.2137901119850.9768796179760.00.00.00.01.00.0-0.608214506924-0.1743548253180.01.010.00.9806252551910.1958931057550.00.0-0.1958931057550.9806252551910.00.00.00.01.00.0-0.608214506924-0.1743548253180.01.018.00.9839699098710.1783345633050.00.0-0.1783345633050.9839699098710.00.00.00.01.00.0-0.608214506924-0.1743548253180.01.029.00.9870871101340.1601843844070.00.0-0.1601843844070.9870871101340.00.00.00.01.00.0-0.608214506924-0.1743548253180.01.036.00.9847718480930.1738516816260.00.0-0.1738516816260.9847718480930.00.00.00.01.00.0-0.608214506924-0.1743548253180.01.042.00.9744147167350.224757557850.00.0-0.224757557850.9744147167350.00.00.00.01.00.0-0.608214506924-0.1743548253180.01.052.00.9750151157950.2221385242860.00.0-0.2221385242860.9750151157950.00.00.00.01.00.0-0.608214506924-0.1743548253180.01.059.00.9928317796290.119520112780.00.0-0.119520112780.9928317796290.00.00.00.01.00.0-0.608214506924-0.1743548253180.01.066.00.999455325933-0.0330007797526-0.00.00.03300077975260.9994553259330.00.00.0-0.01.00.0-0.608214506924-0.1743548253180.01.071.00.9999661797290.008224317518170.00.0-0.008224317518170.9999661797290.00.00.00.01.00.0-0.608214506924-0.1743548253180.01.077.00.9993060698510.03724753358820.00.0-0.03724753358820.9993060698510.00.00.00.01.00.0-0.608214506924-0.1743548253180.01.083.00.9997739254670.02126259521750.00.0-0.02126259521750.9997739254670.00.00.00.01.00.0-0.608214506924-0.1743548253180.01.089.00.9999888139030.004729912180510.00.0-0.004729912180510.9999888139030.00.00.00.01.00.0-0.608214506924-0.1743548253180.01.0joint5joint41.00.972711209154-0.23201918797-0.00.00.232019187970.9727112091540.00.00.0-0.01.00.00.263559619667-0.5463793653870.01.010.00.969835689062-0.243759586933-0.00.00.2437595869330.9698356890620.00.00.0-0.01.00.00.263559619667-0.5463793653870.01.018.00.967425855336-0.253154526776-0.00.00.2531545267760.9674258553360.00.00.0-0.01.00.00.263559619667-0.5463793653870.01.029.00.965581586567-0.260100364632-0.00.00.2601003646320.9655815865670.00.00.0-0.01.00.00.263559619667-0.5463793653870.01.036.00.979991957813-0.19903708856-0.00.00.199037088560.9799919578130.00.00.0-0.01.00.00.263559619667-0.5463793653870.01.042.00.996287302426-0.0860907139284-0.00.00.08609071392840.9962873024260.00.00.0-0.01.00.00.263559619667-0.5463793653870.01.048.00.9978625420740.06534789304550.00.0-0.06534789304550.9978625420740.00.00.00.01.00.00.263559619667-0.5463793653870.01.052.00.9622035750130.2723311958490.00.0-0.2723311958490.9622035750130.00.00.00.01.00.00.263559619667-0.5463793653870.01.059.00.725163000210.6885772455770.00.0-0.6885772455770.725163000210.00.00.00.01.00.00.263559619667-0.5463793653870.01.066.00.4962746178170.868165596940.00.0-0.868165596940.4962746178170.00.00.00.01.00.00.263559619667-0.5463793653870.01.071.00.4962746178170.868165596940.00.0-0.868165596940.4962746178170.00.00.00.01.00.00.263559619667-0.5463793653870.01.077.00.4962746178170.868165596940.00.0-0.868165596940.4962746178170.00.00.00.01.00.00.263559619667-0.5463793653870.01.083.00.4962746178170.868165596940.00.0-0.868165596940.4962746178170.00.00.00.01.00.00.263559619667-0.5463793653870.01.089.00.4962746178170.868165596940.00.0-0.868165596940.4962746178170.00.00.00.01.00.00.263559619667-0.5463793653870.01.0