	joint1root1.00.879538153506-0.475828368771-0.00.00.4758283687710.8795381535060.00.00.0-0.01.00.00.7689068729941.11965420851.76164317353e-081.044.00.879538153506-0.475828368771-0.00.00.4758283687710.8795381535060.00.00.0-0.01.00.00.7689068729941.11965420851.76164317353e-081.048.00.874022634625-0.483178035445-0.05121933449460.00.4812629230120.875390340919-0.0455823426320.00.06686129744880.01519003256590.9976466457690.00.7689068729941.1196542085-0.0288468191851.053.00.873220385699-0.48722513441-0.009890722847670.00.4873207002980.8731221134950.01327817709980.00.00216634721459-0.01641472891310.9998629224120.00.7689068729941.1196542085-0.02880884297791.058.00.888000984325-0.459690220221-0.01179632450240.00.4593536517230.887948282641-0.02328239688050.00.02117721623260.01525610661020.9996593303340.00.7689068729941.1196542085-0.02866020574741.0143.00.886119712933-0.46336662039-0.009123018167510.00.4631651815750.886089024594-0.01800708390450.00.01642768788130.01173096765420.9997962369750.00.7689068729941.1196542085-0.0191787257071.0147.00.870923517081-0.4904122979810.0314325529360.00.4883147414830.8708281584440.05663066052620.0-0.0551447245533-0.0339719950790.9979002770340.00.7689068729941.11965420850.02928692615981.0150.00.877682800732-0.478838883468-0.01965260743210.00.4792364681430.8771315429860.03118756003750.00.00230410545414-0.03679103121730.9993203245810.00.7689068729941.11965420850.02925358819051.0154.00.863678875318-0.502659810686-0.03730837774970.00.5040296733780.8618150551880.05682340191990.00.00359008117773-0.06788170131340.9976869177970.00.7689068729941.11965420850.0290659555471.0241.00.863892420307-0.502784093549-0.02996733906150.00.5036688937860.8620250283690.05683745153150.0-0.00274437024322-0.06419506008240.9979335963340.00.7689068729941.11965420850.01196476233021.0244.00.8375753634-0.544550432766-0.04395835301640.00.5454083505320.8381147424360.009664868415590.00.0315791354379-0.03207030848620.9989866132830.00.7689068729941.11965420850.01135663767761.0247.00.850319624335-0.52572715130.02382223449650.00.5239219140440.8499316588970.05587488871970.0-0.04962221736-0.03503052369170.9981535442780.00.7689068729941.11965420850.01084538720411.0251.00.879538153506-0.4758283687710.00.00.4752473350160.8784641499590.04940352009070.0-0.0235075963763-0.04345228083720.9987789005590.00.7689068729941.11965420850.01016025988951.0300.00.879538153506-0.475828368771-0.00.00.4758283687710.8795381535060.00.00.0-0.01.00.00.7689068729941.11965420851.76164317353e-081.0joint6joint11.00.971942241305-0.235219641115-0.00.00.2352196411150.9719422413050.00.00.0-0.01.00.00.0231193963979-0.3041926108-0.3335580176161.044.00.971942241305-0.235219641115-0.00.00.2352196411150.9719422413050.00.00.0-0.01.00.00.0231193963979-0.3041926108-0.3335580176161.048.00.979043868203-0.1978459483270.04827095259760.00.1961690549750.9798584972020.03735006466970.0-0.0546882620354-0.02709808463810.9981357061060.00.0231193963979-0.3041926108-0.3335580176161.053.00.976172853664-0.2151756210460.02803590334760.00.2163119946810.975185267118-0.04714674699870.0-0.01719536932920.05208787673450.9984944528490.00.0231193963979-0.3041926108-0.3335580176161.058.00.967596301083-0.2520025649210.01587782744850.00.2520147377610.967722573140.0012622940920.0-0.01568343338320.002780055426340.9998731425580.00.0231193963979-0.3041926108-0.3335580176161.0143.00.968679235327-0.2480739623370.01094752287650.00.248040947530.9687400122080.004298499275340.0-0.0116716491924-0.001448433043690.9999308349320.00.0231193963979-0.3041926108-0.3335580176161.0147.00.97160253798-0.235423964622-0.0237500541450.00.2341120837870.971026176578-0.04795515223450.00.0343517163330.04103317295430.9985670925390.00.0231193963979-0.3041926108-0.3335580176161.0150.00.97387901491-0.2264283224680.01702583629030.00.2265351162920.97399211485-0.004604486566650.0-0.01554044412640.008341162645690.9998444477030.00.0231193963979-0.3041926108-0.3335580176161.0154.00.981880416144-0.1848242204170.04184323051850.00.1863568593030.981812638372-0.03626381285820.0-0.03437978161260.04340450068270.998465863180.00.0231193963979-0.3041926108-0.3335580176161.0241.00.981282465613-0.1877952062120.04263429609190.00.1900145546750.980188625521-0.05589926128090.0-0.03129203878690.06295410172150.9975257336960.00.0231193963979-0.3041926108-0.3335580176161.0244.00.993090949918-0.1098355640310.04130997537580.00.109771538890.9939494969460.003821880405630.0-0.04147980763360.0007391847260120.9991390689810.00.0231193963979-0.3041926108-0.3335580176161.0247.00.984111323261-0.177197867147-0.01121692065680.00.1761259417170.982246542357-0.06458624220350.00.02246232589660.06158446156540.9978490857890.00.0231193963979-0.3041926108-0.3335580176161.0251.00.970244912154-0.2417155874730.01408492851040.00.2421239482540.968810676905-0.05274339767030.0-0.0008967277710960.05458431174110.9985087625010.00.0231193963979-0.3041926108-0.3335580176161.0300.00.971942241305-0.235219641115-0.00.00.2352196411150.9719422413050.00.00.0-0.01.00.00.0231193963979-0.3041926108-0.3335580176161.0joint7joint61.00.999996925461-0.0024797315503-0.00.00.00247973155030.9999969254610.00.00.0-0.01.00.0	0.3811473	-0.1703050.01.044.00.999996925461-0.0024797315503-0.00.00.00247973155030.9999969254610.00.00.0-0.01.00.0	0.3811473	-0.1703050.01.048.00.99932637953-0.0366985990891-0.00.00.03669859908910.999326379530.00.00.0-0.01.00.0	0.3811473	-0.1703050.01.053.00.9999929205260.003762831035490.00.0-0.003762831035490.9999929205260.00.00.00.01.00.0	0.3811473	-0.1703050.01.058.00.999891046229-0.0147612896074-0.00.00.01476128960740.9998910462290.00.00.0-0.01.00.0	0.3811473	-0.1703050.01.0143.00.999925835172-0.0121788405168-0.00.00.01217884051680.9999258351720.00.00.0-0.01.00.0	0.3811473	-0.1703050.01.0147.00.9994225955570.03397757332590.00.0-0.03397757332590.9994225955570.00.00.00.01.00.0	0.3811473	-0.1703050.01.0150.00.9998997110870.01416219505330.00.0-0.01416219505330.9998997110870.00.00.00.01.00.0	0.3811473	-0.1703050.01.0154.00.9996825491630.02519525549770.00.0-0.02519525549770.9996825491630.00.00.00.01.00.0	0.3811473	-0.1703050.01.0241.00.9996685150590.02574606764840.00.0-0.02574606764840.9996685150590.00.00.00.01.00.0	0.3811473	-0.1703050.01.0244.00.999962290678-0.00868430890184-0.00.00.008684308901840.9999622906780.00.00.0-0.01.00.0	0.3811473	-0.1703050.01.0247.00.9996404348530.02681419414380.00.0-0.02681419414380.9996404348530.00.00.00.01.00.0	0.3811473	-0.1703050.01.0251.00.9996086293620.02797477624070.00.0-0.02797477624070.9996086293620.00.00.00.01.00.0	0.3811473	-0.1703050.01.0300.00.999996925461-0.0024797315503-0.00.00.00247973155030.9999969254610.00.00.0-0.01.00.0	0.3811473	-0.1703050.01.0joint8joint71.00.9999987225970.001598375515880.00.0-0.001598375515880.9999987225970.00.00.00.01.00.0	-0.608214	-0.1743550.01.044.00.9999987225970.001598375515880.00.0-0.001598375515880.9999987225970.00.00.00.01.00.0	-0.608214	-0.1743550.01.048.00.9997201073070.02365812854450.00.0-0.02365812854450.9997201073070.00.00.00.01.00.0	-0.608214	-0.1743550.01.053.00.999996401939-0.00268255630643-0.00.00.002682556306430.9999964019390.00.00.0-0.01.00.0	-0.608214	-0.1743550.01.058.00.9999547316510.009514969732880.00.0-0.009514969732880.9999547316510.00.00.00.01.00.0	-0.608214	-0.1743550.01.0143.00.9999691859410.007850297397250.00.0-0.007850297397250.9999691859410.00.00.00.01.00.0	-0.608214	-0.1743550.01.0147.00.999706527152-0.0242251846023-0.00.00.02422518460230.9997065271520.00.00.0-0.01.00.0	-0.608214	-0.1743550.01.0150.00.999949028931-0.0100965113174-0.00.00.01009651131740.9999490289310.00.00.0-0.01.00.0	-0.608214	-0.1743550.01.0154.00.99983865518-0.0179628396506-0.00.00.01796283965060.999838655180.00.00.0-0.01.00.0	-0.608214	-0.1743550.01.0241.00.999831522134-0.018355580833-0.00.00.0183555808330.9998315221340.00.00.0-0.01.00.0	-0.608214	-0.1743550.01.0244.00.9999843325580.005597735122550.00.0-0.005597735122550.9999843325580.00.00.00.01.00.0	-0.608214	-0.1743550.01.0247.00.999817249893-0.0191171863889-0.00.00.01911718638890.9998172498930.00.00.0-0.01.00.0	-0.608214	-0.1743550.01.0251.00.999801084135-0.0199447276876-0.00.00.01994472768760.9998010841350.00.00.0-0.01.00.0	-0.608214	-0.1743550.01.0300.00.9999987225970.001598375515880.00.0-0.001598375515880.9999987225970.00.00.00.01.00.0	-0.608214	-0.1743550.01.0joint9joint81.00.7416990487740.6707328238930.00.0-0.6707328238930.7416990487740.00.00.00.01.00.0	0.2635596	-0.5463790.01.044.00.7416990487740.6707328238930.00.0-0.6707328238930.7416990487740.00.00.00.01.00.0	0.2635596	-0.5463790.01.048.00.7416990487740.6707328238930.00.0-0.6707328238930.7416990487740.00.00.00.01.00.0	0.2635596	-0.5463790.01.053.00.7416990487740.6707328238930.00.0-0.6707328238930.7416990487740.00.00.00.01.00.0	0.2635596	-0.5463790.01.058.00.7416990487740.6707328238930.00.0-0.6707328238930.7416990487740.00.00.00.01.00.0	0.2635596	-0.5463790.01.0143.00.7416990487740.6707328238930.00.0-0.6707328238930.7416990487740.00.00.00.01.00.0	0.2635596	-0.5463790.01.0147.00.7416990487740.6707328238930.00.0-0.6707328238930.7416990487740.00.00.00.01.00.0	0.2635596	-0.5463790.01.0150.00.7416990487740.6707328238930.00.0-0.6707328238930.7416990487740.00.00.00.01.00.0	0.2635596	-0.5463790.01.0154.00.7416990487740.6707328238930.00.0-0.6707328238930.7416990487740.00.00.00.01.00.0	0.2635596	-0.5463790.01.0241.00.7416990487740.6707328238930.00.0-0.6707328238930.7416990487740.00.00.00.01.00.0	0.2635596	-0.5463790.01.0244.00.7416990487740.6707328238930.00.0-0.6707328238930.7416990487740.00.00.00.01.00.0	0.2635596	-0.5463790.01.0247.00.7416990487740.6707328238930.00.0-0.6707328238930.7416990487740.00.00.00.01.00.0	0.2635596	-0.5463790.01.0251.00.7416990487740.6707328238930.00.0-0.6707328238930.7416990487740.00.00.00.01.00.0	0.2635596	-0.5463790.01.0300.00.7416990487740.6707328238930.00.0-0.6707328238930.7416990487740.00.00.00.01.00.0	0.2635596	-0.5463790.01.0joint2joint11.00.6638725349170.7478457443770.00.0-0.7478457443770.6638725349170.00.00.00.01.00.00.0231194135645-0.3041975553210.3335584406291.044.00.6638725349170.7478457443770.00.0-0.7478457443770.6638725349170.00.00.00.01.00.00.0231194135645-0.3041975553210.3335584406291.048.00.6786588637620.7309741956670.07140638561380.0-0.7310133286620.681679139828-0.03054609045110.0-0.0710046474216-0.03146864459740.9969794704260.00.0231194135645-0.3041975553210.3335584406291.053.00.6487706642350.7609823472240.00157874656530.0-0.7593891666870.647543864949-0.06336431555010.0-0.04924143323020.03991002604960.9979892139070.00.0231194135645-0.3041975553210.3335584406291.058.00.6900828143190.7231543076140.02887138308370.0-0.7227792080290.690671849814-0.02371945015320.0-0.0370934741136-0.004499250484180.999301671630.00.0231194135645-0.3041975553210.3335584406291.0143.00.6841977682680.7289705147310.02180372788950.0-0.7288576539020.684517407042-0.01422813428910.0-0.0252969216552-0.006156956228640.9996610213690.00.0231194135645-0.3041975553210.3335584406291.0147.00.6237625302950.778862511795-0.06552475501770.0-0.7802637665770.6254184298060.006343676126820.00.04592124091880.04716964468190.9978307793670.00.0231194135645-0.3041975553210.3335584406291.0150.00.6530134817780.757221294023-0.0137587970110.0-0.7573396347860.652976101782-0.007673857156760.00.003173357591060.0154312144840.999875896010.00.0231194135645-0.3041975553210.3335584406291.0154.00.6199771799260.78428407637-0.02295177384730.0-0.7842265144680.618475095694-0.04977278384720.0-0.02484090128140.04885737977170.9984968132470.00.0231194135645-0.3041975553210.3335584406291.0241.00.6189600299060.785019376657-0.02516067671670.0-0.7844934279530.616352908714-0.06840433772260.0-0.03819087428010.06207793644950.9973403566120.00.0231194135645-0.3041975553210.3335584406291.0244.00.5900907604430.8071565475690.01706464638310.0-0.8065665169820.590319137019-0.03120529045820.0-0.03526114183850.004650181179560.99936731370.00.0231194135645-0.3041975553210.3335584406291.0247.00.5865445245610.807810301732-0.05837839603880.0-0.809754122720.586346638102-0.02226837949460.00.01624134989650.06033354293350.9980461322760.00.0231194135645-0.3041975553210.3335584406291.0251.00.6471510637130.761468797867-0.03688862439940.0-0.7623356220080.645969914353-0.03958875051770.0-0.006316656721860.05374141443510.9985349068620.00.0231194135645-0.3041975553210.3335584406291.0300.00.6638725349170.7478457443770.00.0-0.7478457443770.6638725349170.00.00.00.01.00.00.0231194135645-0.3041975553210.3335584406291.0joint3joint21.00.944654484167-0.328066922353-0.00.00.3280669223530.9446544841670.00.00.0-0.01.00.00.381147757672-0.1703000619390.01.044.00.944654484167-0.328066922353-0.00.00.3280669223530.9446544841670.00.00.0-0.01.00.00.381147757672-0.1703000619390.01.048.00.945200535786-0.326490347713-0.00.00.3264903477130.9452005357860.00.00.0-0.01.00.00.381147757672-0.1703000619390.01.053.00.943404878416-0.33164323509-0.00.00.331643235090.9434048784160.00.00.0-0.01.00.00.381147757672-0.1703000619390.01.058.00.944614633685-0.328181647611-0.00.00.3281816476110.9446146336850.00.00.0-0.01.00.00.381147757672-0.1703000619390.01.0143.00.944516385292-0.328464302344-0.00.00.3284643023440.9445163852920.00.00.0-0.01.00.00.381147757672-0.1703000619390.01.0147.00.943371128064-0.331739227006-0.00.00.3317392270060.9433711280640.00.00.0-0.01.00.00.381147757672-0.1703000619390.01.0150.00.937984368879-0.346677550095-0.00.00.3466775500950.9379843688790.00.00.0-0.01.00.00.381147757672-0.1703000619390.01.0154.00.935358514642-0.353701073065-0.00.00.3537010730650.9353585146420.00.00.0-0.01.00.00.381147757672-0.1703000619390.01.0241.00.936417947303-0.350886631219-0.00.00.3508866312190.9364179473030.00.00.0-0.01.00.00.381147757672-0.1703000619390.01.0244.00.946766362201-0.321921505037-0.00.00.3219215050370.9467663622010.00.00.0-0.01.00.00.381147757672-0.1703000619390.01.0247.00.947985177064-0.318314473543-0.00.00.3183144735430.9479851770640.00.00.0-0.01.00.00.381147757672-0.1703000619390.01.0251.00.937581072753-0.347766778195-0.00.00.3477667781950.9375810727530.00.00.0-0.01.00.00.381147757672-0.1703000619390.01.0300.00.944654484167-0.328066922353-0.00.00.3280669223530.9446544841670.00.00.0-0.01.00.00.381147757672-0.1703000619390.01.0joint4joint31.00.9768796136160.213790131910.00.0-0.213790131910.9768796136160.00.00.00.01.00.0-0.608214506924-0.1743548253180.01.044.00.9768796136160.213790131910.00.0-0.213790131910.9768796136160.00.00.00.01.00.0-0.608214506924-0.1743548253180.01.048.00.9771089685610.2127394264280.00.0-0.2127394264280.9771089685610.00.00.00.01.00.0-0.608214506924-0.1743548253180.01.053.00.9763546542730.2161749039080.00.0-0.2161749039080.9763546542730.00.00.00.01.00.0-0.608214506924-0.1743548253180.01.058.00.9768628744610.2138666044520.00.0-0.2138666044520.9768628744610.00.00.00.01.00.0-0.608214506924-0.1743548253180.01.0143.00.9768216047520.2140550221080.00.0-0.2140550221080.9768216047520.00.00.00.01.00.0-0.608214506924-0.1743548253180.01.0147.00.9763404739250.2162389395470.00.0-0.2162389395470.9763404739250.00.00.00.01.00.0-0.608214506924-0.1743548253180.01.0150.00.9740759718620.2262211330540.00.0-0.2262211330540.9740759718620.00.00.00.01.00.0-0.608214506924-0.1743548253180.01.0154.00.9729712169820.2309264188530.00.0-0.2309264188530.9729712169820.00.00.00.01.00.0-0.608214506924-0.1743548253180.01.0241.00.9734170140520.229039989420.00.0-0.229039989420.9734170140520.00.00.00.01.00.0-0.608214506924-0.1743548253180.01.0244.00.9777665144430.2096965503630.00.0-0.2096965503630.9777665144430.00.00.00.01.00.0-0.608214506924-0.1743548253180.01.0247.00.9782781950980.2072963410090.00.0-0.2072963410090.9782781950980.00.00.00.01.00.0-0.608214506924-0.1743548253180.01.0251.00.9739063342590.2269503295650.00.0-0.2269503295650.9739063342590.00.00.00.01.00.0-0.608214506924-0.1743548253180.01.0300.00.9768796136160.213790131910.00.0-0.213790131910.9768796136160.00.00.00.01.00.0-0.608214506924-0.1743548253180.01.0joint5joint41.00.972711209154-0.23201918797-0.00.00.232019187970.9727112091540.00.00.0-0.01.00.00.263559619667-0.5463793653870.01.044.00.972711209154-0.23201918797-0.00.00.232019187970.9727112091540.00.00.0-0.01.00.00.263559619667-0.5463793653870.01.048.00.972711209154-0.23201918797-0.00.00.232019187970.9727112091540.00.00.0-0.01.00.00.263559619667-0.5463793653870.01.053.00.972711209154-0.23201918797-0.00.00.232019187970.9727112091540.00.00.0-0.01.00.00.263559619667-0.5463793653870.01.058.00.972711209154-0.23201918797-0.00.00.232019187970.9727112091540.00.00.0-0.01.00.00.263559619667-0.5463793653870.01.0143.00.972711209154-0.23201918797-0.00.00.232019187970.9727112091540.00.00.0-0.01.00.00.263559619667-0.5463793653870.01.0147.00.972711209154-0.23201918797-0.00.00.232019187970.9727112091540.00.00.0-0.01.00.00.263559619667-0.5463793653870.01.0150.00.972711209154-0.23201918797-0.00.00.232019187970.9727112091540.00.00.0-0.01.00.00.263559619667-0.5463793653870.01.0154.00.972711209154-0.23201918797-0.00.00.232019187970.9727112091540.00.00.0-0.01.00.00.263559619667-0.5463793653870.01.0241.00.972711209154-0.23201918797-0.00.00.232019187970.9727112091540.00.00.0-0.01.00.00.263559619667-0.5463793653870.01.0244.00.972711209154-0.23201918797-0.00.00.232019187970.9727112091540.00.00.0-0.01.00.00.263559619667-0.5463793653870.01.0247.00.972711209154-0.23201918797-0.00.00.232019187970.9727112091540.00.00.0-0.01.00.00.263559619667-0.5463793653870.01.0251.00.972711209154-0.23201918797-0.00.00.232019187970.9727112091540.00.00.0-0.01.00.00.263559619667-0.5463793653870.01.0300.00.972711209154-0.23201918797-0.00.00.232019187970.9727112091540.00.00.0-0.01.00.00.263559619667-0.5463793653870.01.0