joint1root7.00.01679829865210.00.9998588986260.0-0.01.00.00.0-0.999858898626-0.00.01679829865210.00.01.21431494098-0.1184155974271.011.00.1537794234040.0286528121560.9876896806660.00.170825950160.98375736479-0.05513566878790.0-0.9732267894430.1772017595180.1463869964650.0-0.1343363620180.995558037443-0.08768307927611.018.00.2733066737250.09635406638360.957089001080.0-0.06417299528670.994580344413-0.08180321010510.0-0.959783980265-0.03906190470150.2780087747310.0-0.1183680816090.811808806109-0.1994383412941.021.00.3058997971530.1172461900560.9448167256240.0-0.08417176901840.991832642749-0.09582860782560.0-0.948335609055-0.05021294349860.3132702234540.0-0.1126516365670.779664092108-0.2207048888061.022.00.3101167674980.1186400037330.9432667385370.0-0.0788274566660.99197522367-0.09885032979410.0-0.947424837437-0.04370017321470.3169802395560.0-0.1114124587830.780390822631-0.2206379081841.030.00.3409462769470.1171857143050.9327503120330.0-0.004411569578720.99238870653-0.1230658084360.0-0.9400724303420.03784393630470.3388682077080.0-0.1008586872220.820265304958-0.2165253359071.032.00.3476516988390.1161724403290.930398979150.00.000429507129420.99227475939-0.1240589271330.0-0.9376236514820.04352890976850.3449161089250.0-0.09859334799090.830208657023-0.2153281812681.037.00.3563197291110.1142574613060.9273518658970.0-0.01192755595060.992970538397-0.1177592598660.0-0.9342879556410.03089890630930.3551778055190.0-0.0956962301320.844374606612-0.2123264620281.043.00.3555510504450.1143448219890.9276360882440.0-0.03157089310920.993391306643-0.1103494023270.0-0.9341235085550.009948546127220.3568112907320.0-0.09586475879220.843385936634-0.2105248099811.058.00.3468029391940.115247417920.930830679570.0-0.005291371607430.992646988764-0.1209295542210.0-0.9379230899990.037013353810.34486271020.0-0.09778137270080.832142160035-0.206309434081.073.00.3350319162340.1161969567830.9350143754720.0-0.04392396237790.993213657991-0.1076908311270.0-0.941182394987-0.004989670737630.3378621058250.0-0.1003571903490.817031177471-0.2021322336511.0119.00.3058997971530.1172461900560.9448167256240.00.01452751678530.99169776156-0.1277673705320.0-0.9519528692940.05280985356910.3016568481040.0-0.1067267828520.779664092108-0.1922735645711.0132.00.2413670066460.06762552956750.9680747676980.00.01678795263610.997128728284-0.07384080089460.0-0.9702886852630.03407472642860.2395386821990.0-0.07965538294770.889913896648-0.1735393864091.0141.00.1557708727960.0257268195640.9874581337670.00.01328108425760.99951587058-0.02813604910440.0-0.9877039272930.01749729160150.1553537794760.0-0.04772812004931.01993947903-0.1514448130711.0151.00.05610392660140.002553845534320.9984216680810.00.00422548664430.999987165723-0.002795291047190.0-0.9984159928020.00437564422760.05609241530790.0-0.0132641374711.16029599072-0.1275947577681.0160.00.01679829865210.00.9998588986260.0-0.01.00.00.0-0.999858898626-0.00.01679829865210.00.01.21431494098-0.1184155974271.0joint2joint1	7.01.00.00.00.00.01.00.00.00.00.01.00.00.0-0.0909753093958-0.4153220646331.019.01.00.00.00.00.00.9924896097960.1223289599690.00.0-0.1223289599690.9924896097960.00.0-0.0909753093958-0.4153220646331.030.01.00.0-0.00.0-0.00.990033374133-0.1408329439570.00.00.1408329439570.9900333741330.00.0-0.0909753093958-0.4153220646331.043.01.00.00.00.00.00.9999987591340.001575351156220.00.0-0.001575351156220.9999987591340.00.0-0.0909753093958-0.4153220646331.082.01.00.0-0.00.0-0.00.968175761469-0.2502712426630.00.00.2502712426630.9681757614690.00.0-0.0909753093958-0.4153220646331.0121.01.00.0-0.00.0-0.00.948074173682-0.3180493062370.00.00.3180493062370.9480741736820.00.0-0.0909753093958-0.4153220646331.0140.01.00.0-0.00.0-0.00.895717135241-0.444624351150.00.00.444624351150.8957171352410.00.0-0.0909753093958-0.4153220646331.0160.01.00.00.00.00.01.00.00.00.00.01.00.00.0-0.0909753093958-0.4153220646331.0262.51.00.00.00.00.01.00.00.00.00.01.00.00.0-0.0909753093958-0.4153220646331.0joint3joint2	7.01.00.00.00.00.01.00.00.00.00.01.00.00.0-0.0474653788152-0.249193238781.019.01.00.00.00.00.00.9924896097960.1223289599690.00.0-0.1223289599690.9924896097960.00.0-0.0474653788152-0.249193238781.030.01.00.0-0.00.0-0.00.990033374133-0.1408329439570.00.00.1408329439570.9900333741330.00.0-0.0474653788152-0.249193238781.043.01.00.00.00.00.00.9999987591340.001575351156220.00.0-0.001575351156220.9999987591340.00.0-0.0474653788152-0.249193238781.082.01.00.0-0.00.0-0.00.968175761469-0.2502712426630.00.00.2502712426630.9681757614690.00.0-0.0474653788152-0.249193238781.0121.01.00.0-0.00.0-0.00.948074173682-0.3180493062370.00.00.3180493062370.9480741736820.00.0-0.0474653788152-0.249193238781.0140.01.00.0-0.00.0-0.00.895717135241-0.444624351150.00.00.444624351150.8957171352410.00.0-0.0474653788152-0.249193238781.0160.01.00.00.00.00.01.00.00.00.00.01.00.00.0-0.0474653788152-0.249193238781.0262.51.00.00.00.00.01.00.00.00.00.01.00.00.0-0.0474653788152-0.249193238781.0joint4joint3
7.01.00.00.00.00.01.00.00.00.00.01.00.00.0-0.1067971023340.00395544823461.018.01.00.0-0.00.0-0.00.956373807894-0.2921457505670.00.00.2921457505670.9563738078940.00.0-0.1067971023340.00395544823461.029.01.00.00.00.00.00.987889326040.1551601736790.00.0-0.1551601736790.987889326040.00.0-0.1067971023340.00395544823461.045.01.00.0-0.00.0-0.00.924032239288-0.3823145573430.00.00.3823145573430.9240322392880.00.0-0.1067971023340.00395544823461.058.01.00.0-0.00.0-0.00.994551358934-0.1042477550980.00.00.1042477550980.9945513589340.00.0-0.1067971023340.00395544823461.078.01.00.0-0.00.0-0.00.929223744921-0.3695175663960.00.00.3695175663960.9292237449210.00.0-0.1067971023340.00395544823461.098.01.00.0-0.00.0-0.00.98005665141-0.1987182931390.00.00.1987182931390.980056651410.00.0-0.1067971023340.00395544823461.0121.01.00.0-0.00.0-0.00.976945750348-0.213487706620.00.00.213487706620.9769457503480.00.0-0.1067971023340.00395544823461.0160.01.00.00.00.00.01.00.00.00.00.01.00.00.0-0.1067971023340.00395544823461.0262.51.00.00.00.00.01.00.00.00.00.01.00.00.0-0.1067971023340.00395544823461.0joint5joint1
4.01.00.00.00.00.01.00.00.00.00.01.00.00.00.00.4034557199291.012.00.9844164785560.03805029504050.1716868422280.0-5.20417042793e-170.976310137987-0.2163758638660.0-0.1758527700860.2130039659510.9610957880160.00.00.00.4034557199291.029.00.988931162552-0.008612282240460.1481248943540.06.07153216592e-180.998314025470.05804400529340.0-0.14837505091-0.0574015256340.98726384980.00.00.00.4034557199291.043.00.9947036198950.002365291077860.1027575494330.0-1.25767452008e-170.999735187076-0.02301207776220.0-0.1027847681680.02289019705140.9944402095210.00.00.00.4034557199291.069.01.00.0-0.00.0-0.00.999194754272-0.04012284928410.00.00.04012284928410.9991947542720.00.00.00.4034557199291.095.01.00.00.00.00.00.999678878440.02534048147910.00.0-0.02534048147910.999678878440.00.00.00.4034557199291.0124.01.00.0-0.00.0-0.00.994720057935-0.1026255637790.00.00.1026255637790.9947200579350.00.00.00.4034557199291.0143.00.996133608807-0.03259963569750.08157877883970.00.01352631406520.9744422713330.2242304588310.0-0.0868036418152-0.2222600359760.9711156492280.00.00.00.4034557199291.0160.01.00.00.00.00.01.00.00.00.00.01.00.00.00.00.4034557199291.0262.51.00.00.00.00.01.00.00.00.00.01.00.00.00.00.4034557199291.0joint6joint5
4.01.00.00.00.00.01.00.00.00.00.01.00.00.0-0.0988862058650.3836784787561.012.00.9844164785560.03805029504050.1716868422280.0-5.20417042793e-170.976310137987-0.2163758638660.0-0.1758527700860.2130039659510.9610957880160.00.0-0.0988862058650.3836784787561.029.00.988931162552-0.008612282240460.1481248943540.06.07153216592e-180.998314025470.05804400529340.0-0.14837505091-0.0574015256340.98726384980.00.0-0.0988862058650.3836784787561.043.00.9947036198950.002365291077860.1027575494330.0-1.25767452008e-170.999735187076-0.02301207776220.0-0.1027847681680.02289019705140.9944402095210.00.0-0.0988862058650.3836784787561.069.01.00.0-0.00.0-0.00.999194754272-0.04012284928410.00.00.04012284928410.9991947542720.00.0-0.0988862058650.3836784787561.095.01.00.00.00.00.00.999678878440.02534048147910.00.0-0.02534048147910.999678878440.00.0-0.0988862058650.3836784787561.0124.01.00.0-0.00.0-0.00.994720057935-0.1026255637790.00.00.1026255637790.9947200579350.00.0-0.0988862058650.3836784787561.0143.00.996133608807-0.03259963569750.08157877883970.00.01352631406520.9744422713330.2242304588310.0-0.0868036418152-0.2222600359760.9711156492280.00.0-0.0988862058650.3836784787561.0160.01.00.00.00.00.01.00.00.00.00.01.00.00.0-0.0988862058650.3836784787561.0262.51.00.00.00.00.01.00.00.00.00.01.00.00.0-0.0988862058650.3836784787561.0joint12joint17.00.945894784477-0.0005773656506030.3244729932480.00.0002240117196460.9999993405650.001126361084580.0-0.324473429601-0.0009927333221480.9458942900570.0	-0.299453-0.0810249409820.05870584766731.011.00.94401393564-0.2830700506220.169437409560.00.1233865723780.7792633048320.6144301876530.0-0.305963140059-0.5591243584240.7705624625830.0	-0.299453-0.0810249409820.05870584766731.018.00.914033608528-0.135974279208-0.3821695407470.00.3007847232450.8593177405360.4136442566530.00.272160086609-0.4930355121020.8263442811950.0	-0.299453-0.0810249409820.05870584766731.022.00.765520817966-0.24608066856-0.5944932142770.00.4788416941570.8350445763870.2709449895890.00.4297540101-0.4920821679430.7570776913870.0	-0.299453-0.0810249409820.05870584766731.032.00.759061835693-0.549936804210.3484173373560.00.5205483432440.8341058822750.182474106380.0-0.390966177490.0428589375630.9194066344820.0	-0.299453-0.0810249409820.05870584766731.043.00.749717959691-0.528935115950.397681561090.00.5140927090310.8439270105350.1532836827960.0-0.4166913335290.08952566115290.9046289231270.0	-0.299453-0.0810249409820.05870584766731.073.00.752958373156-0.5554447662930.3528948850450.00.5465092217880.8265239055270.1348551226050.0-0.3665806306870.09132001527060.9258937822540.0	-0.299453-0.0810249409820.05870584766731.0119.00.753075011504-0.6126244022050.2399361766620.00.5865896054570.7903380457960.1768570273890.0-0.2979776196590.007557459267420.9545429393130.0	-0.299453-0.0810249409820.05870584766731.0132.00.797280870149-0.4339599081740.4195497732010.00.4584300673740.8874967032160.04681319373410.0-0.3926640898050.1550109669610.9065244137360.0	-0.299453-0.0810249409820.05870584766731.0141.00.877928070173-0.438539834536-0.1921590932720.00.464525567020.8774021551870.1199227070140.00.116009918484-0.1945463224990.9740089461680.0	-0.299453-0.0810249409820.05870584766731.0151.00.938505979704-0.05579794366090.340724398220.00.01892109431440.9936836263340.1106112243190.0-0.344744134466-0.09736241697150.9336337834040.0	-0.299453-0.0810249409820.05870584766731.0160.00.945894784477-0.0005773656506030.3244729932480.00.0002240117196460.9999993405650.001126361084580.0-0.324473429601-0.0009927333221480.9458942900570.0	-0.299453-0.0810249409820.05870584766731.0262.50.9456502016480.00.3251856333270.0-0.01.00.00.0-0.325185633327-0.00.9456502016480.0	-0.299453-0.0810249409820.05870584766731.0joint13joint127.00.9999999936370.0001128082553180.00.0-0.0001128082541380.999999983178-0.0001446302982120.0-1.63154916074e-080.0001446302972920.9999999895410.0-0.0728537417472	-0.449533-0.09340558395211.011.00.9044100672360.4266643063135.43740391407e-070.0-0.3603220084110.763783466829-0.5355397894210.0-0.2284961280560.4843473810360.8445099963570.0-0.0728537417472	-0.449533-0.09340558395211.018.00.5102171753930.8600455999141.27714353049e-060.0-0.2072512527550.122952071721-0.97053063130.0-0.8347007560590.4951811326450.2409777867510.0-0.0728537417472	-0.449533-0.09340558395211.022.00.3567787421120.9341889151421.48760776908e-060.0-0.02299990364150.00878555045314-0.9996968633220.0-0.9339057412870.3566705551750.02462075267070.0-0.0728537417472	-0.449533-0.09340558395211.032.00.8122188165950.583352889747.68303230453e-070.0-0.4070316151820.566722635621-0.7163453905190.0-0.4178825890260.5818288926370.6977458573730.0-0.0728537417472	-0.449533-0.09340558395211.043.00.8253359865410.5646419301827.40115504494e-070.0-0.4056555666350.592946846864-0.6955987335040.0-0.3927646503670.5741023667220.7184305129560.0-0.0728537417472	-0.449533-0.09340558395211.073.00.802441697450.5967305272847.88742576169e-070.0-0.4071914449540.54756369234-0.7310055608460.0-0.4362137656580.5865890219220.6823715043960.0-0.0728537417472	-0.449533-0.09340558395211.0119.00.7703744330820.6375917446568.52821379266e-070.0-0.4030904483910.487037730691-0.7747982571610.0-0.4940053878960.5968844243490.6322085579140.0-0.0728537417472	-0.449533-0.09340558395211.0132.00.8943007399460.4474664082715.72270619226e-070.0-0.3706184465290.740714086041-0.5603432964110.0-0.2507352261330.5011152125110.8282604603420.0-0.0728537417472	-0.449533-0.09340558395211.0141.00.6346733133190.7727805544651.0894643202e-060.0-0.3280667779190.269437700193-0.9054145541910.0-0.6996870547510.5746420976190.4245285444560.0-0.0728537417472	-0.449533-0.09340558395211.0151.00.9912956518270.1316545884821.62872355792e-070.0-0.1297726345280.977125653248-0.1684770639960.0-0.02218093767580.1670105598350.9857055741480.0-0.0728537417472	-0.449533-0.09340558395211.0160.00.9999999936370.0001128082553180.00.0-0.0001128082541380.999999983178-0.0001446302982120.0-1.63154916074e-080.0001446302972920.9999999895410.0-0.0728537417472	-0.449533-0.09340558395211.0262.51.00.00.00.00.01.00.00.00.00.01.00.0-0.0728537417472	-0.449533-0.09340558395211.0joint14joint137.00.989231826743-0.146357073481-6.92732088654e-080.00.143769580340.971742794790.1872064329620.0-0.0273989183494-0.1851905716160.9823205950490.00.190541511999	-0.3189240.2442900513351.011.00.95350672332-0.301371744832-1.44376349827e-070.00.2784560864560.8810039425280.3824843280010.0-0.115269842104-0.3647014185160.9239619791060.00.190541511999	-0.3189240.2442900513351.018.00.752435868834-0.658665517006-3.39112789849e-070.00.398052490440.4547204818990.7967330156310.0-0.524780409454-0.5994906338290.6043314502850.00.190541511999	-0.3189240.2442900513351.022.00.66929472305-0.742997021325-3.94996183983e-070.00.3542600318170.3191184027270.8790126704990.0-0.653103669837-0.588318681790.4767984113870.00.190541511999	-0.3189240.2442900513351.032.00.907894765012-0.419198157992-2.04003266516e-070.00.3563700041290.7718219833820.5265845099550.0-0.220743099146-0.4780833926260.8501227875280.00.190541511999	-0.3189240.2442900513351.043.00.914432814981-0.404737726047-1.9651873702e-070.00.3483417618030.7870159297210.5091796768810.0-0.206084069907-0.4656106737170.860660244610.00.190541511999	-0.3189240.2442900513351.073.00.903010817566-0.429617810804-2.09430411791e-070.00.3618506659280.7605712439330.5390690850620.0-0.23159352091-0.4867852910090.8422615517340.00.190541511999	-0.3189240.2442900513351.0119.00.886927278817-0.461909084227-2.26444898555e-070.00.3771192414750.7241191465920.5774361776410.0-0.26672285204-0.5121439831220.81643582770.00.190541511999	-0.3189240.2442900513351.0132.00.948543055411-0.31664818337-1.51951821903e-070.00.2900149101210.8687609227240.4014297087340.0-0.127111856011-0.3807734065240.9158898345030.00.190541511999	-0.3189240.2442900513351.0141.00.817707814022-0.575633503965-2.89279377258e-070.00.4066269735270.5776276860160.707814072160.0-0.407441327418-0.5787852153090.7063987820290.00.190541511999	-0.3189240.2442900513351.0151.00.995798622228-0.0915702133225-4.32465871326e-080.00.09093812896810.9889248389420.1172941585240.0-0.0107406083499-0.1168013653870.9930972159740.00.190541511999	-0.3189240.2442900513351.0160.00.999999996931-7.83439145604e-050.00.07.83439141652e-050.9999999918870.0001004429617560.0-7.86909481398e-09-0.0001004429614470.9999999949560.00.190541511999	-0.3189240.2442900513351.0262.51.00.00.00.00.01.00.00.00.00.01.00.00.190541511999	-0.3189240.2442900513351.0joint15joint1411.01.00.00.00.00.01.00.00.00.00.01.00.0-0.0579097510806	-0.194392-0.07424487443581.032.00.9821830722050.0418927121681-0.183197743820.0-0.01583825895150.9898211118780.1414330796990.00.187258009781-0.1360116434250.9728490482220.0-0.0579097510806	-0.194392-0.07424487443581.0132.00.9880646421880.0764962883147-0.133703331040.0-0.03997706188020.9655808600330.2570125235510.00.148761881477-0.2485999207820.9571144038240.0-0.0579097510806	-0.194392-0.07424487443581.0160.01.00.00.00.00.01.00.00.00.00.01.00.0-0.0579097510806	-0.194392-0.07424487443581.0joint16joint150.01.00.00.00.00.01.00.00.00.00.01.00.0-0.145708168996
-0.1245327-0.1868100861981.0joint7joint17.00.945631593625-0.0001187347484750.3252397193460.0-0.000249648823910.9999993737840.001090919922190.0-0.325239645206-0.001112804057960.9456309718140.00.299452595253-0.08102609730430.05870557307681.011.00.882528964544-0.1954032874620.4277384504450.0-0.05261185518180.8628447386760.5027235320060.0-0.467305702335-0.4661721915640.7512049443250.00.299452595253-0.08102609730430.05870557307681.018.00.8361812128850.03813388084780.5471259328070.0-0.2100836921520.9437632921950.2552953007750.0-0.506621971011-0.3284153702810.7971684408280.00.299452595253-0.08102609730430.05870557307681.030.00.8000990053520.02037959482970.5995216874730.0-0.2062265374650.947850595190.2430017786810.0-0.563304710508-0.3180627631640.7625771317110.00.299452595253-0.08102609730430.05870557307681.037.00.7904230838110.0229478884440.6121313118890.0-0.1922730324590.9580893519050.2123578930840.0-0.581603326647-0.2855489243230.7617082001990.00.299452595253-0.08102609730430.05870557307681.043.00.790942673740.03467380310120.6109070422210.0-0.1903796688850.9627841090070.1918393627980.0-0.581519792038-0.2680382189580.7681082245660.00.299452595253-0.08102609730430.05870557307681.058.00.7955042861980.007828048911560.6058973941940.0-0.1887064879880.9533923564250.2354418741470.0-0.575814893896-0.3016317893730.7599049095820.00.299452595253-0.08102609730430.05870557307681.073.00.8025553646970.0276723111270.5959355080820.0-0.1881857730820.9596662172980.208870453120.0-0.56611924663-0.2797766869740.7753928062740.00.299452595253-0.08102609730430.05870557307681.0119.00.817328966915-0.03220419219160.5752705883730.0-0.1853168740910.9306901689690.3153941431940.0-0.545555694699-0.3643881164220.7547120540920.00.299452595253-0.08102609730430.05870557307681.0132.00.852157102556-0.0165775636060.5230233808820.0-0.1570403843650.9453259546250.2858271456510.0-0.49916589451-0.3257054250350.8029628795030.00.299452595253-0.08102609730430.05870557307681.0141.00.892766085146-0.00173596263070.4505171513340.0-0.1068719202230.9706329996840.2155225570370.0-0.437660953114-0.2405588625630.8663626975820.00.299452595253-0.08102609730430.05870557307681.0151.00.9323471487790.002642983335480.3615547106630.0-0.03358852465780.9962821784490.07933241403130.0-0.36000084052-0.08610943934210.9289696223670.00.299452595253-0.08102609730430.05870557307681.0160.00.945631593625-0.0001187347484750.3252397193460.0-0.000249648823910.9999993737840.001090919922190.0-0.325239645206-0.001112804057960.9456309718140.00.299452595253-0.08102609730430.05870557307681.0262.50.9456502016480.00.3251856333270.0-0.01.00.00.0-0.325185633327-0.00.9456502016480.00.299452595253-0.08102609730430.05870557307681.0joint8joint77.01.00.0-0.00.0-0.00.999999983302-0.0001827446958510.00.00.0001827446958510.9999999833020.00.0-0.449531600892-0.1184576515861.011.01.00.0-0.00.0-0.00.787318337852-0.6165467012990.00.00.6165467012990.7873183378520.00.0-0.449531600892-0.1184576515861.018.01.00.0-0.00.0-0.00.429447158834-0.9030919874350.00.00.9030919874350.4294471588340.00.0-0.449531600892-0.1184576515861.030.01.00.0-0.00.0-0.00.484735950591-0.874660538840.00.00.874660538840.4847359505910.00.0-0.449531600892-0.1184576515861.037.01.00.0-0.00.0-0.00.536498855154-0.8439010477650.00.00.8439010477650.5364988551540.00.0-0.449531600892-0.1184576515861.043.01.00.0-0.00.0-0.00.531941708925-0.8467809742230.00.00.8467809742230.5319417089250.00.0-0.449531600892-0.1184576515861.058.01.00.0-0.00.0-0.00.508735446734-0.8609229031890.00.00.8609229031890.5087354467340.00.0-0.449531600892-0.1184576515861.073.01.00.0-0.00.0-0.00.469451171968-0.8829584345470.00.00.8829584345470.4694511719680.00.0-0.449531600892-0.1184576515861.0119.01.00.0-0.00.0-0.00.386583729268-0.9222543143110.00.00.9222543143110.3865837292680.00.0-0.449531600892-0.1184576515861.0132.01.00.0-0.00.0-0.00.590860843208-0.8067734898740.00.00.8067734898740.5908608432080.00.0-0.449531600892-0.1184576515861.0141.01.00.0-0.00.0-0.00.811682190457-0.5840993251960.00.00.5840993251960.8116821904570.00.0-0.449531600892-0.1184576515861.0151.01.00.0-0.00.0-0.00.979365466553-0.202097211570.00.00.202097211570.9793654665530.00.0-0.449531600892-0.1184576515861.0160.01.00.0-0.00.0-0.00.999999983302-0.0001827446958510.00.00.0001827446958510.9999999833020.00.0-0.449531600892-0.1184576515861.0262.51.00.00.00.00.01.00.00.00.00.01.00.00.0-0.449531600892-0.1184576515861.0joint9joint87.01.00.00.00.00.00.9999999919460.0001269134609910.00.0-0.0001269134609910.9999999919460.00.0-0.3189244465790.3098123195341.011.01.00.00.00.00.00.8954388012270.445184628280.00.0-0.445184628280.8954388012270.00.0-0.3189244465790.3098123195341.018.01.00.00.00.00.00.7090641453570.7051439837140.00.0-0.7051439837140.7090641453570.00.0-0.3189244465790.3098123195341.030.01.00.00.00.00.00.738844293430.6738761830380.00.0-0.6738761830380.738844293430.00.0-0.3189244465790.3098123195341.037.01.00.00.00.00.00.7663735145830.6423952335950.00.0-0.6423952335950.7663735145830.00.0-0.3189244465790.3098123195341.043.01.00.00.00.00.00.7639630932130.645259941580.00.0-0.645259941580.7639630932130.00.0-0.3189244465790.3098123195341.058.01.00.00.00.00.00.7516492593010.6595630303410.00.0-0.6595630303410.7516492593010.00.0-0.3189244465790.3098123195341.073.01.00.00.00.00.00.7306511194430.6827510100010.00.0-0.6827510100010.7306511194430.00.0-0.3189244465790.3098123195341.0119.01.00.00.00.00.00.6856962795780.7278877744350.00.0-0.7278877744350.6856962795780.00.0-0.3189244465790.3098123195341.0132.01.00.00.00.00.00.7949368144320.6066922292740.00.0-0.6066922292740.7949368144320.00.0-0.3189244465790.3098123195341.0141.01.00.00.00.00.00.9076275620640.4197763792570.00.0-0.4197763792570.9076275620640.00.0-0.3189244465790.3098123195341.0151.01.00.00.00.00.00.9900299635140.1408569179870.00.0-0.1408569179870.9900299635140.00.0-0.3189244465790.3098123195341.0160.01.00.00.00.00.00.9999999919460.0001269134609910.00.0-0.0001269134609910.9999999919460.00.0-0.3189244465790.3098123195341.0262.51.00.00.00.00.01.00.00.00.00.01.00.00.0-0.3189244465790.3098123195341.0joint10joint97.01.00.00.00.00.01.00.00.00.00.01.00.00.0-0.194392043629-0.09415864613281.027.00.998153025936-0.06051066225320.005384846243690.00.06057708469060.998076623236-0.01317083748260.0-0.004577513057050.01347270957440.9998987611110.00.0-0.194392043629-0.09415864613281.0160.01.00.00.00.00.01.00.00.00.00.01.00.00.0-0.194392043629-0.09415864613281.0joint11joint100.01.00.00.00.00.01.00.00.00.00.01.00.00.0-0.12453240295-0.2369153031731.0