joint1root1.00.01679829865210.00.9998588986260.0-0.163578755820.9865264506650.002748232572790.0-0.986387250428-0.1636018402640.01657196594650.04.33680868994e-191.21431494098-0.1184155974271.08.00.129767854132-0.005115526923630.9915312074860.0-0.04020431912420.9991371818040.01041655703370.0-0.990728982496-0.0412155713410.1294502217890.00.1505168647491.09087603757-0.1184155974271.012.00.165065580746-0.009180832809390.9862398624890.00.01037194508110.9999175387240.007572219387960.0-0.9862280551720.008979312899750.1651471923220.00.2122584766861.0402417308-0.1184155974271.014.00.157451265499-0.008107446981710.9874934775970.0-0.002470650089520.999959935040.008603731906210.0-0.98752366801-0.003794419325480.1574249265560.00.1965356287581.05313604087-0.1184155974271.020.00.0734909142254-0.001004253277640.9972953810190.0-0.1208655456320.9926194578030.00990615316070.0-0.989944748663-0.1212666626360.07282713181150.00.05219985470331.17150583248-0.1184155974271.024.00.01679829865210.00.9998588986260.0-0.163578755820.9865264506650.002748232572790.0-0.986387250428-0.1636018402640.01657196594650.00.01.21431494098-0.1184155974271.029.0-0.05331836485160.00.9985775643230.0-0.1256240465470.992055243874-0.006707609891560.0-0.990644109102-0.125802993213-0.05289476344580.00.07403091848871.15058612542-0.1184155974271.035.0-0.116620122217-3.46944695195e-180.9931765941130.0-0.05701351268880.998350961168-0.006694602810040.0-0.991538807342-0.0574052117486-0.1164278111070.00.207159358321.0359837706-0.1184155974271.036.0-0.1183551783050.00.9929713247460.0-0.05487453444620.99847183499-0.006540657466050.0-0.991453900712-0.0552629598445-0.1181743120630.00.2113172411491.03240449657-0.1184155974271.041.0-0.07531714422310.00.9971596300420.0-0.1019319129460.994761584076-0.007699088848950.0-0.991936093158-0.102222261988-0.07492260169550.00.1200269600111.11099086994-0.1184155974271.047.00.01679829865210.00.9998588986260.0-0.163578755820.9865264506650.002748232572790.0-0.986387250428-0.1636018402640.01657196594650.00.01.21431494098-0.1184155974271.0joint2joint1	1.00.9747302680520.1229723374230.1864905058490.0-0.1251681926880.992135536880.00.0-0.185023858144-0.02334267957060.9824567630320.00.0-0.0909753093958-0.4153220646331.08.00.9887116403460.04801556306030.1419288481920.0-0.05919012191330.9953807827990.0755885355250.0-0.137643821921-0.08313605077780.9869866135610.00.0-0.0909753093958-0.4153220646331.014.00.99980323037-0.0174484458860.00943675139620.00.01773771624160.999346604655-0.03149185906610.0-0.008881101467990.03165304884320.9994594591760.00.0-0.0909753093958-0.4153220646331.018.00.994983840501-0.0612027961173-0.07912884991820.00.054991140710.995401782689-0.07843000359450.00.08356513379010.07368520046690.9937743001540.00.0-0.0909753093958-0.4153220646331.022.00.980471241043-0.103743683061-0.1670730191010.00.1124416421820.9927080884290.04344569336350.00.161347521177-0.06138321752220.9849868415450.00.0-0.0909753093958-0.4153220646331.029.00.996837408695-0.0406551476119-0.06828132687510.00.04923989505710.9904003326010.1291611935490.00.0623747814581-0.1321148748510.9892699563220.00.0-0.0909753093958-0.4153220646331.035.00.9997485453080.01465545488720.01697244225920.0-0.0148195525010.999844257560.009583396524540.0-0.0168293498942-0.009832510733650.9998100293130.00.0-0.0909753093958-0.4153220646331.040.00.99428187450.06056797278150.08794927352170.0-0.05348325930980.995295055427-0.08079166798350.0-0.0924288646120.07562587728480.9928432059850.00.0-0.0909753093958-0.4153220646331.047.00.9747302680520.1229723374230.1864905058490.0-0.1251681926880.992135536880.00.0-0.185023858144-0.02334267957060.9824567630320.00.0-0.0909753093958-0.4153220646331.0joint3joint21.00.9636636747970.1215761718530.2378477586920.0-0.1251681926880.992135536880.00.0-0.235977213766-0.02977097409030.9713024470710.00.0-0.0474653788152-0.249193238781.08.00.9871003385110.04793731217130.1527577684220.0-0.06357845319090.9930334007510.09920909879020.0-0.146937748729-0.1076414376280.9832713861920.00.0-0.0474653788152-0.249193238781.018.00.99521128296-0.0612167864092-0.07620372255670.00.05205912989750.991784772147-0.1168452512120.00.08273058239910.1123186128760.9902222881440.00.0-0.0474653788152-0.249193238781.022.00.980426045922-0.103738900964-0.1673409958870.00.09843114373370.994350481057-0.0397294697330.00.1705170912870.02248024129820.9850982490750.00.0-0.0474653788152-0.249193238781.029.00.997722984269-0.0406912650423-0.05378724393730.00.04569518367010.9943956961630.09533703185410.00.0496064194482-0.09757776592370.993990836350.00.0-0.0474653788152-0.249193238781.040.00.9902581465840.06032286216530.1254988263850.0-0.0458691287780.99230233458-0.1150308646060.0-0.1314717693990.1081537289560.9854024278250.00.0-0.0474653788152-0.249193238781.047.00.9636636747970.1215761718530.2378477586920.0-0.1251681926880.992135536880.00.0-0.235977213766-0.02977097409030.9713024470710.00.0-0.0474653788152-0.249193238781.0joint4joint31.01.00.00.00.00.01.00.00.00.00.01.00.00.0-0.1067971023340.00395544823461.08.01.00.00.00.00.00.9932392876080.1160849583370.00.0-0.1160849583370.9932392876080.00.0-0.1067971023340.00395544823461.018.01.00.0-0.00.0-0.00.991303799455-0.1315932262170.00.00.1315932262170.9913037994550.00.0-0.1067971023340.00395544823461.029.01.00.00.00.00.00.9936364657350.112634692530.00.0-0.112634692530.9936364657350.00.0-0.1067971023340.00395544823461.040.01.00.0-0.00.0-0.00.991530819811-0.1298716033830.00.00.1298716033830.9915308198110.00.0-0.1067971023340.00395544823461.047.01.00.00.00.00.01.00.00.00.00.01.00.00.0-0.1067971023340.00395544823461.0joint5joint11.00.9793369029340.00.2022355818150.0-0.01.00.00.0-0.202235581815-0.00.9793369029340.00.00.00.4034557199291.08.00.9613158892340.06418677970310.2678652990190.0-0.007790835466950.978417302367-0.2064918528930.0-0.2753380903360.1964170047110.9410681677070.00.00.00.4034557199291.021.00.9847053886310.0668955880121-0.1608734841610.0-0.04058712988010.986024262250.1615822983570.00.169434301396-0.1525815669030.9736585042770.00.00.00.4034557199291.032.00.995221570749-0.008965020226290.09722990037670.00.03105243669580.973138279855-0.2281175890980.0-0.09257305920280.2300467706640.9687665931570.00.00.00.4034557199291.041.00.986089319264-0.04343374363990.1604411554040.00.01982264900540.9890962372150.1459304495760.0-0.165030048841-0.1407200889730.9761982070970.00.00.00.4034557199291.047.00.9793369029340.00.2022355818150.0-0.01.00.00.0-0.202235581815-0.00.9793369029340.00.00.00.4034557199291.0joint6joint51.01.00.00.00.00.01.00.00.00.00.01.00.00.0-0.0988862058650.3836784787561.08.00.9974467645620.00.07141394726710.00.01860027814680.965485389196-0.259792211010.0-0.06894912267120.2604572196130.9630202776860.00.0-0.0988862058650.3836784787561.021.00.9455932518586.93889390391e-18-0.3253511980020.00.087704830750.9629808757440.2549033064020.00.313306981576-0.2695697181650.9105882177710.00.0-0.0988862058650.3836784787561.032.00.9923889265530.0-0.123143081230.0-0.03646470330560.955151817219-0.2938627766090.00.1176203378150.2961165413540.9478820865850.00.0-0.0988862058650.3836784787561.041.00.9996622573370.0-0.02598790596560.00.008012162107030.9512880520920.308199362760.00.024721984444-0.3083034900010.9509667615320.00.0-0.0988862058650.3836784787561.047.01.00.00.00.00.01.00.00.00.00.01.00.00.0-0.0988862058650.3836784787561.0joint12joint1	1.00.977220107749-0.185763899631-0.1026286246840.00.1936442916160.9783532222680.07298534649410.00.0868490030754-0.09119619549150.9920385600330.0	-0.299453-0.0810249409820.05870584766731.08.00.9765750059680.0792002821748-0.2000714198020.00.1276730492360.5351691217310.8350410790160.00.173207535105-0.8410239749550.5125210467220.0	-0.299453-0.0810249409820.05870584766731.014.00.997146238593-0.07519885139370.006671702027030.00.01370634442210.2672333887830.9635343543650.0-0.0742395782683-0.9606932125650.2675014698090.0	-0.299453-0.0810249409820.05870584766731.020.00.926309807518-0.07495348816620.369231790490.0-0.1283257424490.8586483687270.4962413552980.0-0.354235295138-0.5070551779580.7857559431430.0	-0.299453-0.0810249409820.05870584766731.024.00.944783866101-0.01371840270210.3274068597050.0-0.009122173592690.9976351199520.06812454320460.0-0.327567141672-0.06734963151490.9424244239360.0	-0.299453-0.0810249409820.05870584766731.029.00.9625346232120.1281724350730.2389538156330.0-0.01927295531210.911341155873-0.4112004995210.0-0.2704730158660.391189371660.8796676776990.0	-0.299453-0.0810249409820.05870584766731.035.00.9791959294220.136814367682-0.1498571339610.0-0.1985864823110.494360889852-0.8462687041530.0-0.04169821155240.8584224713860.5112456550160.0	-0.299453-0.0810249409820.05870584766731.041.00.9874303949310.02948008675480.1552808412270.00.04572013672760.887174054468-0.459164312830.0-0.1512973372690.4604922600480.8746747933780.0	-0.299453-0.0810249409820.05870584766731.047.00.977220107749-0.185763899631-0.1026286246840.00.1936442916160.9783532222680.07298534649410.00.0868490030754-0.09119619549150.9920385600330.0	-0.299453-0.0810249409820.05870584766731.0joint13joint12	1.00.7725347467350.6349724915988.48633295081e-070.0-0.4035722790540.491004362695-0.7720389442210.0-0.4902239087050.5964265677590.6355752265510.0-0.0728537417472	-0.449533-0.09340558395211.08.00.6823323802910.7310420800511.01130472407e-060.0-0.3630352387010.338847219748-0.8679792492510.0-0.6345296984910.5922499800460.4966004660370.0-0.0728537417472	-0.449533-0.09340558395211.014.00.8541779006430.5199808785456.74527905059e-070.0-0.3973398388420.652715048744-0.6450458259790.0-0.3354119355690.5509836214360.7641438885360.0-0.0728537417472	-0.449533-0.09340558395211.020.00.986540576202-0.16237855865-0.01925863958170.00.1624629707820.9600123841340.2279956259090.0-0.0185330686134-0.2280557519550.9734716736340.0-0.0728537417472	-0.449533-0.09340558395211.024.00.999159634953-0.0407052216957-0.004807162003920.00.04091425933520.9975130906670.05739039406360.00.0024591183143-0.05753884665530.9983402395290.0-0.0728537417472	-0.449533-0.09340558395211.029.00.999994725960.003247776459590.00.0-0.003247748303910.999986056787-0.004163935924640.0-1.35235330753e-050.004163913963880.9999913307810.0-0.0728537417472	-0.449533-0.09340558395211.035.00.914025058435-0.402690540339-0.04897470035270.00.3608342455360.7519178027010.5517411215680.0-0.185355981294-0.5219769599350.832576250860.0-0.0728537417472	-0.449533-0.09340558395211.041.00.9375915512390.3477385268354.38097074548e-070.0-0.3123071330.842060051903-0.4397716721970.0-0.1529259223370.4123260675050.8981096126490.0-0.0728537417472	-0.449533-0.09340558395211.047.00.7725347467350.6349724915988.48633295081e-070.0-0.4035722790540.491004362695-0.7720389442210.0-0.4902239087050.5964265677590.6355752265510.0-0.0728537417472	-0.449533-0.09340558395211.0joint14joint13	1.00.888013961891-0.459816488925-2.25332859982e-070.00.3762117182360.7265531726430.5749654166850.0-0.264378415437-0.5105774023930.8181777127350.00.190541511999	-0.3189240.2442900513351.08.00.842238576718-0.539104980396-2.68526096137e-070.00.4017339841460.6276248453680.6668559510560.0-0.359505195888-0.561651914970.7451866481230.00.190541511999	-0.3189240.2442900513351.014.00.928751568469-0.370702743538-1.79103627956e-070.00.3276244855110.8208238981030.4678785363720.0-0.173443710063-0.4345429831870.8837927784290.00.190541511999	-0.3189240.2442900513351.020.00.9766780818870.212212404535-0.03264689454510.0-0.2135025816510.943802489429-0.2522964696060.0-0.02272822012690.253382628270.9670991012820.00.190541511999	-0.3189240.2442900513351.024.00.9985412801260.0533750038195-0.008149898890850.0-0.05378655384730.996521809878-0.06364973733670.00.004724247019580.06399524517540.9979390212260.00.190541511999	-0.3189240.2442900513351.029.00.999997456262-0.002255541955110.00.00.002255532524240.9999932750750.002891777773660.0-6.52252609333e-06-0.002891770417730.9999958188020.00.190541511999	-0.3189240.2442900513351.035.00.8525561991630.516007921224-0.0829683825530.0-0.4553753427180.655511960219-0.6024428331830.0-0.2564785069240.5513981277110.7938380692830.00.190541511999	-0.3189240.2442900513351.041.00.969735108547-0.244159413604-1.16325469812e-070.00.2320528586320.9216510007010.3109837675940.0-0.0759295071248-0.3015719046180.9504152230960.00.190541511999	-0.3189240.2442900513351.047.00.888013961891-0.459816488925-2.25332859982e-070.00.3762117182360.7265531726430.5749654166850.0-0.264378415437-0.5105774023930.8181777127350.00.190541511999	-0.3189240.2442900513351.0joint15joint141.01.00.00.00.00.01.00.00.00.00.01.00.0-0.0579097510806	-0.194392-0.07424487443581.013.00.983604884686-0.116606363525-0.137565936220.00.132773348890.9844682316760.1148631300540.00.122035522071-0.1312450258370.9838099788810.0-0.0579097510806	-0.194392-0.07424487443581.021.00.999694409870.01448008891070.02003531632530.0-0.005102499499480.913901150811-0.4059047314880.0-0.02418783524780.4056784608170.9136957562860.0-0.0579097510806	-0.194392-0.07424487443581.028.00.989435302655-0.1416167565120.03102379947830.00.1391436863250.9877204237670.07104504929630.0-0.0407040098152-0.06597771402950.9969905339750.0-0.0579097510806	-0.194392-0.07424487443581.033.00.908028437854-0.406949045154-0.09938224538140.00.3645090502020.6506413657360.666182381570.0-0.206440084213-0.6411382751330.7391374728620.0-0.0579097510806	-0.194392-0.07424487443581.036.00.970555222364-0.2407510655330.007841223562850.00.2129513931850.8727890805880.4391934937430.0-0.112580035898-0.4245917394990.8983582750030.0-0.0579097510806	-0.194392-0.07424487443581.038.00.990057520619-0.005422061971480.1405585540250.00.006085872671940.999972264713-0.004293245783120.0-0.1405313773490.005105981738190.9900630590680.0-0.0579097510806	-0.194392-0.07424487443581.047.01.00.00.00.00.01.00.00.00.00.01.00.0-0.0579097510806	-0.194392-0.07424487443581.0joint16joint151.01.00.00.00.00.01.00.00.00.00.01.00.0-0.145708168996
-0.1245327-0.1868100861981.033.01.00.00.00.00.01.00.00.00.00.01.00.0-0.145708168996
-0.1245327-0.1868100861981.036.00.888565010484-0.363856872274-0.2793929108670.00.457233536010.6529412583160.6038254770510.0-0.0372788906927-0.6642859999180.7465483203520.0-0.145708168996
-0.1245327-0.1868100861981.047.01.00.00.00.00.01.00.00.00.00.01.00.0-0.145708168996
-0.1245327-0.1868100861981.0joint7joint1	1.00.9458085316760.05778250122140.3195424916380.0-0.003605973579840.985849048844-0.1675966880570.0-0.3247048172790.1573621156630.9326328035140.00.299452595253-0.08102609730430.05870557307681.08.00.9137799667860.1670413529350.3702747070890.00.07221074617160.830219242051-0.5527401001060.0-0.3997396408140.5318206432040.746575530690.00.299452595253-0.08102609730430.05870557307681.014.00.9001741697820.2371068667220.3653310797210.00.1760218414150.569198089639-0.8031375013630.0-0.3983751691590.7872698828890.470641430490.00.299452595253-0.08102609730430.05870557307681.020.00.9358618772710.1709999575780.3080934293030.0-0.04252107370090.92276933782-0.3829996181080.0-0.3497920881940.3453342781820.8708557465790.00.299452595253-0.08102609730430.05870557307681.024.00.9460347313870.06039921483420.3183869059120.0-0.1031864807570.9874850468090.1192720944630.0-0.307198367831-0.1456887681880.9404275334260.00.299452595253-0.08102609730430.05870557307681.029.00.954800092527-0.1667907086010.246043985570.0-0.07656513703560.6618087359640.7457526243960.0-0.287218667746-0.7308830662470.6191246888730.00.299452595253-0.08102609730430.05870557307681.035.00.952304732348-0.2887096254550.09880510572740.0-0.01544462615490.2777755389420.9605218443580.0-0.304757543419-0.9162355058250.2600679480330.00.299452595253-0.08102609730430.05870557307681.041.00.963148043089-0.1597647751090.2163817546120.00.03373637116640.8698803849980.4921076844110.0-0.266847717538-0.4666726180420.8432134742840.00.299452595253-0.08102609730430.05870557307681.047.00.9458085316760.05778250122140.3195424916380.0-0.003605973579840.985849048844-0.1675966880570.0-0.3247048172790.1573621156630.9326328035140.00.299452595253-0.08102609730430.05870557307681.0joint8joint7	1.01.00.0-0.00.0-0.00.999587181516-0.02873093364980.00.00.02873093364980.9995871815160.00.0-0.449531600892-0.1184576515861.08.01.00.00.00.00.00.9990259229380.04412714921230.00.0-0.04412714921230.9990259229380.00.0-0.449531600892-0.1184576515861.014.01.00.00.00.00.00.8811475604510.4728413864190.00.0-0.4728413864190.8811475604510.00.0-0.449531600892-0.1184576515861.020.01.00.0-0.00.0-0.00.788577767002-0.6149350416030.00.00.6149350416030.7885777670020.00.0-0.449531600892-0.1184576515861.024.01.00.0-0.00.0-0.00.45007418008-0.8929911715270.00.00.8929911715270.450074180080.00.0-0.449531600892-0.1184576515861.029.01.00.0-0.00.0-0.00.392836414128-0.9196083686740.00.00.9196083686740.3928364141280.00.0-0.449531600892-0.1184576515861.035.01.00.0-0.00.0-0.00.512102451318-0.8589243734780.00.00.8589243734780.5121024513180.00.0-0.449531600892-0.1184576515861.041.01.00.0-0.00.0-0.00.999816986588-0.01913095217030.00.00.01913095217030.9998169865880.00.0-0.449531600892-0.1184576515861.047.01.00.0-0.00.0-0.00.999587181516-0.02873093364980.00.00.02873093364980.9995871815160.00.0-0.449531600892-0.1184576515861.0joint9joint81.01.00.00.00.00.00.9998008866330.01995462573180.00.0-0.01995462573180.9998008866330.00.0-0.3189244465790.3098123195341.047.01.00.00.00.00.00.9998008866330.01995462573180.00.0-0.01995462573180.9998008866330.00.0-0.3189244465790.3098123195341.0joint10joint91.01.00.00.00.00.01.00.00.00.00.01.00.00.0-0.194392043629-0.09415864613281.08.01.00.00.00.00.00.920297803530.3912185486620.00.0-0.3912185486620.920297803530.00.0-0.194392043629-0.09415864613281.014.01.00.0-0.00.0-0.00.986728398944-0.1623793912940.00.00.1623793912940.9867283989440.00.0-0.194392043629-0.09415864613281.019.01.00.0-0.00.0-0.00.977737696285-0.2098308777640.00.00.2098308777640.9777376962850.00.0-0.194392043629-0.09415864613281.033.01.00.00.00.00.00.9169428185850.3990186304490.00.0-0.3990186304490.9169428185850.00.0-0.194392043629-0.09415864613281.038.01.00.0-0.00.0-0.00.983761926188-0.1794783345790.00.00.1794783345790.9837619261880.00.0-0.194392043629-0.09415864613281.041.01.00.0-0.00.0-0.00.851527096746-0.5243105983170.00.00.5243105983170.8515270967460.00.0-0.194392043629-0.09415864613281.047.01.00.00.00.00.01.00.00.00.00.01.00.00.0-0.194392043629-0.09415864613281.0joint11joint101.01.00.00.00.00.01.00.00.00.00.01.00.00.0-0.12453240295-0.2369153031731.07.01.00.00.00.00.01.00.00.00.00.01.00.00.0-0.12453240295-0.2369153031731.013.01.00.00.00.00.00.7179111677540.6961347249020.00.0-0.6961347249020.7179111677540.00.0-0.12453240295-0.2369153031731.022.01.00.00.00.00.00.9740534547910.2263180664690.00.0-0.2263180664690.9740534547910.00.0-0.12453240295-0.2369153031731.047.01.00.00.00.00.01.00.00.00.00.01.00.00.0-0.12453240295-0.2369153031731.0