joint1root1.00.01679829865210.00.9998588986260.0-0.01.00.00.0-0.999858898626-0.00.01679829865210.00.01.21431494098-0.1184155974271.01.010.01679829865210.00.9998588986260.0-0.01.00.00.0-0.999858898626-0.00.01679829865210.00.01.21431494098-0.1184155974271.017.00.07770117152560.05737887223690.9953241647650.0-0.07880712737870.995572095518-0.05124099238710.0-0.99385711479-0.07445715309710.08187898225310.0-0.101308069171.13915828289-0.101574218571.034.00.06293169008720.2600424954250.9635442402690.0-0.1683799766980.954384556754-0.2465731154770.0-0.983711230916-0.1467242938370.103846982470.0-0.2123655563221.05676889715-0.08311210364281.039.00.1861044154020.298879596020.9359680195660.0-0.1739149063280.947588705539-0.2680097955150.0-0.9670153835-0.1129009841330.2283300590310.0-0.1558377134371.07952498286-0.09731836883381.048.00.4909161655280.01103103715810.8711369781170.0-0.09850252735610.9942108001310.04292012356790.0-0.865620338559-0.1068793765040.4891607387670.00.0743633109541.16232590933-0.1414024288911.050.00.498826023175-0.02202558956540.866422225020.0-0.08703662020930.9933504942620.07536194193230.0-0.862320836665-0.1130029599330.4935920437970.00.1205982744821.17385314462-0.1443635565841.052.00.498181859061-0.02196468775430.8667943168910.0-0.08696470124620.9933725213090.07515433883710.0-0.862700397612-0.1128210370490.4929700168970.00.1594933367061.1779588116-0.1443253175291.056.00.492491503287-0.02143096031620.8700533507380.0-0.08632050202320.9935646848510.07333476629270.0-0.866025917696-0.1112201913170.4874722340020.00.2363814474091.18409737858-0.1439882488121.060.00.478987886258-0.02019473654130.8775891848890.0-0.08472944964620.9940037696440.06911892863240.0-0.873722796532-0.1074647781770.4744046756420.00.2885925650371.18750547919-0.1431934290841.066.00.429273608167-0.01706424365560.9030132783740.0-0.08025805127090.9951454172970.05695826225240.0-0.899601475398-0.0969247647460.4258201209920.00.3034131702611.13574096103-0.1409624096051.071.00.403864530556-0.01406531057360.9147106690080.0-0.07445367044560.9960594669770.04818909837710.0-0.911784016046-0.08756543429740.4012258750380.00.304949299431.09636987028-0.1388868722131.076.00.406199010757-0.009252296391520.9137377953610.0-0.068344272970.9968403858490.04047598661670.0-0.911225232318-0.07889005103230.4042832371440.00.3031872940011.09655348068-0.1366586982621.093.00.4207105918150.005333602114740.9071792273990.0-0.04251651067250.9989998465260.01384387813740.0-0.906198071205-0.04439436146780.4205165828060.00.2457363275421.1120105102-0.129069707491.0102.00.2893220328770.002231428359790.9572292212520.0-0.02849882038790.9995740760120.006283613762260.0-0.956807492931-0.0290978915540.2892623967590.00.09489455533481.21417468212-0.1254437165981.0103.00.2759001387570.002005172159050.9611842137270.0-0.02733750323290.9996096558220.005761675446160.0-0.960797467914-0.02786602360530.2758472591450.00.0854451853741.21686510933-0.1251251479991.0110.00.1894957691110.0009097629661640.981881115930.0-0.01840650532180.9998271375910.002625928066470.0-0.981708996623-0.01857060224430.1894797579730.00.05585550625661.21637727243-0.1228607289081.0128.00.01679829865210.00.9998588986260.0-0.01.00.00.0-0.999858898626-0.00.01679829865210.00.01.21431494098-0.1184155974271.0joint2joint10.991.00.00.00.00.01.00.00.00.00.01.00.00.0-0.0909753093958-0.4153220646331.01.01.00.00.00.00.01.00.00.00.00.01.00.00.0-0.0909753093958-0.4153220646331.012.00.999364560495-0.02710388222010.02314853763220.00.02715044113230.999629914416-0.00169933868190.0-0.02309391201670.002326751863250.9997305924370.00.0-0.0909753093958-0.4153220646331.035.00.979477736433-0.1082721234590.1700015032720.00.1110350085340.993793223158-0.006801212051950.0-0.1682099602070.02553775415220.9854203328530.00.0-0.0909753093958-0.4153220646331.050.00.926560108249-0.01849705058870.3756916620340.0-0.01330871320060.9965526814960.08188791824970.0-0.375911218182-0.08087405097960.9231197885020.00.0-0.0909753093958-0.4153220646331.063.00.9915114991840.00538744495020.1299073609230.0-0.01604636849950.9965732284030.08114378897070.0-0.129025040372-0.0825395412360.9882002646680.00.0-0.0909753093958-0.4153220646331.077.00.9882179690850.106395233476-0.1100240876860.0-0.1030025560680.9940261816990.03608910555670.00.113206532589-0.02433114033860.9932735154980.00.0-0.0909753093958-0.4153220646331.094.00.9963343201290.05191665519510.06798958336040.0-0.0567399200230.9958580251320.07104488198840.0-0.0640195595733-0.07464217771690.9951532752790.00.0-0.0909753093958-0.4153220646331.0103.00.9940767603950.06462550445780.08737813580180.0-0.06744912298740.997278920330.0297551822950.0-0.0852174292669-0.03547251384890.995730731930.00.0-0.0909753093958-0.4153220646331.0112.00.972816806850.03497807630370.228919187680.0-0.0538509690840.9955972407280.0767216226570.0-0.225227736832-0.0869636040680.970417331940.00.0-0.0909753093958-0.4153220646331.0128.01.00.00.00.00.01.00.00.00.00.01.00.00.0-0.0909753093958-0.4153220646331.0joint3joint2
1.01.00.00.00.00.01.00.00.00.00.01.00.00.0-0.0474653788152-0.249193238781.012.00.999364560495-0.02710388222010.02314853763220.00.02715044113230.999629914416-0.00169933868190.0-0.02309391201670.002326751863250.9997305924370.00.0-0.0474653788152-0.249193238781.035.00.979477736433-0.1082721234590.1700015032720.00.1110350085340.993793223158-0.006801212051950.0-0.1682099602070.02553775415220.9854203328530.00.0-0.0474653788152-0.249193238781.050.00.926560108249-0.01849705058870.3756916620340.0-0.01330871320060.9965526814960.08188791824970.0-0.375911218182-0.08087405097960.9231197885020.00.0-0.0474653788152-0.249193238781.063.00.9915114991840.00538744495020.1299073609230.0-0.01604636849950.9965732284030.08114378897070.0-0.129025040372-0.0825395412360.9882002646680.00.0-0.0474653788152-0.249193238781.077.00.9882179690850.106395233476-0.1100240876860.0-0.1030025560680.9940261816990.03608910555670.00.113206532589-0.02433114033860.9932735154980.00.0-0.0474653788152-0.249193238781.094.00.9963343201290.05191665519510.06798958336040.0-0.0567399200230.9958580251320.07104488198840.0-0.0640195595733-0.07464217771690.9951532752790.00.0-0.0474653788152-0.249193238781.0103.00.9940767603950.06462550445780.08737813580180.0-0.06744912298740.997278920330.0297551822950.0-0.0852174292669-0.03547251384890.995730731930.00.0-0.0474653788152-0.249193238781.0112.00.972816806850.03497807630370.228919187680.0-0.0538509690840.9955972407280.0767216226570.0-0.225227736832-0.0869636040680.970417331940.00.0-0.0474653788152-0.249193238781.0128.01.00.00.00.00.01.00.00.00.00.01.00.00.0-0.0474653788152-0.249193238781.0joint4joint31.01.00.00.00.00.01.00.00.00.00.01.00.00.0-0.1067971023340.00395544823461.02.51.00.00.00.00.01.00.00.00.00.01.00.00.0-0.1067971023340.00395544823461.0128.01.00.00.00.00.01.00.00.00.00.01.00.00.0-0.1067971023340.00395544823461.0joint5joint11.01.00.00.00.00.01.00.00.00.00.01.00.00.00.00.4034557199291.020.00.995839033520.0163991350230.08964199734690.01.73472347598e-180.98367505897-0.1799538228540.0-0.09112968406530.1792050410290.9795820200230.00.00.00.4034557199291.043.00.960293684412-0.0254690420930.2778261463080.0-3.12250225676e-170.9958243684470.09128979793390.0-0.278991110392-0.08766501640720.9562838518040.00.00.00.4034557199291.062.00.888136453128-0.0598240597689-0.4556695321140.03.46944695195e-180.991491532648-0.130171197610.00.4595798522830.1156097857440.8805797731130.00.00.00.4034557199291.073.00.970126596483-0.0368022688659-0.2397915340510.00.00.988426604804-0.1516998579970.00.2425992308230.1471680669250.9588989379920.00.00.00.4034557199291.089.00.997571553847-0.0113225674046-0.06872259033550.00.01358716601040.9993769258770.03257528117930.00.068310935251-0.03342991910660.9971038344290.00.00.00.4034557199291.0103.00.9743323158910.0420282869557-0.2211564181890.01.38777878078e-170.9824174718640.1866973780630.00.225114500223-0.1819052887390.9572010905330.00.00.00.4034557199291.0128.01.00.00.00.00.01.00.00.00.00.01.00.00.00.00.4034557199291.0joint6joint51.01.00.00.00.00.01.00.00.00.00.01.00.00.0-0.0988862058650.3836784787561.020.00.995839033520.0163991350230.08964199734690.01.73472347598e-180.98367505897-0.1799538228540.0-0.09112968406530.1792050410290.9795820200230.00.0-0.0988862058650.3836784787561.043.00.960293684412-0.0254690420930.2778261463080.0-3.12250225676e-170.9958243684470.09128979793390.0-0.278991110392-0.08766501640720.9562838518040.00.0-0.0988862058650.3836784787561.062.00.888136453128-0.0598240597689-0.4556695321140.03.46944695195e-180.991491532648-0.130171197610.00.4595798522830.1156097857440.8805797731130.00.0-0.0988862058650.3836784787561.073.00.970126596483-0.0368022688659-0.2397915340510.00.00.988426604804-0.1516998579970.00.2425992308230.1471680669250.9588989379920.00.0-0.0988862058650.3836784787561.089.00.997571553847-0.0113225674046-0.06872259033550.00.01358716601040.9993769258770.03257528117930.00.068310935251-0.03342991910660.9971038344290.00.0-0.0988862058650.3836784787561.0103.00.9743323158910.0420282869557-0.2211564181890.01.38777878078e-170.9824174718640.1866973780630.00.225114500223-0.1819052887390.9572010905330.00.0-0.0988862058650.3836784787561.0128.01.00.00.00.00.01.00.00.00.00.01.00.00.0-0.0988862058650.3836784787561.0joint12joint11.00.9456502039710.00.3251856265720.0-0.01.00.00.0-0.325185626572-0.00.9456502039710.0	-0.299453-0.0810249409820.05870584766731.02.50.9456502016480.00.3251856333270.0-0.01.00.00.0-0.325185633327-0.00.9456502016480.0	-0.299453-0.0810249409820.05870584766731.017.00.928460849843-0.1728089242910.3287818820960.00.1155694040370.975645101330.1864412752060.0-0.352993148885-0.1351062986520.9258197043190.0	-0.299453-0.0810249409820.05870584766731.034.00.862543259003-0.4779607782810.1660500550250.00.3919408669830.8386821381570.378146304920.0-0.320002317393-0.2610857436960.9107319865370.0	-0.299453-0.0810249409820.05870584766731.039.00.815418129428-0.4944231486090.3010631566960.00.367666892170.8440631053730.390356927120.0-0.447117803942-0.2076131601520.8700473809680.0	-0.299453-0.0810249409820.05870584766731.048.00.688961661862-0.04555738811270.7233646057640.00.006519405873550.9983717947650.0566679518230.0-0.724768463601-0.03432613880270.6881368979820.0	-0.299453-0.0810249409820.05870584766731.056.00.6694134815140.08579070789180.7379197417110.00.06322189821390.983127092449-0.171651133640.0-0.7401949623940.1615582697760.6526946783250.0	-0.299453-0.0810249409820.05870584766731.066.00.7225850692380.08342310481820.6862298472790.00.09229015820620.97216325771-0.2153627801120.0-0.6850936756470.218950190550.6947715233410.0	-0.299453-0.0810249409820.05870584766731.076.00.7495958755650.03307446739870.6610689093750.00.1028948944440.980786106144-0.1657445464930.0-0.6538491141180.1922620440990.7317900261450.0	-0.299453-0.0810249409820.05870584766731.093.00.740521315602-0.04125309538930.6707655054190.00.1011091566020.993591978312-0.05051652288810.0-0.6643832625750.1052290965190.7399471046340.0	-0.299453-0.0810249409820.05870584766731.0103.00.826881587458-0.0005066050722810.5623758384520.00.0248702799230.999054195035-0.03566769631460.0-0.5618258711560.04347940587380.8261121181570.0	-0.299453-0.0810249409820.05870584766731.0110.00.8741708336060.0003658500342280.4856183890940.00.01307038998410.99961971844-0.02428133876510.0-0.4854426007030.02757325987830.8738336207550.0	-0.299453-0.0810249409820.05870584766731.0128.00.9456502039710.00.3251856265720.0-0.01.00.00.0-0.325185626572-0.00.9456502039710.0	-0.299453-0.0810249409820.05870584766731.0joint13joint121.01.00.00.00.00.01.00.00.00.00.01.00.0-0.0728537417472	-0.449533-0.09340558395211.02.51.00.00.00.00.01.00.00.00.00.01.00.0-0.0728537417472	-0.449533-0.09340558395211.017.00.9745568776810.2241403403342.78852197881e-070.0-0.2147919061150.933910463217-0.2857895795190.0-0.06405723404030.2785181403940.9582923960040.0-0.0728537417472	-0.449533-0.09340558395211.034.00.8881801680790.4594953634485.88919120803e-070.0-0.3760694537350.726923045554-0.574590856010.0-0.2640222623150.5103399815930.8184408031060.0-0.0728537417472	-0.449533-0.09340558395211.039.00.8967377655160.4425622892865.65515489229e-070.0-0.3682886482890.746242192599-0.554514257280.0-0.2454075211550.4972536677470.8321742236290.0-0.0728537417472	-0.449533-0.09340558395211.048.00.9885657991870.1507901212881.86715908209e-070.0-0.147959466650.970008533416-0.1928508266230.0-0.0290801806530.1906457039180.9812280869760.0-0.0728537417472	-0.449533-0.09340558395211.056.00.9994370503380.03354970060594.13922355859e-080.0-0.03351865546280.99851227648-0.04300852768990.0-0.001442964558150.04298431466640.9990747051880.0-0.0728537417472	-0.449533-0.09340558395211.066.00.9955672192380.09405270850821.1618830349e-070.0-0.09336771501120.988316571333-0.1204691853640.0-0.01133056800610.1199351610290.9927170671330.0-0.0728537417472	-0.449533-0.09340558395211.076.00.9847253883090.1741146450462.15875410568e-070.0-0.1697501606810.960041821175-0.2224962573710.0-0.03874006412570.2190976767920.9749335441230.0-0.0728537417472	-0.449533-0.09340558395211.093.00.9824563119860.1864928820082.31398827023e-070.0-0.181124989320.954178208941-0.238196733450.0-0.04442221610170.234017842360.9712169253950.0-0.0728537417472	-0.449533-0.09340558395211.0103.00.999997589558-0.00218050560582-0.0002574367948270.00.002181287020030.999992892730.003075138460250.00.000250729608503-0.003075692591350.9999952386140.0-0.0728537417472	-0.449533-0.09340558395211.0110.00.999997851127-0.00205880046801-0.000243067912970.00.002059497596750.999993664060.002903499547380.00.000237088646679-0.002903993905910.9999957552950.0-0.0728537417472	-0.449533-0.09340558395211.0128.01.00.00.00.00.01.00.00.00.00.01.00.0-0.0728537417472	-0.449533-0.09340558395211.0joint14joint131.01.00.00.00.00.01.00.00.00.00.01.00.00.190541511999	-0.3189240.2442900513351.02.51.00.00.00.00.01.00.00.00.00.01.00.00.190541511999	-0.3189240.2442900513351.017.00.98770135568-0.156352268893-7.40420669568e-080.00.1531957138450.967760816760.1999251730130.0-0.0312586827544-0.1974663757630.9798111681320.00.190541511999	-0.3189240.2442900513351.034.00.945533403866-0.325525086857-1.56372405552e-070.00.2965533294810.8613806612260.4124069340340.0-0.134248668326-0.3899445784880.9109997369710.00.190541511999	-0.3189240.2442900513351.039.00.949740469434-0.31303840135-1.50158169926e-070.00.2873180677460.8717062691150.3969590763940.0-0.124263303782-0.3770081427040.9178363098440.00.190541511999	-0.3189240.2442900513351.048.00.994479683456-0.104929305697-4.95776324595e-080.00.1039777620190.9854612542280.1343679330070.0-0.0140990850616-0.1336261846390.9909315105390.00.190541511999	-0.3189240.2442900513351.056.00.999728468994-0.02330210898730.00.00.02329170905550.9992822815740.02987336642630.0-0.000696112440284-0.02986525488110.9995536913930.00.190541511999	-0.3189240.2442900513351.066.00.99786119463-0.0653684652701-3.08508314151e-080.00.06513871106730.9943539165160.083768950270.0-0.00547581703979-0.08358978679890.9964852045920.00.190541511999	-0.3189240.2442900513351.076.00.992623115388-0.121240879236-5.73201922906e-080.00.1197719404890.9805965492560.1551937171990.0-0.0188157665172-0.154048877920.9878840570340.00.190541511999	-0.3189240.2442900513351.093.00.991525593923-0.129911495241-6.14420383755e-080.00.1281035413940.9777266400830.1662531201320.0-0.0215981313513-0.1648442315520.9860831101110.00.190541511999	-0.3189240.2442900513351.0103.00.9999958154250.00285983228982-0.0004364543988450.0-0.002861304680350.999990088837-0.003411035483120.00.0004266950836580.00341227003840.9999940871550.00.190541511999	-0.3189240.2442900513351.0110.00.9999962695140.00270021065082-0.0004120936175560.0-0.002701524080.999991164556-0.003220648620.00.000403393546820.003221749886250.9999947287870.00.190541511999	-0.3189240.2442900513351.0128.01.00.00.00.00.01.00.00.00.00.01.00.00.190541511999	-0.3189240.2442900513351.0joint15joint141.01.00.00.00.00.01.00.00.00.00.01.00.0-0.0579097510806	-0.194392-0.07424487443581.037.00.9946795952290.1002390992440.02376185636630.0-0.08525661846550.930470822689-0.3563079526640.0-0.05782570227030.352386394610.9340663879250.0-0.0579097510806	-0.194392-0.07424487443581.061.00.991564032157-0.116541332175-0.05673524501970.00.1208572665990.989461269550.07974908883990.00.0468432625122-0.08593319472380.9951990729510.0-0.0579097510806	-0.194392-0.07424487443581.085.00.994548452904-0.0921502047733-0.04880281331430.00.09645054779050.9908257809140.09466553600360.00.0396316370852-0.09885652045360.9943121852340.0-0.0579097510806	-0.194392-0.07424487443581.0104.00.9998423781630.00816330386115-0.01576639781860.0-0.008913660018540.998801620691-0.04812347836780.00.01535465711690.04825642936660.998716952660.0-0.0579097510806	-0.194392-0.07424487443581.0128.01.00.00.00.00.01.00.00.00.00.01.00.0-0.0579097510806	-0.194392-0.07424487443581.0joint16joint151.01.00.00.00.00.01.00.00.00.00.01.00.0-0.145708168996
-0.1245327-0.1868100861981.0128.01.00.00.00.00.01.00.00.00.00.01.00.0-0.145708168996
-0.1245327-0.1868100861981.0joint7joint11.00.9456502039710.00.3251856265720.0-0.01.00.00.0-0.325185626572-0.00.9456502039710.00.299452595253-0.08102609730430.05870557307681.01.010.9456502016480.00.3251856333270.0-0.01.00.00.0-0.325185633327-0.00.9456502016480.00.299452595253-0.08102609730430.05870557307681.017.00.916826963089-0.07448209012610.3922763541220.00.03906103524490.9944660074610.09752740911930.0-0.397369544981-0.07409303782670.9146625970640.00.299452595253-0.08102609730430.05870557307681.034.00.85867540282-0.2927450013420.4206862450580.00.2440156360850.9553321339340.1667239731390.0-0.450702697949-0.04050775311480.8917545626460.00.299452595253-0.08102609730430.05870557307681.039.00.808193631268-0.2632127693160.526822638510.00.2778215022960.9591684711130.05301940101950.0-0.5192670480980.1035127146370.8483200166610.00.299452595253-0.08102609730430.05870557307681.048.00.670929628488-0.2432991609860.7004705217790.0-0.4204784115010.653256653460.6296456544540.0-0.610779288352-0.7169806573220.3359871990820.00.299452595253-0.08102609730430.05870557307681.052.00.799054324393-0.4489755187620.3999164540520.0-0.544517194599-0.2583018500110.7979857010420.0-0.254976884159-0.855395310855-0.450872100170.00.299452595253-0.08102609730430.05870557307681.056.00.784022973958-0.3807525027670.4902402553280.0-0.5065694271370.06397226418080.8598226357250.0-0.358741399614-0.922461425238-0.1427218523940.00.299452595253-0.08102609730430.05870557307681.060.00.729226941434-0.2247586000920.6463061500340.0-0.4302538337570.5838358111630.6884892040840.0-0.532080545053-0.7801405753370.3290455535150.00.299452595253-0.08102609730430.05870557307681.066.00.73295743555-0.1038035969770.6723081220150.0-0.3221723939890.8174627983380.477451067530.0-0.599148016957-0.5665504272250.5657227829850.00.299452595253-0.08102609730430.05870557307681.076.00.7428459891250.0516633059620.6674659086860.0-0.1462676583440.9854551194660.08650999734850.0-0.653288304321-0.1618922800370.7395980537430.00.299452595253-0.08102609730430.05870557307681.093.00.730218696842-0.0105499849440.6831320169630.0-0.1361149798140.9775899500820.1605945259640.0-0.669517264193-0.2102536261690.7124184484070.00.299452595253-0.08102609730430.05870557307681.0102.00.8215485293270.02314338085050.5696686737780.0-0.1098548290040.9868783605260.1183343486480.0-0.559455029923-0.1597982648480.813310877860.00.299452595253-0.08102609730430.05870557307681.0110.00.8769483616760.04231632041590.478717975410.00.03144220099510.988929813951-0.1450145202230.0-0.479554959260.1422221927310.8659098619050.00.299452595253-0.08102609730430.05870557307681.0128.00.9456502039710.00.3251856265720.0-0.01.00.00.0-0.325185626572-0.00.9456502039710.00.299452595253-0.08102609730430.05870557307681.0joint8joint71.01.00.00.00.00.01.00.00.00.00.01.00.00.0-0.449531600892-0.1184576515861.01.011.00.00.00.00.01.00.00.00.00.01.00.00.0-0.449531600892-0.1184576515861.017.01.00.0-0.00.0-0.00.969945084575-0.2433239258880.00.00.2433239258880.9699450845750.00.0-0.449531600892-0.1184576515861.034.01.00.0-0.00.0-0.00.955190875029-0.2959905273160.00.00.2959905273160.9551908750290.00.0-0.449531600892-0.1184576515861.039.01.00.0-0.00.0-0.00.98145986053-0.1916677911580.00.00.1916677911580.981459860530.00.0-0.449531600892-0.1184576515861.048.01.00.0-0.00.0-0.00.17417691343-0.9847143762680.00.00.9847143762680.174176913430.00.0-0.449531600892-0.1184576515861.052.01.00.0-0.00.0-0.00.417138443631-0.9088429560960.00.00.9088429560960.4171384436310.00.0-0.449531600892-0.1184576515861.056.01.00.00.00.00.00.999820016040.01897196684420.00.0-0.01897196684420.999820016040.00.0-0.449531600892-0.1184576515861.060.01.00.00.00.00.00.9626333571420.2708080865050.00.0-0.2708080865050.9626333571420.00.0-0.449531600892-0.1184576515861.066.01.00.0-0.00.0-0.00.914828361122-0.4038428774760.00.00.4038428774760.9148283611220.00.0-0.449531600892-0.1184576515861.076.01.00.0-0.00.0-0.00.910807373858-0.4128315972960.00.00.4128315972960.9108073738580.00.0-0.449531600892-0.1184576515861.093.01.00.0-0.00.0-0.00.936358324849-0.3510457056950.00.00.3510457056950.9363583248490.00.0-0.449531600892-0.1184576515861.0102.01.00.0-0.00.0-0.00.825871748171-0.5638580101180.00.00.5638580101180.8258717481710.00.0-0.449531600892-0.1184576515861.0110.01.00.00.00.00.00.9980959191880.06168092168530.00.0-0.06168092168530.9980959191880.00.0-0.449531600892-0.1184576515861.0128.01.00.00.00.00.01.00.00.00.00.01.00.00.0-0.449531600892-0.1184576515861.0joint9joint81.01.00.00.00.00.01.00.00.00.00.01.00.00.0-0.3189244465790.3098123195341.01.011.00.00.00.00.01.00.00.00.00.01.00.00.0-0.3189244465790.3098123195341.017.01.00.00.00.00.00.9854663712190.1698706307660.00.0-0.1698706307660.9854663712190.00.0-0.3189244465790.3098123195341.034.01.00.00.00.00.00.9783036873550.2071760007980.00.0-0.2071760007980.9783036873550.00.0-0.3189244465790.3098123195341.039.01.00.00.00.00.00.9910435477070.1335390824750.00.0-0.1335390824750.9910435477070.00.0-0.3189244465790.3098123195341.048.01.00.00.00.00.00.5658675886020.8244961322950.00.0-0.8244961322950.5658675886020.00.0-0.3189244465790.3098123195341.052.01.00.00.00.00.00.7023794273480.7118027395550.00.0-0.7118027395550.7023794273480.00.0-0.3189244465790.3098123195341.056.01.00.0-0.00.0-0.00.997421905575-0.07176031131160.00.00.07176031131160.9974219055750.00.0-0.3189244465790.3098123195341.060.01.00.0-0.00.0-0.00.98984408523-0.1421572612840.00.00.1421572612840.989844085230.00.0-0.3189244465790.3098123195341.066.01.00.00.00.00.00.9586128388750.2847128819410.00.0-0.2847128819410.9586128388750.00.0-0.3189244465790.3098123195341.076.01.00.00.00.00.00.9566433740780.2912618320920.00.0-0.2912618320920.9566433740780.00.0-0.3189244465790.3098123195341.093.01.00.00.00.00.00.9691339007250.2465349518120.00.0-0.2465349518120.9691339007250.00.0-0.3189244465790.3098123195341.0102.01.00.00.00.00.00.9147000822470.4041333437590.00.0-0.4041333437590.9147000822470.00.0-0.3189244465790.3098123195341.0110.01.00.0-0.00.0-0.00.997312892967-0.07325976741710.00.00.07325976741710.9973128929670.00.0-0.3189244465790.3098123195341.0128.01.00.00.00.00.01.00.00.00.00.01.00.00.0-0.3189244465790.3098123195341.0joint10joint9	1.01.00.00.00.00.01.00.00.00.00.01.00.00.0-0.194392043629-0.09415864613281.032.00.9869445551060.155665065598-0.04133802728550.0-0.1609804446240.961494988664-0.2227390473680.00.00507361765650.2264857040220.9740012752960.00.0-0.194392043629-0.09415864613281.039.00.9873367492610.153325642376-0.04071106666640.0-0.1570504323060.980938682579-0.1144310392010.00.02238984750880.1193756608790.99259666850.00.0-0.194392043629-0.09415864613281.051.00.9899403756220.136755232971-0.03627752703420.0-0.1155721883290.9295071841750.3502277314160.00.0816156970051-0.3425118988050.9359617925850.00.0-0.194392043629-0.09415864613281.057.00.9915122845840.125671253486-0.03331854687020.0-0.1290138342440.919323968485-0.3717510881540.0-0.01608788650020.3728943241950.9277343385320.00.0-0.194392043629-0.09415864613281.077.00.9962908736590.0831850437984-0.0220168924160.0-0.08476597052860.992788124027-0.08477305605080.00.0148062589380.08632490532930.9961570084160.00.0-0.194392043629-0.09415864613281.093.00.9820955038420.184749101297-0.03682649728920.0-0.1880052397080.973597629111-0.1294669318110.00.01193529114950.1340724660780.9908996531760.00.0-0.194392043629-0.09415864613281.0110.00.9951199219550.0967858257369-0.0192053342990.0-0.09276676533530.9839917756020.1521660697980.00.0336254097124-0.1496418707610.9881683269250.00.0-0.194392043629-0.09415864613281.0128.01.00.00.00.00.01.00.00.00.00.01.00.00.0-0.194392043629-0.09415864613281.0joint11joint101.01.00.00.00.00.01.00.00.00.00.01.00.00.0-0.12453240295-0.2369153031731.0128.01.00.00.00.00.01.00.00.00.00.01.00.00.0-0.12453240295-0.2369153031731.0