joint1root1.00.235929933148-0.005271602808730.9717557701650.0-0.2798791287150.9572448132060.07314397377980.0-0.930593756671-0.2892310111210.2243672931850.04.33680868994e-191.21431494098-0.1184155974271.06.00.316992772559-0.01470103597170.9483140100660.0-0.2024093588180.9757955023720.08278640597060.0-0.926577591791-0.2181903230940.3063444944820.00.09169693712881.13911426839-0.1184155974271.012.00.376747463696-0.02940900047340.9258490477880.0-0.1039932348420.9918345205140.07382202262350.0-0.920460078279-0.1240942972440.3706128029170.00.2122584766861.0402417308-0.1184155974271.013.00.375861370332-0.02921388196380.9262152986170.0-0.106163061120.9915646868890.0743564130890.0-0.920574622041-0.1262775546740.369589426850.00.2088191040251.04306236072-0.1184155974271.014.00.369646404801-0.02786393021760.9287546160370.0-0.1153005389190.9904492471150.07560472613140.0-0.921990955022-0.1350329229530.3629032771630.00.1965356287581.05313604087-0.1184155974271.020.00.28947903785-0.01288731103760.9570975936960.0-0.2277138657820.9702744801460.08193795523650.0-0.929703330088-0.2416637134370.2779395035470.00.05095632085771.17252565497-0.1184155974271.024.00.235929933148-0.005271602808730.9717557701650.0-0.2798791287150.9572448132060.07314397377980.0-0.930593756671-0.2892310111210.2243672931850.00.01.21431494098-0.1184155974271.035.00.1042037709980.004851622748340.99454413470.0-0.2508851700530.9677766056230.02156555256170.0-0.962391918897-0.251763586260.1020631719880.00.207159358321.0359837706-0.1184155974271.036.00.1025070566130.004869972411770.9947203560360.0-0.2497730775950.9680766577310.02099986821720.0-0.96286328887-0.2506069993530.1004510767570.00.2113172411491.03240449657-0.1184155974271.041.00.1455079167840.00251946820270.9893538792730.0-0.2645572841760.9636806798540.03645532424310.0-0.953329370964-0.2670453136760.1408897118360.00.1200269600111.11099086994-0.1184155974271.047.00.235929933148-0.005271602808730.9717557701650.0-0.2798791287150.9572448132060.07314397377980.0-0.930593756671-0.2892310111210.2243672931850.00.01.21431494098-0.1184155974271.0joint2joint1	1.00.9523300068720.0-0.3050697592520.00.07421629411440.9699569883130.2316794822840.00.29590454491-0.2432764699330.9237191453460.00.0-0.0909753093958-0.4153220646331.08.00.9907220918993.46944695195e-18-0.1359034091650.00.0429385408850.9487761876310.3130176153040.00.128941918434-0.3159489607260.9399735293540.00.0-0.0909753093958-0.4153220646331.014.00.9998111461870.01937661506580.001489546439160.0-0.01925026779930.9769478356760.2126084512860.00.00266442295042-0.2125969735370.9771363403810.00.0-0.0909753093958-0.4153220646331.018.00.9967975919720.0-0.07996599676470.00.01329109555690.9860904903940.1656770700270.00.0788537089646-0.1662093401520.9829326262920.00.0-0.0909753093958-0.4153220646331.024.00.9570935051730.0097013829034-0.2896168253490.00.07294784408670.9591873158520.2732001192390.00.280447204298-0.2826049827570.9173242552790.00.0-0.0909753093958-0.4153220646331.029.00.9160193676631.38777878078e-17-0.4011340400240.00.1471371629150.9302986460470.3359986375740.00.373174454318-0.3668029841240.852171577490.00.0-0.0909753093958-0.4153220646331.035.00.8829264157190.00152364330672-0.469508916780.00.1169102627140.9677838722840.2229940963770.00.454722921016-0.2517777890480.8543038160080.00.0-0.0909753093958-0.4153220646331.040.00.9124735889396.93889390391e-18-0.409135612590.00.06701874619840.9864926213710.1494683767140.00.40360926296-0.1638057019140.9001484626840.00.0-0.0909753093958-0.4153220646331.047.00.9523300068720.0-0.3050697592520.00.07421629411440.9699569883130.2316794822840.00.29590454491-0.2432764699330.9237191453460.00.0-0.0909753093958-0.4153220646331.0joint3joint21.00.9523300068720.0-0.3050697592520.00.07421629411440.9699569883130.2316794822840.00.29590454491-0.2432764699330.9237191453460.00.0-0.0474653788152-0.249193238781.08.00.952330006872-6.93889390391e-18-0.3050697592520.00.1032747190660.9409562434310.3223905711250.00.28705729465-0.3385282084970.8961008657730.00.0-0.0474653788152-0.249193238781.018.00.9523300068723.46944695195e-18-0.3050697592520.00.03902907374280.9917825656380.1218362585550.00.30256286853-0.1279349150780.944504297550.00.0-0.0474653788152-0.249193238781.029.00.9523300068726.93889390391e-18-0.3050697592520.00.1021288170730.9422991563470.3188134323870.00.287466976771-0.3347720118940.897379762040.00.0-0.0474653788152-0.249193238781.040.00.9523300068723.46944695195e-18-0.3050697592520.00.03940631623970.9916222695280.1230138887160.00.302513967034-0.1291714928950.9443516427540.00.0-0.0474653788152-0.249193238781.047.00.9523300068720.0-0.3050697592520.00.07421629411440.9699569883130.2316794822840.00.29590454491-0.2432764699330.9237191453460.00.0-0.0474653788152-0.249193238781.0joint4joint31.01.00.00.00.00.01.00.00.00.00.01.00.00.0-0.1067971023340.00395544823461.08.01.00.00.00.00.00.9932392876080.1160849583370.00.0-0.1160849583370.9932392876080.00.0-0.1067971023340.00395544823461.018.01.00.0-0.00.0-0.00.991303799455-0.1315932262170.00.00.1315932262170.9913037994550.00.0-0.1067971023340.00395544823461.029.01.00.00.00.00.00.9936364657350.112634692530.00.0-0.112634692530.9936364657350.00.0-0.1067971023340.00395544823461.040.01.00.0-0.00.0-0.00.991530819811-0.1298716033830.00.00.1298716033830.9915308198110.00.0-0.1067971023340.00395544823461.047.01.00.00.00.00.01.00.00.00.00.01.00.00.0-0.1067971023340.00395544823461.0joint5joint11.00.9793369029340.00.2022355818150.0-0.01.00.00.0-0.202235581815-0.00.9793369029340.00.00.00.4034557199291.08.00.9613158892340.06418677970310.2678652990190.0-0.007790835466950.978417302367-0.2064918528930.0-0.2753380903360.1964170047110.9410681677070.00.00.00.4034557199291.021.00.9847053886310.0668955880121-0.1608734841610.0-0.04058712988010.986024262250.1615822983570.00.169434301396-0.1525815669030.9736585042770.00.00.00.4034557199291.032.00.995221570749-0.008965020226290.09722990037670.00.03105243669580.973138279855-0.2281175890980.0-0.09257305920280.2300467706640.9687665931570.00.00.00.4034557199291.041.00.98171382924-0.04324101879410.1853865469050.00.01613815176550.9892585262750.145282924840.0-0.189677403866-0.1396344602390.9718666060610.00.00.00.4034557199291.047.00.9793369029340.00.2022355818150.0-0.01.00.00.0-0.202235581815-0.00.9793369029340.00.00.00.4034557199291.0joint6joint51.01.00.00.00.00.01.00.00.00.00.01.00.00.0-0.0988862058650.3836784787561.08.00.9974467645620.00.07141394726710.00.01860027814680.965485389196-0.259792211010.0-0.06894912267120.2604572196130.9630202776860.00.0-0.0988862058650.3836784787561.021.00.9455932518586.93889390391e-18-0.3253511980020.00.087704830750.9629808757440.2549033064020.00.313306981576-0.2695697181650.9105882177710.00.0-0.0988862058650.3836784787561.032.00.9923889265530.0-0.123143081230.0-0.03646470330560.955151817219-0.2938627766090.00.1176203378150.2961165413540.9478820865850.00.0-0.0988862058650.3836784787561.041.00.9996622573370.0-0.02598790596560.00.008012162107030.9512880520920.308199362760.00.024721984444-0.3083034900010.9509667615320.00.0-0.0988862058650.3836784787561.047.01.00.00.00.00.01.00.00.00.00.01.00.00.0-0.0988862058650.3836784787561.0joint12joint1	1.00.977220107749-0.185763899631-0.1026286246840.00.1936442916160.9783532222680.07298534649410.00.0868490030754-0.09119619549150.9920385600330.0	-0.299453-0.0810249409820.05870584766731.01.010.9456502016480.00.3251856333270.0-0.01.00.00.0-0.325185633327-0.00.9456502016480.0	-0.299453-0.0810249409820.05870584766731.06.00.999479643642-0.0144980522549-0.0288140317410.00.02836436391890.8203959086640.5710919504840.00.015359192812-0.5716120708390.8203802384670.0	-0.299453-0.0810249409820.05870584766731.013.00.969833256537-0.07532496157870.2318396098130.0-0.198519552290.3078869852850.9304813763050.0-0.141468872455-0.9484364788720.2836455599350.0	-0.299453-0.0810249409820.05870584766731.020.00.8367167302190.02244442349330.5471758046790.0-0.1511995040360.9697907181530.1914279837550.0-0.52634952584-0.2429037069280.8148337043890.0	-0.299453-0.0810249409820.05870584766731.024.00.8511145686250.0626907064490.5212234323190.0-0.06348557190210.997848805086-0.01635066815570.0-0.52112721406-0.01917387581550.8532636106460.0	-0.299453-0.0810249409820.05870584766731.035.00.9424544830310.2781825465550.1854562433770.00.05368034784350.421601070853-0.9051911164560.0-0.3299969206990.8630567813580.3824068834130.0	-0.299453-0.0810249409820.05870584766731.041.00.9403636142920.03528561602590.3383359251060.00.1531014722530.844273616358-0.5135776474060.0-0.3037699986990.5347494609850.7885219095670.0	-0.299453-0.0810249409820.05870584766731.047.00.984204903934-0.1475709503910.09779325984930.00.1406065165770.9872451046490.07467871746420.0-0.107566326364-0.05974879033570.9924009106640.0	-0.299453-0.0810249409820.05870584766731.0joint13joint12	1.00.7725347467350.6349724915988.48633295081e-070.0-0.4035722790540.491004362695-0.7720389442210.0-0.4902239087050.5964265677590.6355752265510.0-0.0728537417472	-0.449533-0.09340558395211.01.011.00.00.00.00.01.00.00.00.00.01.00.0-0.0728537417472	-0.449533-0.09340558395211.06.00.6808063640960.7324634425041.01387715268e-060.0-0.3620399477070.336508237163-0.869303906920.0-0.6367336734230.59182726510.4942779758530.0-0.0728537417472	-0.449533-0.09340558395211.013.00.8701368885080.4928101006046.3565667327e-070.0-0.3891097433440.68703772715-0.6136552526520.0-0.3024159435160.5339638248190.7895740819530.0-0.0728537417472	-0.449533-0.09340558395211.020.00.973681836728-0.22631145913-0.02695930808040.00.2230648485710.922020363420.3164182718650.0-0.0467520497673-0.3141043980990.9482366123170.0-0.0728537417472	-0.449533-0.09340558395211.024.00.998412953901-0.0559278697209-0.006606577810690.00.0562750361830.9952981312530.07883368712790.00.00216651436565-0.07908035983760.9968658901290.0-0.0728537417472	-0.449533-0.09340558395211.035.00.972183362522-0.232574997878-0.02771966806160.00.2287882801820.917617457940.3250140362120.0-0.0501540874406-0.3223151737740.9453028595470.0-0.0728537417472	-0.449533-0.09340558395211.041.00.9113517385490.4116284837615.23311861622e-070.0-0.3522260399610.779834480246-0.5174891305060.0-0.213013674250.4716144344430.8556897801230.0-0.0728537417472	-0.449533-0.09340558395211.047.00.7599016626970.6500380473718.72886404657e-070.0-0.4003669226740.468034416032-0.7878135011780.0-0.5121091585390.5986604399650.6159138635890.0-0.0728537417472	-0.449533-0.09340558395211.0joint14joint13	1.00.888013961891-0.459816488925-2.25332859982e-070.00.3762117182360.7265531726430.5749654166850.0-0.264378415437-0.5105774023930.8181777127350.00.190541511999	-0.3189240.2442900513351.01.011.00.00.00.00.01.00.00.00.00.01.00.00.190541511999	-0.3189240.2442900513351.06.00.841456907073-0.540324230012-2.69209138731e-070.00.401972807740.6259993478820.6682384890810.0-0.361065278553-0.5622940004240.7439471229260.00.190541511999	-0.3189240.2442900513351.013.00.936641299275-0.350289989142-1.68782366847e-070.00.3140599067520.8397653757610.4429000887820.0-0.155143325553-0.4148385676130.8965709739650.00.190541511999	-0.3189240.2442900513351.020.00.9544793453420.294755948471-0.04569584397530.0-0.2917025841680.890434493824-0.3493365348740.0-0.06227986597250.3467641028840.9358824046030.00.190541511999	-0.3189240.2442900513351.024.00.9972454653350.0733214209593-0.01120049535970.0-0.07402183357810.993417570915-0.08742023764920.00.00471699284820.08800851677770.99610855380.00.190541511999	-0.3189240.2442900513351.035.00.9518977035590.302792440625-0.04698403833950.0-0.2989846121010.884263181166-0.3587294637480.0-0.0670743146460.3555212572180.9322583719020.00.190541511999	-0.3189240.2442900513351.041.00.956909794452-0.290385339302-1.38952076366e-070.00.2699136124340.8894489259250.3688187224010.0-0.107099426254-0.3529262853480.9295013448110.00.190541511999	-0.3189240.2442900513351.047.00.88165270292-0.471898836017-2.31772652737e-070.00.3812883721430.7123640951710.5891999432950.0-0.278042602316-0.5194698109390.8079872689720.00.190541511999	-0.3189240.2442900513351.0joint15joint141.01.00.00.00.00.01.00.00.00.00.01.00.0-0.0579097510806	-0.194392-0.07424487443581.013.00.983604884686-0.116606363525-0.137565936220.00.132773348890.9844682316760.1148631300540.00.122035522071-0.1312450258370.9838099788810.0-0.0579097510806	-0.194392-0.07424487443581.021.00.999694409870.01448008891070.02003531632530.0-0.005102499499480.913901150811-0.4059047314880.0-0.02418783524780.4056784608170.9136957562860.0-0.0579097510806	-0.194392-0.07424487443581.028.00.989435302655-0.1416167565120.03102379947830.00.1391436863250.9877204237670.07104504929630.0-0.0407040098152-0.06597771402950.9969905339750.0-0.0579097510806	-0.194392-0.07424487443581.033.00.908028437854-0.406949045154-0.09938224538140.00.3645090502020.6506413657360.666182381570.0-0.206440084213-0.6411382751330.7391374728620.0-0.0579097510806	-0.194392-0.07424487443581.038.00.990057520619-0.005422061971480.1405585540250.00.006085872671940.999972264713-0.004293245783120.0-0.1405313773490.005105981738190.9900630590680.0-0.0579097510806	-0.194392-0.07424487443581.047.01.00.00.00.00.01.00.00.00.00.01.00.0-0.0579097510806	-0.194392-0.07424487443581.0joint16joint151.01.00.00.00.00.01.00.00.00.00.01.00.0-0.145708168996
-0.1245327-0.1868100861981.033.01.00.00.00.00.01.00.00.00.00.01.00.0-0.145708168996
-0.1245327-0.1868100861981.036.00.888565010484-0.363856872274-0.2793929108670.00.457233536010.6529412583160.6038254770510.0-0.0372788906927-0.6642859999180.7465483203520.0-0.145708168996
-0.1245327-0.1868100861981.047.01.00.00.00.00.01.00.00.00.00.01.00.0-0.145708168996
-0.1245327-0.1868100861981.0joint7joint1	1.00.8529984270040.1849457167240.4880458640280.00.01415074271990.926569488828-0.3758573384330.0-0.5217216115990.3275119299190.7877451972250.00.299452595253-0.08102609730430.05870557307681.01.010.8529981530760.1849461561510.4880461762720.00.01415095157190.926569151735-0.3758581615740.0-0.5217220537970.3275126354470.7877446110290.00.299452595253-0.08102609730430.05870557307681.06.00.8170648507210.2500751018740.5194877025860.00.09591973594840.829515963591-0.5501842149720.0-0.5685107157930.4993653067360.6537811992230.00.299452595253-0.08102609730430.05870557307681.012.00.7630409108420.3753537793280.5261920834870.00.4381989221610.298026099218-0.8480342851570.0-0.4751318480150.8776616572060.06292648467180.00.299452595253-0.08102609730430.05870557307681.014.00.7688444366290.3847760395460.5107109081030.00.4366296021530.267588748282-0.8589242413140.0-0.4671539604770.883370625040.0377295113560.00.299452595253-0.08102609730430.05870557307681.024.00.8557957240.1998304093250.477159812110.0-0.1355307700420.976770254143-0.1659857855160.0-0.4992445184030.07738008872110.8629989760790.00.299452595253-0.08102609730430.05870557307681.035.00.905621632603-0.2150852865050.3654966184390.0-0.2203098308840.4978178898360.838833074560.0-0.362371407505-0.8401878766610.4034492470360.00.299452595253-0.08102609730430.05870557307681.041.00.893236471358-0.05348333757820.4463945999190.0-0.1045753787120.9409489550480.3219923200340.0-0.437255756283-0.3342971680930.8348968840540.00.299452595253-0.08102609730430.05870557307681.047.00.8529984270040.1849457167240.4880458640280.00.01415074271990.926569488828-0.3758573384330.0-0.5217216115990.3275119299190.7877451972250.00.299452595253-0.08102609730430.05870557307681.0joint8joint7	1.01.00.0-0.00.0-0.00.999974325186-0.007165819518540.00.00.007165819518540.9999743251860.00.0-0.449531600892-0.1184576515861.01.011.00.00.00.00.01.00.00.00.00.01.00.00.0-0.449531600892-0.1184576515861.06.01.00.0-0.00.0-0.00.999183836107-0.04039383198510.00.00.04039383198510.9991838361070.00.0-0.449531600892-0.1184576515861.012.01.00.00.00.00.00.5160509535870.856557886720.00.0-0.856557886720.5160509535870.00.0-0.449531600892-0.1184576515861.014.01.00.00.00.00.00.5160509535870.856557886720.00.0-0.856557886720.5160509535870.00.0-0.449531600892-0.1184576515861.024.01.00.0-0.00.0-0.00.4774623381-0.8786522154390.00.00.8786522154390.47746233810.00.0-0.449531600892-0.1184576515861.035.01.00.0-0.00.0-0.00.360145852414-0.932896009740.00.00.932896009740.3601458524140.00.0-0.449531600892-0.1184576515861.041.01.00.0-0.00.0-0.00.983126870639-0.1829250016480.00.00.1829250016480.9831268706390.00.0-0.449531600892-0.1184576515861.047.01.00.0-0.00.0-0.00.999974325186-0.007165819518540.00.00.007165819518540.9999743251860.00.0-0.449531600892-0.1184576515861.0joint9joint8	1.01.00.00.00.00.00.9999876167660.004976576630130.00.0-0.004976576630130.9999876167660.00.0-0.3189244465790.3098123195341.01.011.00.00.00.00.01.00.00.00.00.01.00.00.0-0.3189244465790.3098123195341.06.01.00.00.00.00.00.9996063286790.02805686484280.00.0-0.02805686484280.9996063286790.00.0-0.3189244465790.3098123195341.012.01.00.0-0.00.0-0.00.341800199576-0.9397726446170.00.00.9397726446170.3418001995760.00.0-0.3189244465790.3098123195341.014.01.00.0-0.00.0-0.00.341800199576-0.9397726446170.00.00.9397726446170.3418001995760.00.0-0.3189244465790.3098123195341.024.01.00.00.00.00.00.7349491040350.6781222710380.00.0-0.6781222710380.7349491040350.00.0-0.3189244465790.3098123195341.035.01.00.00.00.00.00.6711558487950.7413162797540.00.0-0.7413162797540.6711558487950.00.0-0.3189244465790.3098123195341.041.01.00.00.00.00.00.9918500346170.1274107877280.00.0-0.1274107877280.9918500346170.00.0-0.3189244465790.3098123195341.047.01.00.00.00.00.00.9999876167660.004976576630130.00.0-0.004976576630130.9999876167660.00.0-0.3189244465790.3098123195341.0joint10joint91.01.00.00.00.00.01.00.00.00.00.01.00.00.0-0.194392043629-0.09415864613281.08.01.00.00.00.00.00.920297803530.3912185486620.00.0-0.3912185486620.920297803530.00.0-0.194392043629-0.09415864613281.014.01.00.00.00.00.00.940998612450.3384104185270.00.0-0.3384104185270.940998612450.00.0-0.194392043629-0.09415864613281.019.01.00.0-0.00.0-0.00.977737696285-0.2098308777640.00.00.2098308777640.9777376962850.00.0-0.194392043629-0.09415864613281.033.01.00.00.00.00.00.9169428185850.3990186304490.00.0-0.3990186304490.9169428185850.00.0-0.194392043629-0.09415864613281.038.01.00.0-0.00.0-0.00.983761926188-0.1794783345790.00.00.1794783345790.9837619261880.00.0-0.194392043629-0.09415864613281.041.01.00.0-0.00.0-0.00.851527096746-0.5243105983170.00.00.5243105983170.8515270967460.00.0-0.194392043629-0.09415864613281.047.01.00.00.00.00.01.00.00.00.00.01.00.00.0-0.194392043629-0.09415864613281.0joint11joint101.01.00.00.00.00.01.00.00.00.00.01.00.00.0-0.12453240295-0.2369153031731.07.01.00.00.00.00.01.00.00.00.00.01.00.00.0-0.12453240295-0.2369153031731.013.01.00.00.00.00.00.7179111677540.6961347249020.00.0-0.6961347249020.7179111677540.00.0-0.12453240295-0.2369153031731.022.01.00.00.00.00.00.9740534547910.2263180664690.00.0-0.2263180664690.9740534547910.00.0-0.12453240295-0.2369153031731.047.01.00.00.00.00.01.00.00.00.00.01.00.00.0-0.12453240295-0.2369153031731.0