joint6root1.04.4408920985e-16-0.213076877137-0.9770354366290.0-4.16333634234e-170.977035436629-0.2130768771370.01.01.11022302463e-164.4408920985e-160.00.07.92638488554-1.593159057951.011.03.33066907388e-16-0.208374251186-0.9780491661680.0-4.16333634234e-170.978049166168-0.2083742511860.01.01.11022302463e-163.33066907388e-160.0-7.16280976136e-337.88517288586-1.593159057951.042.04.4408920985e-16-0.170620519442-0.9853368146710.0-5.55111512313e-170.985336814671-0.1706205194420.01.01.11022302463e-163.33066907388e-160.0-6.18341179195e-327.55575261013-1.593159057951.052.03.33066907388e-16-0.165971196682-0.9861306008190.0-5.55111512313e-170.986130600819-0.1659711966820.01.01.11022302463e-163.33066907388e-160.0-7.14401398161e-327.51534632422-1.593159057951.063.05.55111512313e-16-0.169377504823-0.9855512472010.0-5.55111512313e-170.985551247201-0.1693775048230.01.01.11022302463e-165.55111512313e-160.0-6.62954874278e-327.54494663745-1.593159057951.0109.02.22044604925e-16-0.210436248608-0.9776075824540.0-4.16333634234e-170.977607582454-0.2104362486080.01.01.11022302463e-162.22044604925e-160.0-5.58703451303e-337.90323817747-1.593159057951.0119.04.4408920985e-16-0.213076877137-0.9770354366290.0-4.16333634234e-170.977035436629-0.2130768771370.01.01.11022302463e-164.4408920985e-160.00.07.92638488554-1.593159057951.0joint7joint61.00.999997405793-0.00227780739007-0.00.00.002277807390070.9999974057930.00.00.0-0.01.00.02.63960890887-1.11022302463e-16-1.17222183466e-151.08.00.9995967923180.02839459082720.00.0-0.02839459082720.9995967923180.00.00.00.01.00.02.63960890887-1.11022302463e-16-1.17222183466e-151.028.00.997850333220.06553405597530.00.0-0.06553405597530.997850333220.00.00.00.01.00.02.63960890887-1.11022302463e-16-1.17222183466e-151.035.00.9984824149960.05507147124090.00.0-0.05507147124090.9984824149960.00.00.00.01.00.02.63960890887-1.04367789041e-16-1.10196058301e-151.075.00.994033435562-0.10907579468-0.00.00.109075794680.9940334355620.00.00.0-0.01.00.02.639608908870.00.01.081.00.994376821037-0.105899659042-0.00.00.1058996590420.9943768210370.00.00.0-0.01.00.02.63960890887-7.94874220944e-18-8.39262830016e-171.0109.00.998996087794-0.0447975063086-0.00.00.04479750630860.9989960877940.00.00.0-0.01.00.02.63960890887-9.64250870405e-17-1.01809807516e-151.0119.00.999997405793-0.00227780739007-0.00.00.002277807390070.9999974057930.00.00.0-0.01.00.02.63960890887-1.11022302463e-16-1.17222183466e-151.0joint8joint71.00.11539672885-0.9933194828310.00.0-0.993319482831-0.115396728851.22464679915e-160.0-1.21646552518e-16-1.41320234618e-17-1.00.01.78403091675-8.45989944764e-14-7.92436009476e-161.011.00.111422732996-0.9937731001454.89833425902e-190.0-0.993773100145-0.1114227329961.22463700295e-160.0-1.21646552518e-16-1.41320234618e-17-1.00.01.78403091675-8.45989944764e-14-7.92436009476e-161.065.00.0302977245663-0.9995409185651.04399219696e-170.0-0.999540918565-0.03029772456631.22018874998e-160.0-1.21646552518e-16-1.41320234618e-17-1.00.01.78403091675-8.45989944764e-14-7.92436009476e-161.075.00.0258215625929-0.9996665678641.0986207321e-170.0-0.999666567864-0.02582156259291.21970902576e-160.0-1.21646552518e-16-1.41320234618e-17-1.00.01.78403091675-8.45989944764e-14-7.92436009476e-161.085.00.0376263939228-0.9992918765219.5448951398e-180.0-0.999291876521-0.03762639392281.2209214882e-160.0-1.21646552518e-16-1.41320234618e-17-1.00.01.78403091675-8.45989944764e-14-7.92436009476e-161.0113.00.110775323658-0.9938454747445.69611339482e-190.0-0.993845474744-0.1107753236581.22463355211e-160.0-1.21646552518e-16-1.41320234618e-17-1.00.01.78403091675-8.45989944764e-14-7.92436009476e-161.0119.00.11539672885-0.9933194828310.00.0-0.993319482831-0.115396728851.22464679915e-160.0-1.21646552518e-16-1.41320234618e-17-1.00.01.78403091675-8.45989944764e-14-7.92436009476e-161.0joint9joint81.04.4408920985e-160.0-1.00.0-0.9948688372910.101173102097-4.4408920985e-160.00.1011731020970.9948688372910.00.00.813538735398-8.04911692853e-167.45263182961e-171.011.03.33066907388e-160.0-1.00.0-0.994052154890.108905065807-4.4408920985e-160.00.1089050658070.994052154890.00.00.813538735398-8.04911692853e-167.45263182961e-171.064.03.33066907388e-16-5.55111512313e-17-1.00.0-0.9698041458850.243885052071-4.4408920985e-160.00.2438850520710.9698041458850.00.00.813538735398-8.04911692853e-167.45263182961e-171.074.04.4408920985e-16-5.55111512313e-17-1.00.0-0.9680815163020.250635547746-4.4408920985e-160.00.2506355477460.9680815163021.11022302463e-160.00.813538735398-8.04911692853e-167.45263182961e-171.083.03.33066907388e-16-5.55111512313e-17-1.00.0-0.9719222012670.235302432382-4.4408920985e-160.00.2353024323820.9719222012670.00.00.813538735398-8.04911692853e-167.45263182961e-171.0110.04.4408920985e-16-5.55111512313e-17-1.00.0-0.9931719989290.116659249715-4.4408920985e-160.00.1166592497150.9931719989290.00.00.813538735398-8.04911692853e-167.45263182961e-171.0119.04.4408920985e-160.0-1.00.0-0.9948688372910.101173102097-4.4408920985e-160.00.1011731020970.9948688372910.00.00.813538735398-8.04911692853e-167.45263182961e-171.0joint10joint6	1.0-0.89669366912-0.4426516279873.21624529935e-160.0-0.4426516279870.896693669121.23259516441e-320.0-2.88398679827e-16-1.42367621776e-16-1.00.0-2.78782624639-0.6079833835211.2127311618e-151.08.0-0.899612991169-0.4360640992270.02333596977310.0-0.4361828809080.89985804125-2.60208521397e-180.0-0.0209990600507-0.0101787505244-0.9997276791780.0-2.78782624639-0.6079833835211.2127311618e-151.021.0-0.906888425999-0.4192096087920.04262260767480.0-0.4195909146630.907713316159-5.20417042793e-180.0-0.0386891085558-0.0178840589396-0.9990912437390.0-2.78782624639-0.6079833835211.2127311618e-151.027.0-0.903695735983-0.4267163577530.03531524871940.0-0.4269827001440.904259793299-6.93889390391e-180.0-0.0319341595073-0.0150790002545-0.9993762220540.0-2.78782624639-0.6079833835211.2127311618e-151.056.0-0.834394990712-0.544228268905-0.08718136726780.0-0.5463083620830.8375841292183.81639164715e-170.00.0730217295870.0476279099563-0.9961924559050.0-2.78782624639-0.6079833835211.2127311618e-151.064.0-0.82540359802-0.55559327245-0.1001250017950.0-0.5583993037640.8295723100224.16333634234e-170.00.08306092903030.0559097312919-0.9949748660220.0-2.78782624639-0.6079833835211.2127311618e-151.072.0-0.829875444974-0.549395922446-0.09731837559690.0-0.5520161769090.8338334008844.51028103754e-170.00.08114731209250.05372131764-0.9952533013110.0-2.78782624639-0.6079833835211.2127311618e-151.0111.0-0.893357308255-0.44878164068-0.02253350340940.0-0.4488956204950.893584199678.67361737988e-190.00.02013558260990.0101151909949-0.9997460883760.0-2.78782624639-0.6079833835211.2127311618e-151.0119.0-0.89669366912-0.4426516279873.21624529935e-160.0-0.4426516279870.896693669121.23259516441e-320.0-2.88398679827e-16-1.42367621776e-16-1.00.0-2.78782624639-0.6079833835211.2127311618e-151.0joint11joint101.0-0.89669366912-0.442651627987-5.66553889765e-160.0-0.4426516279870.896693669120.00.05.08025286168e-162.50786001647e-16-1.00.02.89791759955-4.4408920985e-16-1.68538184165e-161.09.0-0.891672530092-0.452681012501-5.66518253414e-160.0-0.4526810125010.891672530092-6.35441231878e-180.05.08025286168e-162.50786001647e-16-1.00.02.89791759955-4.4408920985e-16-1.68538184165e-161.032.0-0.910693859947-0.413081945206-5.66250678201e-160.0-0.4130819452060.9106938599471.85331984361e-170.05.08025286168e-162.50786001647e-16-1.00.02.89791759955-4.4408920985e-16-1.68538184165e-161.037.0-0.915947200048-0.401298799804-5.65964459887e-160.0-0.4012987998040.9159472000482.58367984103e-170.05.08025286168e-162.50786001647e-16-1.00.02.89791759955-4.27472246639e-16-1.62231809806e-161.067.0-0.945938615923-0.324345702769-5.61902098e-160.0-0.3243457027690.9459386159237.24523448239e-170.05.08025286168e-162.50786001647e-16-1.00.02.89791759955-4.88610894298e-17-1.85434797923e-171.075.0-0.948288473666-0.317409783581-5.61356453711e-160.0-0.3174097835810.9482884736667.65652785822e-170.05.08025286168e-162.50786001647e-16-1.00.02.897917599550.00.01.0111.0-0.912787049321-0.408435799841-5.66148883113e-160.0-0.4084357998410.9127870493212.14185003585e-170.05.08025286168e-162.50786001647e-16-1.00.02.89791759955-4.05385723339e-16-1.53849659444e-161.0119.0-0.89669366912-0.442651627987-5.66553889765e-160.0-0.4426516279870.896693669120.00.05.08025286168e-162.50786001647e-16-1.00.02.89791759955-4.4408920985e-16-1.68538184165e-161.0joint12joint6
1.0-0.4817904233430.8762765817970.004164152871490.0-0.876285909206-0.481790076567-0.001152149862920.00.000996645587197-0.004204083255280.9999906661470.0-0.7515289047590.0476697133079-1.961581.011.0-0.4833070169510.8754409692620.004175727891430.0-0.875450407332-0.483306433809-0.001214636447650.00.00095481364673-0.004242685001650.9999905439330.0-0.7515289047590.0476697133079-1.961581.026.0-0.4929149024040.8700672879490.004220595746530.0-0.870077134507-0.492913476055-0.001443998678760.00.000824012506213-0.004384012320860.999990050670.0-0.7515289047590.0476697133079-1.961581.046.0-0.5104699579280.8598849451780.004278213238810.0-0.859895288664-0.510467612846-0.001705511186470.00.000717345906187-0.004549427631560.9999893940050.0-0.7515289047590.0476697133079-1.961581.066.0-0.5080323803540.8613273922420.004268944414630.0-0.8613376583-0.508030180286-0.001665626845310.00.00073410257348-0.004523194956510.9999895008450.0-0.7515289047590.0476697133079-1.961581.081.0-0.4975943685750.8673995136190.004234162902050.0-0.867409480536-0.497592722452-0.001508521962150.00.000798397429486-0.004423385076610.9999898980620.0-0.7515289047590.0476697133079-1.961581.090.0-0.4892161441430.8721524149930.00421062119760.0-0.872162171598-0.489214881006-0.001395218455510.00.00084305540273-0.004354907920520.9999901619690.0-0.7515289047590.0476697133079-1.961581.0103.0-0.4839142957020.875105408230.004180777737640.0-0.875114893659-0.483913609495-0.001241548376280.00.000936649546855-0.004259463873370.9999904897820.0-0.7515289047590.0476697133079-1.961581.0112.0-0.482269343690.8760130767910.004167664588250.0-0.87602243809-0.482268925162-0.001171232405150.00.000983920218538-0.004215817177080.9999906293490.0-0.7515289047590.0476697133079-1.961581.0119.0-0.4817904233430.8762765817970.004164152871490.0-0.876285909206-0.481790076567-0.001152149862920.00.000996645587197-0.004204083255280.9999906661470.0-0.7515289047590.0476697133079-1.961581.0joint13joint121.00.628230499632-0.7780272741579.50277991718e-180.0-0.778027274157-0.628230499632-7.08610593283e-080.05.51318368391e-084.45170786988e-08-1.00.0-3.706289782064.11658220845e-071.08210369953e-061.012.00.605817390026-0.7956037267026.02163994009e-180.0-0.795603726702-0.605817390026-4.48755829435e-080.03.57031810314e-082.71864085299e-08-1.00.0-3.706289782064.11658220845e-071.08210369953e-061.030.00.504008328333-0.863698792966-2.20915296508e-080.0-0.863698792966-0.5040083283337.00292598686e-080.0-7.16185021505e-08-1.62149027066e-08-1.00.0-3.706289782064.11658220845e-071.08210369953e-061.044.00.428696672941-0.90344848365-4.7740441961e-080.0-0.90344848365-0.4286966729411.51335279736e-070.0-1.57189797633e-07-2.17459010229e-08-1.00.0-3.706289782064.11658220845e-071.08210369953e-061.056.00.416147570673-0.909297090847-5.19092423113e-080.0-0.909297090847-0.4161475706731.64550209087e-070.0-1.71226931504e-07-2.12762467434e-08-1.00.0-3.706289782064.11658220845e-071.08210369953e-061.068.00.446236292099-0.894915175653-4.18672918566e-080.0-0.894915175653-0.4462362920991.3271763025e-070.0-1.37453726466e-07-2.17557483732e-08-1.00.0-3.706289782064.11658220845e-071.08210369953e-061.079.00.494534983558-0.869157724488-2.53836722767e-080.0-0.869157724488-0.4945349835588.04652195112e-080.0-8.24900810428e-08-1.77304511728e-08-1.00.0-3.706289782064.11658220845e-071.08210369953e-061.088.00.540367737877-0.841428967805-3.76256005637e-180.0-0.841428967805-0.5403677378772.93296670639e-080.0-2.46788314857e-08-1.58488058409e-08-1.00.0-3.706289782064.11658220845e-071.08210369953e-061.097.00.580980827996-0.8139172424152.24473403684e-180.0-0.813917242415-0.580980827996-1.22444105598e-160.01.00963516218e-166.93106501164e-17-1.00.0-3.706289782064.11658220845e-071.08210369953e-061.0105.00.607081086391-0.7946398898546.21602738404e-180.0-0.794639889854-0.607081086391-4.63254888502e-080.03.68120813611e-082.81233280938e-08-1.00.0-3.706289782064.11658220845e-071.08210369953e-061.0112.00.622504948351-0.7826158631668.60667861599e-180.0-0.782615863166-0.622504948351-6.41672615399e-080.05.02183167824e-083.9944437824e-08-1.00.0-3.706289782064.11658220845e-071.08210369953e-061.0119.00.628230499632-0.7780272741579.50277991718e-180.0-0.778027274157-0.628230499632-7.08610593283e-080.05.51318368391e-084.45170786988e-08-1.00.0-3.706289782064.11658220845e-071.08210369953e-061.0joint14joint131.00.407045506516-0.913407880207-8.84896868577e-080.0-0.913407880207-0.4070455065161.45362057559e-070.0-1.68794178266e-072.16582049453e-08-1.00.0-2.735110177372.70470674169e-06-5.22392458624e-071.014.00.361274906089-0.932459351516-4.47597287589e-080.0-0.932459351516-0.3612749060897.35268311356e-080.0-8.47313480837e-081.5173228639e-08-1.00.0-2.735110177372.70470674169e-06-5.22392458624e-071.026.00.282626631091-0.9592299971324.27176866052e-080.0-0.959229997132-0.282626631091-4.68740586708e-080.05.70361590176e-08-2.77282291121e-08-1.00.0-2.735110177372.70470674169e-06-5.22392458624e-071.039.00.213556213404-0.9769307773411.36881090216e-070.0-0.976930777341-0.213556213404-1.50199431478e-070.01.75966254663e-07-1.01647328026e-07-1.00.0-2.735110177372.70470674169e-06-5.22392458624e-071.050.00.183857208087-0.9829529627781.76893431907e-070.0-0.982952962778-0.183857208087-1.94104918787e-070.02.2331913753e-07-1.38190334545e-07-1.00.0-2.735110177372.70470674169e-06-5.22392458624e-071.060.00.190386920894-0.9817091322551.68116954721e-070.0-0.981709132255-0.190386920894-1.84474502484e-070.02.13107573116e-07-1.29920417225e-07-1.00.0-2.735110177372.70470674169e-06-5.22392458624e-071.069.00.21330204299-0.9769863041291.37224596335e-070.0-0.976986304129-0.21330204299-1.50576360268e-070.01.76381328455e-07-1.01948305938e-07-1.00.0-2.735110177372.70470674169e-06-5.22392458624e-071.076.00.238827793916-0.9710619366721.02625115722e-070.0-0.971061936672-0.238827793916-1.1261039795e-070.01.33861401111e-07-7.27608507097e-08-1.00.0-2.735110177372.70470674169e-06-5.22392458624e-071.086.00.281920647047-0.9594377253214.36893385167e-080.0-0.959437725321-0.281920647047-4.79402509722e-080.05.83126119278e-08-2.84018529936e-08-1.00.0-2.735110177372.70470674169e-06-5.22392458624e-071.093.00.31322977746-0.949677369696-3.58561024303e-200.0-0.949677369696-0.31322977746-1.22464674666e-160.01.16290698918e-163.83936345213e-17-1.00.0-2.735110177372.70470674169e-06-5.22392458624e-071.0101.00.356804013572-0.934179263257-4.05348422186e-080.0-0.934179263257-0.3568040135726.65866076726e-080.0-7.66668224914e-081.41084401723e-08-1.00.0-2.735110177372.70470674169e-06-5.22392458624e-071.0110.00.393024793599-0.919527874301-7.49970671121e-080.0-0.919527874301-0.3930247935991.2319772362e-070.0-1.42759447741e-072.05421338029e-08-1.00.0-2.735110177372.70470674169e-06-5.22392458624e-071.0114.00.402521405184-0.91541057366-8.41261088937e-080.0-0.91541057366-0.4025214051841.38194005618e-070.0-1.60366813523e-072.13838842729e-08-1.00.0-2.735110177372.70470674169e-06-5.22392458624e-071.0119.00.407045506516-0.913407880207-8.84896868577e-080.0-0.913407880207-0.4070455065161.45362057559e-070.0-1.68794178266e-072.16582049453e-08-1.00.0-2.735110177372.70470674169e-06-5.22392458624e-071.0joint15joint141.00.845099030870.5346097904290.00.0-0.5346097904290.845099030870.00.00.00.01.00.0-1.454701688731.04360698527e-062.10758019836e-061.09.00.8469523575420.5316687916870.00.0-0.5316687916870.8469523575420.00.00.00.01.00.0-1.454701688731.04360698527e-062.10758019836e-061.045.00.8720208579030.4894687154280.00.0-0.4894687154280.8720208579030.00.00.00.01.00.0-1.454701688731.04360698527e-062.10758019836e-061.054.00.873963545160.4859914831870.00.0-0.4859914831870.873963545160.00.00.00.01.00.0-1.454701688731.04360698527e-062.10758019836e-061.064.00.8722066197510.489137621190.00.0-0.489137621190.8722066197510.00.00.00.01.00.0-1.454701688731.04360698527e-062.10758019836e-061.0109.00.8468693395330.5318010170720.00.0-0.5318010170720.8468693395330.00.00.00.01.00.0-1.454701688731.04360698527e-062.10758019836e-061.0119.00.845099030870.5346097904290.00.0-0.5346097904290.845099030870.00.00.00.01.00.0-1.454701688731.04360698527e-062.10758019836e-061.0joint16joint150.07.77156117238e-160.01.00.0-0.4293587890680.9031340045923.33066907388e-160.0-0.903134004592-0.4293587890687.77156117238e-160.0-1.97898913736-3.84241094653e-062.16055349544e-061.0joint1joint6	1.00.452502102103-0.8885667803490.07543821613110.00.838959345130.4528594945710.3017706006150.0-0.302306243421-0.07326223472810.9503912773970.0-0.7515280375970.04766741599631.961579160661.013.00.454371439836-0.8873779457020.07814714417670.00.837759334280.4554857599490.3011511585740.0-0.302829807794-0.0713659860480.9503688776190.0-0.7515280375970.04766741599631.961579160661.029.00.462046977623-0.8825613650940.08716666400310.00.8329996048930.465616311840.2988529879320.0-0.3043423216-0.06547432315290.9503098780350.0-0.7515280375970.04766741599631.961579160661.041.00.47275015375-0.8760185819590.09538729575790.00.8266298347480.4783699298570.2963871227180.0-0.305271040935-0.06126707330480.950292553530.0-0.7515280375970.04766741599631.961579160661.061.00.474920187818-0.8746487961830.09716119873350.00.8253095676760.4809915614620.2958229796780.0-0.305474929751-0.06030423814770.9502886225540.0-0.7515280375970.04766741599631.961579160661.076.00.466957993846-0.8796012457780.09083986134610.00.8301056322580.4714350546980.2977811755220.0-0.304753787961-0.06364461978970.9503023156320.0-0.7515280375970.04766741599631.961579160661.093.00.456433795526-0.8859970033050.0817159741840.00.8363799542780.4585700152820.3003033685570.0-0.303540380154-0.06872300356770.9503369857040.0-0.7515280375970.04766741599631.961579160661.0106.00.453850486026-0.887713997320.0773537025350.00.8380975887290.4547414580140.3013347609060.0-0.302675020609-0.07193097611990.9503755923710.0-0.7515280375970.04766741599631.961579160661.0119.00.452502102103-0.8885667803490.07543821613110.00.838959345130.4528594945710.3017706006150.0-0.302306243421-0.07326223472810.9503912773970.0-0.7515280375970.04766741599631.961579160661.0joint2joint1	1.00.651681565789-0.758492674197-1.32244419792e-170.0-0.758492674197-0.6516815657891.21748560406e-160.0-1.00963516218e-16-6.93106501164e-17-1.00.03.70628829895-5.55111512313e-166.16297582204e-321.014.00.621172780475-0.783673641765-8.39885850563e-180.0-0.783673641765-0.6211727804751.22176335689e-160.0-1.00963516218e-16-6.93106501164e-17-1.00.03.70628829895-5.55111512313e-166.16297582204e-321.030.00.532460207784-0.8464550355024.90929398111e-180.0-0.846455035502-0.5324602077841.22366239867e-160.0-1.00963516218e-16-6.93106501164e-17-1.00.03.70628829895-5.55111512313e-166.16297582204e-321.044.00.45662245523-0.8896605720051.55607439646e-170.0-0.889660572005-0.456622455231.2147205882e-160.0-1.00963516218e-16-6.93106501164e-17-1.00.03.70628829895-5.55111512313e-166.16297582204e-321.060.00.450564014849-0.8927441226491.63861483081e-170.0-0.892744122649-0.4505640148491.21363470494e-160.0-1.00963516218e-16-6.93106501164e-17-1.00.03.70628829895-5.55111512313e-166.16297582204e-321.075.00.503714340829-0.8638702812599.01863979093e-180.0-0.863870281259-0.5037143408291.22132149588e-160.0-1.00963516218e-16-6.93106501164e-17-1.00.03.70628829895-5.55111512313e-166.16297582204e-321.093.00.588772974593-0.808298450072-3.42089870635e-180.0-0.808298450072-0.5887729745931.22416891313e-160.0-1.00963516218e-16-6.93106501164e-17-1.00.03.70628829895-5.55111512313e-166.16297582204e-321.0108.00.63807647496-0.769972994398-1.1055115714e-170.0-0.769972994398-0.638076474961.21964676211e-160.0-1.00963516218e-16-6.93106501164e-17-1.00.03.70628829895-5.55111512313e-166.16297582204e-321.0119.00.651681565789-0.758492674197-1.32244419792e-170.0-0.758492674197-0.6516815657891.21748560406e-160.0-1.00963516218e-16-6.93106501164e-17-1.00.03.70628829895-5.55111512313e-166.16297582204e-321.0joint3joint2	1.00.442731600713-0.896654186256-1.7059754161e-170.0-0.896654186256-0.4427316007131.21270617276e-160.0-1.16290698918e-16-3.83936345213e-17-1.00.02.73510758376-8.881784197e-16-2.50344617858e-161.016.00.383069512567-0.923719518329-9.08247176372e-180.0-0.923719518329-0.3830695125671.22127419253e-160.0-1.16290698918e-16-3.83936345213e-17-1.00.02.73510758376-8.881784197e-16-2.50344617858e-161.032.00.272607790137-0.9621252479575.23773468813e-180.0-0.962125247957-0.2726077901371.22352621394e-160.0-1.16290698918e-16-3.83936345213e-17-1.00.02.73510758376-8.881784197e-16-2.50344617858e-161.046.00.213571130852-0.9769275162811.26714619384e-170.0-0.976927516281-0.2135711308521.21807355603e-160.0-1.16290698918e-16-3.83936345213e-17-1.00.02.73510758376-8.881784197e-16-2.50344617858e-161.063.00.220031495988-0.9754927681811.18650963673e-170.0-0.975492768181-0.2200314959881.21888544641e-160.0-1.16290698918e-16-3.83936345213e-17-1.00.02.73510758376-8.881784197e-16-2.50344617858e-161.074.00.255143329848-0.9669032429537.452133575e-180.0-0.966903242953-0.2551433298481.22237733666e-160.0-1.16290698918e-16-3.83936345213e-17-1.00.02.73510758376-8.881784197e-16-2.50344617858e-161.091.00.335554615506-0.942020753494-2.85428024133e-180.0-0.942020753494-0.3355546155061.22431413089e-160.0-1.16290698918e-16-3.83936345213e-17-1.00.02.73510758376-8.881784197e-16-2.50344617858e-161.0108.00.421998128912-0.906596701513-1.42669149373e-170.0-0.906596701513-0.4219981289121.21630805986e-160.0-1.16290698918e-16-3.83936345213e-17-1.00.02.73510758376-8.881784197e-16-2.50344617858e-161.0119.00.442731600713-0.896654186256-1.7059754161e-170.0-0.896654186256-0.4427316007131.21270617276e-160.0-1.16290698918e-16-3.83936345213e-17-1.00.02.73510758376-8.881784197e-16-2.50344617858e-161.0joint4joint31.00.7988893126890.6014780678220.00.0-0.6014780678220.7988893126890.00.00.00.01.00.01.45470220697-2.22044604925e-161.24114019932e-161.012.00.8040527105710.5945580195610.00.0-0.5945580195610.8040527105710.00.00.00.01.00.01.45470220697-1.96439864316e-161.09801997861e-161.045.00.8390577688350.5440423334240.00.0-0.5440423334240.8390577688350.00.00.00.01.00.01.45470220697-1.95182902492e-171.09099406664e-171.053.00.8416447181090.5400316365540.00.0-0.5400316365540.8416447181090.00.00.00.01.00.01.454702206970.00.01.062.00.8395880445910.5432236329360.00.0-0.5432236329360.8395880445910.00.00.00.01.00.01.45470220697-1.12607105101e-176.29428510171e-181.0106.00.8029660338730.5960247884490.00.0-0.5960247884490.8029660338730.00.00.00.01.00.01.45470220697-1.94153376637e-161.08523943042e-161.0119.00.7988893126890.6014780678220.00.0-0.6014780678220.7988893126890.00.00.00.01.00.01.45470220697-2.22044604925e-161.24114019932e-161.0joint5joint40.04.4408920985e-16-2.77555756156e-171.00.0-0.4293587890680.9031340045922.22044604925e-160.0-0.903134004592-0.4293587890684.4408920985e-160.01.978988526765.55111512313e-161.99456061488e-161.0