joint1root1.01.00.00.00.00.01.00.00.00.00.01.00.00.04580477059780.1937102373690.01.0200.00.9088473269320.00.4171289205130.00.01.00.00.0-0.4171289205130.00.9088473269320.00.04580477059780.1937102373690.01.0joint2joint11.01.00.00.00.00.01.00.00.00.00.01.00.00.02710659176362.873298726940.01.080.00.912471934946-0.245935913552-0.3269717026910.00.2950059009550.949223968280.1092949058470.00.283489834628-0.1961871159570.9386927767890.00.02710659176362.873298726940.01.0141.00.8265930410010.2001010494160.5260261539040.0-0.3769598016430.8908752266290.2534613156380.0-0.417905793826-0.4078000743040.8118213146280.00.02710659176362.873298726940.01.0200.01.00.00.00.00.01.00.00.00.00.01.00.00.02710659176362.873298726940.01.0joint3joint20.01.00.00.00.00.01.00.00.00.00.01.00.00.02.873298726940.01.0joint4joint30.01.00.00.00.00.01.00.00.00.00.01.00.0-0.1355329588182.331166891670.01.0joint9joint41.01.00.00.00.00.01.00.00.00.00.01.00.00.0626215964567-0.259294448744-1.894397674761.0200.0-0.2209132957690.9752934510970.00.0-0.975293451097-0.220913295769-0.00.0-0.00.01.00.00.0626215964567-0.259294448744-1.894397674761.0joint10joint91.01.00.00.00.00.01.00.00.00.00.01.00.0-0.9386747873741.29251676891-1.753373659431.0107.01.00.00.00.00.01.00.00.00.00.01.00.0-0.9386747873741.29251676891-1.753373659431.0123.00.1705337512840.00.9853518354740.0-0.01.00.00.0-0.985351835474-0.00.1705337512840.0-0.9386747873741.29251676891-1.753373659431.0149.00.9945957579520.0-0.1038233030870.00.01.00.00.00.1038233030870.00.9945957579520.0-0.9386747873741.29251676891-1.753373659431.0165.00.501481863862-0.8011327057760.326653222780.00.6712822359420.598486748170.437257100540.0-0.5457985891575.55111512313e-170.8379164039890.0-0.9386747873741.29251676891-1.753373659431.0200.01.00.00.00.00.01.00.00.00.00.01.00.0-0.9386747873741.29251676891-1.753373659431.0joint11joint100.01.00.00.00.00.01.00.00.00.00.01.00.0-1.434578448630.650709666775-0.850120562151.0joint12joint110.01.00.00.00.00.01.00.00.00.00.01.00.0-2.355542390960.8558379348320.7084338017921.0joint5joint31.01.00.00.00.00.01.00.00.00.00.01.00.01.608111142270.1483810990560.01.033.00.6928857262110.0-0.7210474120420.00.01.00.00.00.7210474120420.00.6928857262110.01.608111142270.1483810990560.01.079.00.5481996311510.00.8363475141390.0-0.01.00.00.0-0.836347514139-0.00.5481996311510.01.608111142270.1483810990560.01.0108.01.00.00.00.00.01.00.00.00.00.01.00.01.608111142270.1483810990560.01.0joint6joint50.01.00.00.00.00.01.00.00.00.00.01.00.02.601882825710.04163012521130.01.0joint7joint60.01.00.00.00.00.01.00.00.00.00.01.00.02.726773201340.00.01.0joint8joint70.01.00.00.00.00.01.00.00.00.00.01.00.02.497807512680.02081506260570.01.0