joint1root	1.00.9963279732570.08561874623170.00.0-0.08561874623170.9963279732570.00.00.00.01.00.0-0.3110762453180.5924904683470.01.013.00.9826404850360.185520018240.00.0-0.185520018240.9826404850360.00.00.00.01.00.0-0.3416690672830.5194323380680.01.032.00.9795486555730.2012074336750.00.0-0.2012074336750.9795486555730.00.00.00.01.00.0-0.3368889386250.5308476714640.01.039.00.9952957402470.0956449005555-0.01544158162570.0-0.09575682859580.995382356502-0.006677884503930.00.01473157230740.00812510688560.9998584716930.0-0.2000140601930.6271340595360.01.049.00.9913774878260.130129705955-0.01539273397730.0-0.1302342498270.991465145269-0.005992152199380.00.01448160222510.007945145956410.999863569620.0-0.1676882981560.6265043746460.01.053.00.9951581139850.0973833897222-0.01329675061440.0-0.0974587389550.995226293331-0.005139967392850.00.01273272837960.00641096480370.9998983834160.0-0.2213734206270.6118876534980.01.060.00.9997646507950.020810011642-0.006130777805370.0-0.02082966124520.99977804883-0.003158843145110.00.006063681509440.003285801738740.9999762173540.0-0.346325567570.578939018320.01.064.00.998579337830.0532425323225-0.0021304483040.0-0.05324520489380.998580725131-0.001218011760540.00.002062574581730.001329717533770.9999969888140.0-0.3287008854340.5857147514110.01.069.00.9963279732570.08561874623170.00.0-0.08561874623170.9963279732570.00.00.00.01.00.0-0.3110762453180.5924904683470.01.0joint2joint1	1.00.95485293891-0.297078886922-0.00.00.2970788869220.954852938910.00.00.0-0.01.00.00.2096855762950.176679513360.01.013.00.971552395364-0.236824709569-0.00.00.2368247095690.9715523953640.00.00.0-0.01.00.00.2096855762950.176679513360.01.032.00.99130215779-0.131605592439-0.00.00.1316055924390.991302157790.00.00.0-0.01.00.00.2096855762950.176679513360.01.039.00.988847058388-0.148934532995-0.00.00.1489345329950.9888470583880.00.00.0-0.01.00.00.2096855762950.176679513360.01.049.00.980487816683-0.196579859944-0.00.00.1965798599440.9804878166830.00.00.0-0.01.00.00.2096855762950.176679513360.01.053.00.974022492202-0.226451285457-0.00.00.2264512854570.9740224922020.00.00.0-0.01.00.00.2096855762950.176679513360.01.060.00.959955133318-0.280153782799-0.00.00.2801537827990.9599551333180.00.00.0-0.01.00.00.2096855762950.176679513360.01.064.00.95485293891-0.297078886922-0.00.00.2970788869220.954852938910.00.00.0-0.01.00.00.2096855762950.176679513360.01.069.00.95485293891-0.297078886922-0.00.00.2970788869220.954852938910.00.00.0-0.01.00.00.2096855762950.176679513360.01.0joint3joint2	1.00.997634416154-0.0687427938446-0.00.00.06874279384460.9976344161540.00.00.0-0.01.00.00.1902702451570.2582239041410.01.013.00.9370726717660.3491343693030.00.0-0.3491343693030.9370726717660.00.00.00.01.00.00.1902702451570.2582239041410.01.032.00.9712791512490.2379428720270.00.0-0.2379428720270.9712791512490.00.00.00.01.00.00.1902702451570.2582239041410.01.039.00.9861779005330.1656899167150.00.0-0.1656899167150.9861779005330.00.00.00.01.00.00.1902702451570.2582239041410.01.049.00.9981310860930.06110920532740.00.0-0.06110920532740.9981310860930.00.00.00.01.00.00.1902702451570.2582239041410.01.053.00.9997926728830.02036200505140.00.0-0.02036200505140.9997926728830.00.00.00.01.00.00.1902702451570.2582239041410.01.060.00.998871585547-0.0474926898213-0.00.00.04749268982130.9988715855470.00.00.0-0.01.00.00.1902702451570.2582239041410.01.064.00.997634416154-0.0687427938446-0.00.00.06874279384460.9976344161540.00.00.0-0.01.00.00.1902702451570.2582239041410.01.069.00.997634416154-0.0687427938446-0.00.00.06874279384460.9976344161540.00.00.0-0.01.00.00.1902702451570.2582239041410.01.0joint4joint31.01.00.00.00.00.01.00.00.00.00.01.00.00.221334774978-0.1883287120430.01.014.01.44583918090.00.00.00.01.44583918090.00.00.00.01.44583918090.00.221334774978-0.1883287120430.01.032.03.070901519040.00.00.00.03.070901519040.00.00.00.03.070901519040.00.221334774978-0.1883287120430.01.038.01.855541382120.00.00.00.01.855541382120.00.00.00.01.855541382120.00.221334774978-0.1883287120430.01.044.00.4351975823810.00.00.00.00.4351975823810.00.00.00.00.4351975823810.00.221334774978-0.1883287120430.01.064.01.00.00.00.00.01.00.00.00.00.01.00.00.221334774978-0.1883287120430.01.0joint5joint31.00.9815114782910.1914032862390.00.0-0.1914032862390.9815114782910.00.00.00.01.00.00.2621069703690.2873469008490.01.017.00.9717495555550.2360144090480.00.0-0.2360144090480.9717495555550.00.00.00.01.00.00.2621069703690.2873469008490.01.032.00.7855197141670.6188366332530.00.0-0.6188366332530.7855197141670.00.00.00.01.00.00.2621069703690.2873469008490.01.038.00.9208090212960.3900137770630.00.0-0.3900137770630.9208090212960.00.00.00.01.00.00.2621069703690.2873469008490.01.049.00.969922669270.2434132610130.00.0-0.2434132610130.969922669270.00.00.00.01.00.00.2621069703690.2873469008490.01.064.00.9815114782910.1914032862390.00.0-0.1914032862390.9815114782910.00.00.00.01.00.00.2621069703690.2873469008490.01.0joint6joint51.01.00.00.00.00.01.00.00.00.00.01.00.00.112608920603-0.06212905964310.01.010.00.9038091789230.4279357055610.00.0-0.4279357055610.9038091789230.00.00.00.01.00.00.112608920603-0.06212905964310.01.017.00.8783661514760.4779883931030.00.0-0.4779883931030.8783661514760.00.00.00.01.00.00.112608920603-0.06212905964310.01.028.00.9160021788320.4011732897070.00.0-0.4011732897070.9160021788320.00.00.00.01.00.00.112608920603-0.06212905964310.01.040.00.645174740718-0.764035047586-0.00.00.7640350475860.6451747407180.00.00.0-0.01.00.00.112608920603-0.06212905964310.01.049.00.637417527339-0.770518588901-0.00.00.7705185889010.6374175273390.00.00.0-0.01.00.00.112608920603-0.06212905964310.01.064.01.00.00.00.00.01.00.00.00.00.01.00.00.112608920603-0.06212905964310.01.0joint19joint3	1.00.995156415396-0.0884629732409-0.04287203354990.00.09359678632910.9859877579840.13808614230.00.0300557895288-0.1414299949510.9894918928640.00.0296957328360.007670030024220.2038211.013.00.872765175773-0.484484914285-0.05962646886020.00.4879841640640.8628633042640.1316752587890.0-0.0123451845254-0.1440183529440.9894980093130.00.0296957328360.007670030024220.2038211.032.00.925688281463-0.368513994824-0.08543208519430.00.3770950108560.9168464621520.1311179531040.00.0300093043731-0.1535903657720.9876788147940.00.0296957328360.007670030024220.2038211.039.00.89622156408-0.440459880956-0.05274468073830.00.4434097580520.8859263467260.1360966371390.0-0.0132172062771-0.1453602471270.9892905053690.00.0296957328360.007670030024220.2038211.049.00.92477785578-0.377299057392-0.04930860727140.00.380449678920.9145830442550.1370981289830.0-0.00663017868924-0.1455447575570.989329451840.00.0296957328360.007670030024220.2038211.053.00.952590922305-0.301997292091-0.03698878630740.00.3041720163380.942447078320.1388268311370.0-0.00706535348675-0.1434961328260.9896256568240.00.0296957328360.007670030024220.2038211.060.00.995742571303-0.0893508699539-0.02265289678090.00.09171883573280.9848919019630.146886339120.00.00918623241081-0.1483386783240.988893952680.00.0296957328360.007670030024220.2038211.064.00.996491410393-0.0770766192958-0.03261999036580.00.08097497708730.9864216467190.1428824270830.00.0211641701763-0.1450225142560.9892019754630.00.0296957328360.007670030024220.2038211.069.00.995156415396-0.0884629732409-0.04287203354990.00.09359678632910.9859877579840.13808614230.00.0300557895288-0.1414299949510.9894918928640.00.0296957328360.007670030024220.2038211.0joint20joint19	1.00.9057733609210.417474096863-0.07273236621270.0-0.4142531159690.9084644071340.0555587696110.00.0892691131171-0.02019404414380.9958028047880.0	0.1226206	-0.4972910.0995181.013.00.9607554175370.275042325271-0.03606587004020.0-0.2728597430740.9604385720030.05572530859640.00.0499658711722-0.0436974680950.9977945394720.0	0.1226206	-0.4972910.0995181.032.00.9994667834290.01960350650580.02611228359420.0-0.02103780568310.9982182801880.0558361516460.0-0.0249711744592-0.05635572403290.998098428420.0	0.1226206	-0.4972910.0995181.039.00.9900819602840.140459139931-0.00299030586670.0-0.140075598880.9885666106420.0558111361850.00.0107953007225-0.05483873023460.998436865880.0	0.1226206	-0.4972910.0995181.049.00.9840191216670.177655788949-0.01203282373380.0-0.1767311370110.9826765309230.05579373426460.00.0217364533631-0.05277552676570.9983698064190.0	0.1226206	-0.4972910.0995181.053.00.9469883873860.317833263848-0.04685093967390.0-0.3152119062660.9473862636540.05568412330930.00.0620842033422-0.03796424413080.9973486190210.0	0.1226206	-0.4972910.0995181.060.00.8457929759430.523668526329-0.1020074329550.0-0.5207708287850.851898888890.0553717165510.00.1158964440.006289486477650.9932413889020.0	0.1226206	-0.4972910.0995181.064.00.8705745959490.483603308258-0.09070674246920.0-0.4804368152960.8752747025350.05544963128870.00.106208942166-0.004694181876880.994332753790.0	0.1226206	-0.4972910.0995181.069.00.9057733609210.417474096863-0.07273236621270.0-0.4142531159690.9084644071340.0555587696110.00.0892691131171-0.02019404414380.9958028047880.0	0.1226206	-0.4972910.0995181.0joint21joint201.01.00.00.00.00.01.00.00.00.00.01.00.00.338678	-0.3050910.0479821.016.01.00.00.00.00.01.00.00.00.00.01.00.00.338678	-0.3050910.0479821.041.00.8781245355030.4784321270020.00.0-0.4784321270020.8781245355030.00.00.00.01.00.00.338678	-0.3050910.0479821.059.00.988676227164-0.15006437899-0.00.00.150064378990.9886762271640.00.00.0-0.01.00.00.338678	-0.3050910.0479821.064.01.00.00.00.00.01.00.00.00.00.01.00.00.338678	-0.3050910.0479821.0joint12joint31.00.995844228867-0.0852723236903-0.03198284921340.00.08167934913580.991578579013-0.1005007739620.00.04028344270420.09747077743960.9944227932770.00.02969568987230.00766960293505-0.203820539681.013.00.875662552483-0.482718916582-0.01405495474010.00.4794593168410.872492594453-0.0942095330620.00.05773956765750.07575698119140.9954531742520.00.02969568987230.00766960293505-0.203820539681.032.00.930689966248-0.3658022561140.002212723879790.00.3642318430780.92609946981-0.09836125510190.00.03393156661860.09234977768780.9951483142470.00.02969568987230.00766960293505-0.203820539681.039.00.900032394906-0.4358227065860.0005065011404080.00.4337193655280.895573454705-0.0991750936120.00.04276914874770.0894804763720.9950698690360.00.02969568987230.00766960293505-0.203820539681.049.00.928008450991-0.372531087474-0.004572062476650.00.3702545676940.923561406922-0.09972904665470.00.04137475065650.09085657108910.9950041273770.00.02969568987230.00766960293505-0.203820539681.053.00.955175275432-0.295725757985-0.01365537505720.00.2929954291160.950942226653-0.09931042284010.00.04235412283290.09085789801490.9949627986250.00.02969568987230.00766960293505-0.203820539681.060.00.995910348447-0.0840353327562-0.033175905470.00.08032314735880.991669686031-0.1006947158790.00.04136145371690.0976181164340.9943640849760.00.02969568987230.00766960293505-0.203820539681.064.00.99668717447-0.0734012931744-0.03502750928270.00.0695405352410.992454512363-0.1009859141070.00.04217570633230.09821553364860.9942710489330.00.02969568987230.00766960293505-0.203820539681.0joint13joint12	1.00.9084328613250.4042910035510.1062945008590.0-0.4048928200970.914209300569-0.0168273285770.0-0.103978558843-0.02775138196610.9941922953330.00.122620764261-0.497290845058-0.0995183014291.013.00.9624106562220.2603126932270.07747922647240.0-0.2604599150470.965448318758-0.008377139232370.0-0.0769828646115-0.0121179846790.9969587719680.00.122620764261-0.497290845058-0.0995183014291.032.00.999605849969-0.0001158925018710.02807367586670.0-5.72110770237e-050.9999809935570.006165164379090.0-0.0280738567823-0.006164340504590.9995868443870.00.122620764261-0.497290845058-0.0995183014291.039.00.9894138552580.1349203980080.05344819197320.0-0.1350439950870.99083873876-0.001308878448320.0-0.053135133525-0.005922834902640.9985697660210.00.122620764261-0.497290845058-0.0995183014291.049.00.9830953748710.1727636758830.06063164356760.0-0.1728762953720.984937596153-0.00342318316430.0-0.060309786973-0.007116458386140.9981543395760.00.122620764261-0.497290845058-0.0995183014291.053.00.9466994315280.3100768590130.08724980142460.0-0.3103079899830.950569553292-0.01124614184690.0-0.086424173105-0.01642759441310.996122982590.00.122620764261-0.497290845058-0.0995183014291.060.00.8478563279760.5140967781770.129785013690.0-0.5156830537910.856451967574-0.02368576092690.0-0.123331403718-0.04684580991140.991259216830.00.122620764261-0.497290845058-0.0995183014291.064.00.8730352835920.4724886040440.1206810368350.0-0.473611849460.880482532801-0.02103153543250.0-0.116194705791-0.03879469654950.9924685193320.00.122620764261-0.497290845058-0.0995183014291.069.00.9084328613250.4042910035510.1062945008590.0-0.4048928200970.914209300569-0.0168273285770.0-0.103978558843-0.02775138196610.9941922953330.00.122620764261-0.497290845058-0.0995183014291.0joint14joint131.01.00.00.00.00.01.00.00.00.00.01.00.00.338677723822-0.305090720906-0.0479820381891.016.01.00.00.00.00.01.00.00.00.00.01.00.00.338677723822-0.305090720906-0.0479820381891.041.00.8781245355030.4784321270020.00.0-0.4784321270020.8781245355030.00.00.00.01.00.00.338677723822-0.305090720906-0.0479820381891.059.00.988676227164-0.15006437899-0.00.00.150064378990.9886762271640.00.00.0-0.01.00.00.338677723822-0.305090720906-0.0479820381891.064.01.00.00.00.00.01.00.00.00.00.01.00.00.338677723822-0.305090720906-0.0479820381891.0joint7joint11.00.9111763349620.4120166096230.00.0-0.4120166096230.9111763349620.00.00.00.01.00.0-0.158216451462-0.02680740675540.01.022.00.910257801229-0.18306372236-0.3713736781970.00.1971642192220.980370476228-6.93889390391e-180.00.364083789753-0.07322160130140.9284834899670.0-0.158216451462-0.02680740675540.01.049.00.4688632308980.82631391770.3120457981240.0-0.7417496615390.560159907012-0.3688201705210.0-0.47955678529-0.05853364837250.87555645260.0-0.158216451462-0.02680740675540.01.064.00.9111763349620.4120166096230.00.0-0.4120166096230.9111763349620.00.00.00.01.00.0-0.158216451462-0.02680740675540.01.0joint15joint1	1.00.963618414623-0.2311182825150.1342530837150.00.2260031589170.9727173667420.0523783982010.0-0.142695911501-0.02013116802110.9895618287480.00.06001215428820.01063944752560.136291.013.00.961585009376-0.2610381260220.08493154011170.00.2677479187130.96012363488-0.08045904405510.0-0.06054190092640.100108453730.9931329093950.00.06001215428820.01063944752560.136291.032.00.953719526829-0.2856785395950.09384474498050.00.2915358287280.954928289086-0.05584642576440.0-0.073660876410.08062093225470.9940192858130.00.06001215428820.01063944752560.136291.039.00.883367210247-0.4064794897450.233316943830.00.3736592196930.9113032402540.1729311766030.0-0.282915463345-0.06558070386830.9569002099910.00.06001215428820.01063944752560.136291.049.00.842429892621-0.4734620529950.2571877920760.00.4359503267370.8794603454630.1910413917880.0-0.316637314031-0.04881787718170.9472896210930.00.06001215428820.01063944752560.136291.053.00.901345609118-0.3739640893350.2184649921880.00.3519817059740.9264205833960.1336180426430.0-0.25235881515-0.04354035538980.9666536431780.00.06001215428820.01063944752560.136291.060.00.987685661471-0.1139825806260.1071681176430.00.1127426172890.9934687193120.01757856634540.0-0.108471822942-0.005279683855540.994085503650.00.06001215428820.01063944752560.136291.064.00.97762464946-0.1727676870890.1200057126360.00.1698408308520.9848750461450.03428171024050.0-0.124113403558-0.01313277501560.9921811292690.00.06001215428820.01063944752560.136291.069.00.963618414623-0.2311182825150.1342530837150.00.2260031589170.9727173667420.0523783982010.0-0.142695911501-0.02013116802110.9895618287480.00.06001215428820.01063944752560.136291.0joint16joint15	1.00.9977122425510.0383519982127-0.05567230277560.0-0.04001760823510.998774621508-0.02911780318170.00.05448735719760.03127906111260.9980244226680.00.2452410.045420.3660851.013.00.999640877574-0.02375656459-0.01239925492380.00.02458467361580.9971326464590.0715687025750.00.0106634753709-0.07184783228430.9973586011510.00.2452410.045420.3660851.032.00.999717471407-0.0128080006883-0.02002329849680.00.01387031804220.9984528053770.05384802421380.00.0193026330258-0.05411054012570.9983483649540.00.2452410.045420.3660851.039.00.9907199614680.0960904428937-0.09612796020710.0-0.1075988640280.986588985471-0.122738169320.00.08304482168620.1319424136990.9877726241690.00.2452410.045420.3660851.049.00.9886855346440.106764089618-0.1053676551570.0-0.1209965815950.982800592522-0.1395092204120.00.08866081901020.1506798742560.9845988191480.00.2452410.045420.3660851.053.00.9936784887520.0763800080736-0.08227487683590.0-0.08379578021020.992336529536-0.0908101281050.00.07470828742950.09713035835490.9924637853720.00.2452410.045420.3660851.060.00.9988917079450.0197705715742-0.04271393564610.0-0.01974439131970.9998045250490.001034747894320.00.0427260436989-0.0001902404312460.9990868075390.00.2452410.045420.3660851.064.00.9983858440820.0287557269532-0.04897769394580.0-0.0294515335290.999474438257-0.01354453558840.00.04856247017650.01496514079160.9987080309340.00.2452410.045420.3660851.069.00.9977122425510.0383519982127-0.05567230277560.0-0.04001760823510.998774621508-0.02911780318170.00.05448735719760.03127906111260.9980244226680.00.2452410.045420.3660851.0joint17joint16	1.00.9997845890920.00663665917967-0.01966545626350.0-0.006570335740890.9999725143920.003435279978070.00.0196877145289-0.003305331331140.9998007144830.0	-0.357199	-0.447701	-0.2292471.013.00.9984089329460.0408951845922-0.03882249981250.0-0.0418969063360.998800311995-0.02534928001940.00.03773926143950.02693549025350.9989245354430.0	-0.357199	-0.447701	-0.2292471.032.00.9987629771070.0348685851543-0.03544992708940.0-0.03560241791540.999160155414-0.02028427155190.00.03471287081010.0215212825630.9991655773680.0	-0.357199	-0.447701	-0.2292471.039.00.999673378853-0.0254993970673-0.001707735792230.00.02553957014330.999210720450.03042476777580.00.000930574677098-0.03045844524130.9995356007390.0	-0.357199	-0.447701	-0.2292471.049.00.999399844333-0.03463983382680.0001818230376370.00.03460525251330.9986107163070.03973806457570.0-0.00155809038736-0.03970792351890.9992101146230.0	-0.357199	-0.447701	-0.2292471.053.00.999864177243-0.0144840991395-0.007863710235840.00.01464779565980.9996684904010.02117430948190.00.00755441254267-0.02128661954950.9997448727950.0	-0.357199	-0.447701	-0.2292471.060.00.9995341964710.0169086641003-0.02540643940980.0-0.01704587109060.999841219621-0.005193633211340.00.02531458796630.005624288889710.9996637129610.0	-0.357199	-0.447701	-0.2292471.064.00.9996725051250.011944783386-0.02263193863840.0-0.01197100786680.999927820995-0.001023606509350.00.02261807832960.001294198398950.9997433408550.0	-0.357199	-0.447701	-0.2292471.069.00.9997845890920.00663665917967-0.01966545626350.0-0.006570335740890.9999725143920.003435279978070.00.0196877145289-0.003305331331140.9998007144830.0	-0.357199	-0.447701	-0.2292471.0joint18joint171.01.00.00.00.00.01.00.00.00.00.01.00.00.124398
-0.11505210.1759341.049.01.00.00.00.00.01.00.00.00.00.01.00.00.124398
-0.11505210.1759341.064.01.00.00.00.00.01.00.00.00.00.01.00.00.124398
-0.11505210.1759341.0joint8joint1	1.00.963618439314-0.231118251838-0.1342529593030.00.2260031475140.972717375743-0.05237828024570.00.1426957628230.02013108529880.989561851870.00.06001210601690.0106396369923-0.136290263711.013.00.961585039884-0.261038067944-0.08493137320710.00.267747839040.9601236638130.08045896392180.00.0605417687253-0.1001083276750.9931329301610.00.06001210601690.0106396369923-0.136290263711.032.00.953719561542-0.285678478048-0.0938445795540.00.2915357509160.9549283150150.05584638860870.00.0736607349246-0.08062084322730.9940193035190.00.06001210601690.0106396369923-0.136290263711.039.00.893596000284-0.397535686856-0.2084503920670.00.3737783213270.916139677076-0.14483735220.00.2485476911640.05151184099080.9672489728370.00.06001210601690.0106396369923-0.136290263711.049.00.853287262012-0.467535296509-0.2308930380190.00.4392905150960.883106562091-0.1647623844750.00.2809353872950.03916052232770.9589274016610.00.06001210601690.0106396369923-0.136290263711.053.00.909602960306-0.366654358803-0.1954150346660.00.3508725913750.929782616082-0.1113225559040.00.2225104025080.03269354679210.9743819850420.00.06001210601690.0106396369923-0.136290263711.060.00.989433294308-0.110476324886-0.09389748534340.00.1101529486120.993877129017-0.008635990375050.00.0942766356334-0.001798348471410.9955444148390.00.06001210601690.0106396369923-0.136290263711.064.00.978373609641-0.171501116895-0.1156392963590.00.1690681914550.985129135274-0.03060283439390.00.1191680603050.01039007885460.9928197317060.00.06001210601690.0106396369923-0.136290263711.069.00.963618439314-0.231118251838-0.1342529593030.00.2260031475140.972717375743-0.05237828024570.00.1426957628230.02013108529880.989561851870.00.06001210601690.0106396369923-0.136290263711.0joint9joint8	1.00.9977122455720.03835204158350.05567221877170.0-0.04001764533660.9987746219870.02911773577590.0-0.0544872746456-0.03127899265280.998024429320.00.2452415285210.0454193511367-0.3660851802571.013.00.999640878202-0.02375661545020.01239910683280.00.02458471330120.997132648205-0.07156866462420.0-0.01066332498780.07184779124330.9973586057150.00.2452415285210.0454193511367-0.3660851802571.032.00.999717473711-0.0128080378080.02002315971270.00.01387034731680.998452805767-0.05384800944090.0-0.01930249265470.05411052414220.9983483685340.00.2452415285210.0454193511367-0.3660851802571.039.00.9913818299040.09200884637720.09325470242180.0-0.1026113536370.9879193405020.1161304730320.0-0.0814430932623-0.1246986321110.9888464358580.00.2452415285210.0454193511367-0.3660851802571.049.00.9894650778950.103298734860.1014309173930.0-0.1165036605960.9840665410620.1343128431310.0-0.0859404252653-0.1447149409640.9857341574520.00.2452415285210.0454193511367-0.3660851802571.053.00.9941159998460.0730762453960.07995774639330.0-0.07987727514670.9931350687280.08545382482520.0-0.0731641972867-0.09133782141560.9931285931910.00.2452415285210.0454193511367-0.3660851802571.060.00.9989582548640.01840060422940.04175910444420.0-0.01828044960570.999827592416-0.003257392398580.0-0.04181184284630.002490623821520.9991223982030.00.2452415285210.0454193511367-0.3660851802571.064.00.9984190478810.02822553445360.04860785978670.0-0.02887368822180.9995025885240.01268407119910.0-0.0482256669908-0.01406750647850.9987373980710.00.2452415285210.0454193511367-0.3660851802571.069.00.9977122455720.03835204158350.05567221877170.0-0.04001764533660.9987746219870.02911773577590.0-0.0544872746456-0.03127899265280.998024429320.00.2452415285210.0454193511367-0.3660851802571.0joint10joint9	1.00.9997845909330.006636530742410.0196654059990.0-0.006570206831860.999972515132-0.003435311150210.0-0.01968766404590.003305365368190.9998007153650.0-0.357199617629-0.4477009075470.2292475157921.013.00.9984089429240.04089501815490.03882241850720.0-0.04189673993290.9988003174350.02534934070680.0-0.0377391821802-0.02693554123060.9989245370630.0-0.357199617629-0.4477009075470.2292475157921.032.00.9987629852910.03486842692950.03544985211870.0-0.03560225960440.9991601601240.02028431737960.0-0.0347127976809-0.02152132021880.9991655790970.0-0.357199617629-0.4477009075470.2292475157921.039.00.999726063764-0.02321392373640.00298515921790.00.02328966472240.999322283283-0.02850553721060.0-0.002321410758720.02856725186840.9995891771990.0-0.357199617629-0.4477009075470.2292475157921.049.00.999550658953-0.029972345239-0.0003724332373880.00.02994179094180.998959250099-0.03440793216530.00.001403332049350.03438131995090.99940780240.0-0.357199617629-0.4477009075470.2292475157921.053.00.99988053265-0.01264287587580.008892587817010.00.0128154766980.999725214487-0.01962801760810.0-0.00864198967240.01973963545280.9997678044460.0-0.357199617629-0.4477009075470.2292475157921.060.00.9995102823860.0176648962970.02582918589180.0-0.0178210782110.9998242001110.005829068928660.0-0.0257216752257-0.006286518272840.9996493760870.0-0.357199617629-0.4477009075470.2292475157921.064.00.9996652413210.01223772955650.02279568533870.0-0.01226985166720.9999239162910.001269791312210.0-0.0227784115958-0.00154906591630.9997393382080.0-0.357199617629-0.4477009075470.2292475157921.069.00.9997845909330.006636530742410.0196654059990.0-0.006570206831860.999972515132-0.003435311150210.0-0.01968766404590.003305365368190.9998007153650.0-0.357199617629-0.4477009075470.2292475157921.0joint11joint101.01.00.00.00.00.01.00.00.00.00.01.00.00.124397876786-0.115051766378-0.1759341400261.049.01.00.00.00.00.01.00.00.00.00.01.00.00.124397876786-0.115051766378-0.1759341400261.064.01.00.00.00.00.01.00.00.00.00.01.00.00.124397876786-0.115051766378-0.1759341400261.0