joint1root1.00.9963279732570.08561874623170.00.0-0.08561874623170.9963279732570.00.00.00.01.00.0-0.3110762453180.5924904683470.01.015.310.966842535742-0.255373277927-0.00.00.2553732779270.9668425357420.00.00.0-0.01.00.0-0.3110762453180.5367095573640.01.032.110.970485322794-0.241160192075-0.00.00.2411601920750.9704853227940.00.00.0-0.01.00.0-0.3110762453180.5367095573640.01.075.690.965919812494-0.258841487848-0.00.00.2588414878480.9659198124940.00.00.0-0.01.00.0-0.3110762453180.5373789282960.01.0124.00.9963279732570.08561874623170.00.0-0.08561874623170.9963279732570.00.00.00.01.00.0-0.3110762453180.5924904683470.01.0joint2joint11.00.95485293891-0.297078886922-0.00.00.2970788869220.954852938910.00.00.0-0.01.00.00.2096855762950.176679513360.01.015.310.750254809126-0.6598539836070.0413574866440.00.6590923430830.7513863973070.03187107201830.0-0.05210570672420.003346977722520.9986359662390.00.2096855762950.176679513360.01.032.110.739588095959-0.673059765783-0.00.00.6730597657830.7395880959590.00.00.0-0.01.00.00.2096855762950.176679513360.01.075.680.744710506062-0.663239778113-0.07429171480610.00.6609235424680.748369558248-0.05588448174220.00.0926624690616-0.007483382646430.9956694561010.00.2096855762950.176679513360.01.075.690.746855426572-0.660917832988-0.07344787157360.00.6586426018510.750424589197-0.0552526827930.00.0916345722313-0.007110131256990.9957673178030.00.2096855762950.176679513360.01.0124.00.95485293891-0.297078886922-0.00.00.2970788869220.954852938910.00.00.0-0.01.00.00.2096855762950.176679513360.01.0joint3joint21.00.997634416154-0.0687427938446-0.00.00.06874279384460.9976344161540.00.00.0-0.01.00.00.1902702451570.2582239041410.01.07.00.957289597621-0.289130811722-0.00.00.2891308117220.9572895976210.00.00.0-0.01.00.00.1902702451570.2582239041410.01.015.310.997634416154-0.0687427938446-0.00.00.06874279384460.9976344161540.00.00.0-0.01.00.00.1902702451570.2582239041410.01.032.110.997634416154-0.0687427938446-0.00.00.06874279384460.9976344161540.00.00.0-0.01.00.00.1902702451570.2582239041410.01.075.680.997634416154-0.0687427938446-0.00.00.06874279384460.9976344161540.00.00.0-0.01.00.00.1902702451570.2582239041410.01.075.690.997634416154-0.0687427938446-0.00.00.06874279384460.9976344161540.00.00.0-0.01.00.00.1902702451570.2582239041410.01.0124.00.997634416154-0.0687427938446-0.00.00.06874279384460.9976344161540.00.00.0-0.01.00.00.1902702451570.2582239041410.01.0joint4joint31.01.00.00.00.00.01.00.00.00.00.01.00.00.221334774978-0.1883287120430.01.0124.01.00.00.00.00.01.00.00.00.00.01.00.00.221334774978-0.1883287120430.01.0joint5joint31.00.9815114782910.1914032862390.00.0-0.1914032862390.9815114782910.00.00.00.01.00.00.2621069703690.2873469008490.01.06.00.869026819081-0.494202760134-0.02358006772710.00.4918220433950.868066530362-0.06761343429420.00.0538838134280.04716069063890.9974329069710.00.2621069703690.2873469008490.01.013.00.9970890852990.0583162832311-0.04911788969730.0-0.0603958190960.997291597796-0.04197396813920.00.04653709288220.04481830067880.9979106267150.00.2621069703690.2873469008490.01.027.00.921227621273-0.3888554872570.01144901017320.00.3885490400940.9211581775730.02229922269590.0-0.019217524453-0.01609415796760.999685783050.00.2621069703690.2873469008490.01.075.690.973852353449-0.1253845418080.1894473815030.00.1100370481870.9898890205520.0895074020270.0-0.198754727513-0.06632076346770.9778026971860.00.2621069703690.2873469008490.01.092.00.899622986998-0.4340594001370.04765415425640.00.4099264836140.877090304310.2503455134750.0-0.150461820064-0.205681878730.9669830430080.00.2621069703690.2873469008490.01.0124.00.9815114782910.1914032862390.00.0-0.1914032862390.9815114782910.00.00.00.01.00.00.2621069703690.2873469008490.01.0joint6joint51.01.00.00.00.00.01.00.00.00.00.01.00.00.112608920603-0.06212905964310.01.032.110.987771162315-0.15591065037-0.00.00.155910650370.9877711623150.00.00.0-0.01.00.00.112608920603-0.06212905964310.01.0124.01.00.00.00.00.01.00.00.00.00.01.00.00.112608920603-0.06212905964310.01.0joint19joint31.00.995760739191-0.0906222691058-0.01575292442730.00.09197698873310.9826518286550.1610453885840.00.000885341452611-0.1618115817330.9868212746930.00.0296957328360.007670030024220.2038211.07.00.9672793331910.2525457452520.02431744511760.0-0.2531924864760.9547067596050.1562964105690.00.0162559642574-0.157339282190.9874108030130.00.0296957328360.007670030024220.2038211.015.310.993549708999-0.0986257616808-0.05596369252620.00.1058345467870.9837067755910.145327314580.00.0407188464316-0.1503128031450.9877995934180.00.0296957328360.007670030024220.2038211.032.110.991860039726-0.127325558971-0.001365147450.00.1256492959750.9769518830090.1725609246230.0-0.0206377328123-0.1713278153680.9849979003360.00.0296957328360.007670030024220.2038211.075.690.988374159579-0.1276754036420.08255611413650.00.1082546321690.9722209156470.2075269278740.0-0.106758865161-0.1961771711580.9747394842860.00.0296957328360.007670030024220.2038211.0124.00.995760739191-0.0906222691058-0.01575292442730.00.09197698873310.9826518286550.1610453885840.00.000885341452611-0.1618115817330.9868212746930.00.0296957328360.007670030024220.2038211.0joint20joint191.00.904652287310.412252784664-0.1079438770960.0-0.4129026031290.910610677480.01730995058310.00.1054309223830.02891082145680.9940062801650.0	0.1226206	-0.4972910.0995181.015.31-0.08317359311220.995724304377-0.04019033567360.0-0.988508947898-0.07732830834910.1298860756740.00.1262228716790.05053159804130.9907140577710.0	0.1226206	-0.4972910.0995181.032.11-0.08238279398130.985773840256-0.1465025976690.0-0.99646315918-0.07903382495710.0285451731310.00.01656042427820.1483360724180.9887983424170.0	0.1226206	-0.4972910.0995181.075.69-0.08324234771980.995765042086-0.03902169274450.0-0.988622687964-0.07759567491520.1288568666260.00.1252832486340.04930407886770.9908951586410.0	0.1226206	-0.4972910.0995181.0124.00.904652287310.412252784664-0.1079438770960.0-0.4129026031290.910610677480.01730995058310.00.1054309223830.02891082145680.9940062801650.0	0.1226206	-0.4972910.0995181.0joint21joint201.01.00.00.00.00.01.00.00.00.00.01.00.00.338678	-0.3050910.0479821.032.110.945379264955-0.325972461097-0.00.00.3259724610970.9453792649550.00.00.0-0.01.00.00.338678	-0.3050910.0479821.0124.01.00.00.00.00.01.00.00.00.00.01.00.00.338678	-0.3050910.0479821.0joint12joint31.00.995722646291-0.0861964178919-0.03326543560510.00.08247514091820.991514452914-0.1004835349380.00.04164448095370.0973101598280.9943824566030.00.02969568987230.00766960293505-0.203820539681.07.00.9637146549150.250683632731-0.09171575755290.0-0.2583780187360.962329178199-0.08463658914260.00.06704374196560.1052628570220.9921818722370.00.02969568987230.00766960293505-0.203820539681.015.310.988600679247-0.116429144543-0.09546177922510.00.1037917936550.986316901879-0.12808681680.00.109068604840.11671856480.9871579488960.00.02969568987230.00766960293505-0.203820539681.032.110.99108332437-0.122286345144-0.05291402410810.00.1160161000760.987285289764-0.1086647189210.00.06552944894720.1015569121540.9926691719370.00.02969568987230.00766960293505-0.203820539681.075.690.99571988992-0.08134035709590.04388219599010.00.08414584614080.994238336864-0.06640486493070.0-0.03822796613280.0698131493110.996827340510.00.02969568987230.00766960293505-0.203820539681.0124.00.995722646291-0.0861964178919-0.03326543560510.00.08247514091820.991514452914-0.1004835349380.00.04164448095370.0973101598280.9943824566030.00.02969568987230.00766960293505-0.203820539681.0joint13joint121.00.9083086189540.4045556743370.1063492317560.0-0.4051590379920.914091054386-0.01684334364970.0-0.104026951637-0.02778939822040.9941861710360.00.122620764261-0.497290845058-0.0995183014291.015.31-0.06650325903960.9970021860610.03954690288350.0-0.990060507746-0.0610138463234-0.1267181974260.0-0.123925411192-0.0475809998570.9911501101820.00.122620764261-0.497290845058-0.0995183014291.032.11-0.07915253288130.986252182080.145056919450.0-0.996722024427-0.075856088626-0.02812578604260.0-0.0167356673196-0.1468076536160.9890234730680.00.122620764261-0.497290845058-0.0995183014291.075.69-0.08802438678260.9953466982960.03920022349910.0-0.98812498226-0.0822749946528-0.1297684271660.0-0.125939377344-0.05015750637470.9907691445480.00.122620764261-0.497290845058-0.0995183014291.0124.00.9083086189540.4045556743370.1063492317560.0-0.4051590379920.914091054386-0.01684334364970.0-0.104026951637-0.02778939822040.9941861710360.00.122620764261-0.497290845058-0.0995183014291.0joint14joint131.01.00.00.00.00.01.00.00.00.00.01.00.00.338677723822-0.305090720906-0.0479820381891.032.110.945379264955-0.325972461097-0.00.00.3259724610970.9453792649550.00.00.0-0.01.00.00.338677723822-0.305090720906-0.0479820381891.0124.01.00.00.00.00.01.00.00.00.00.01.00.00.338677723822-0.305090720906-0.0479820381891.0joint7joint1	1.00.9111763349620.4120166096230.00.0-0.4120166096230.9111763349620.00.00.00.01.00.0-0.158216451462-0.02680740675540.01.012.00.7579858491030.6522709962590.00.0-0.6522709962590.7579858491030.00.00.00.01.00.0-0.158216451462-0.02680740675540.01.024.00.9684500283230.2492078302150.00.0-0.2492078302150.9684500283230.00.00.00.01.00.0-0.158216451462-0.02680740675540.01.037.00.9072821609670.420522389880.00.0-0.420522389880.9072821609670.00.00.00.01.00.0-0.158216451462-0.02680740675540.01.067.00.90823292770.4184649914170.00.0-0.4184649914170.90823292770.00.00.00.01.00.0-0.158216451462-0.02680740675540.01.077.00.9088895381120.4170369378250.00.0-0.4170369378250.9088895381120.00.00.00.01.00.0-0.158216451462-0.02680740675540.01.094.00.9710813408150.238748883810.00.0-0.238748883810.9710813408150.00.00.00.01.00.0-0.158216451462-0.02680740675540.01.0109.00.9833834412060.1815406498880.00.0-0.1815406498880.9833834412060.00.00.00.01.00.0-0.158216451462-0.02680740675540.01.0124.00.9111763349620.4120166096230.00.0-0.4120166096230.9111763349620.00.00.00.01.00.0-0.158216451462-0.02680740675540.01.0joint15joint11.00.963642856729-0.2314558815450.1334938933930.00.2263428602220.9726321000650.05249483355670.0-0.141990683854-0.02037088171930.9896583616970.00.06001215428820.01063944752560.136291.015.310.978946985620.1682005897080.1156346010860.0-0.1628260532820.985147371567-0.05451910369160.0-0.1230872687130.03454298650010.9917944879680.00.06001215428820.01063944752560.136291.032.110.9781452075910.1680552409240.1224311596930.0-0.1634654344060.985443705195-0.04668785329650.0-0.1284951540740.02565423725060.991378260550.00.06001215428820.01063944752560.136291.075.690.9786394498790.1677952740840.1187837241990.0-0.1630055435990.985406577279-0.04902112005370.0-0.1252757753750.0286115964280.9917093105610.00.06001215428820.01063944752560.136291.0124.00.963642856729-0.2314558815450.1334938933930.00.2263428602220.9726321000650.05249483355670.0-0.141990683854-0.02037088171930.9896583616970.00.06001215428820.01063944752560.136291.0joint16joint151.00.9977162406820.0383003063684-0.05563622570520.0-0.03996015233060.998779364093-0.02903391271950.00.05445630637820.03119083830510.9980288784910.00.2452410.045420.3660851.015.310.9992620702480.0111983288808-0.0367411539460.0-0.0106553850690.9998316120590.01494022410840.00.0369022727218-0.01453770812940.9992131290720.00.2452410.045420.3660851.032.110.99969797824-0.00839190423251-0.02309823037660.00.009463816957170.9988643354920.04669556135740.00.0226801338571-0.04690005570610.9986420761730.00.2452410.045420.3660851.075.690.9991502484340.0140687150797-0.03874083517720.0-0.01367984716040.9998535342470.0102845435340.00.0388798512843-0.009745835522920.9991963650120.00.2452410.045420.3660851.0124.00.9977162406820.0383003063684-0.05563622570520.0-0.03996015233060.998779364093-0.02903391271950.00.05445630637820.03119083830510.9980288784910.00.2452410.045420.3660851.0joint17joint161.00.9997840841070.00666527220383-0.01968144589830.0-0.006599374943750.9999724054460.003411245553350.00.0197036396777-0.00328062377030.9998004821420.0	-0.357199	-0.447701	-0.2292471.015.310.9993722335570.0216395526037-0.02805117749260.0-0.02190438156010.999718031009-0.009168235578910.00.02784487141430.009776923763280.9995644425940.0	-0.357199	-0.447701	-0.2292471.032.110.9988922685650.0324367890854-0.03408944873460.0-0.03307209506230.99928650262-0.01824067459990.00.03347345708750.01934787832040.999252314120.0	-0.357199	-0.447701	-0.2292471.075.690.9994297267720.0200559190583-0.02716581223130.0-0.02027566089860.999763705874-0.007837728827690.00.02700220025450.008384063977610.9996002144120.0	-0.357199	-0.447701	-0.2292471.0124.00.9997840841070.00666527220383-0.01968144589830.0-0.006599374943750.9999724054460.003411245553350.00.0197036396777-0.00328062377030.9998004821420.0	-0.357199	-0.447701	-0.2292471.0joint18joint171.01.00.00.00.00.01.00.00.00.00.01.00.00.124398
-0.11505210.1759341.0124.01.00.00.00.00.01.00.00.00.00.01.00.00.124398
-0.11505210.1759341.0joint8joint11.00.963642881445-0.231455857252-0.1334937571010.00.2263428554170.972632107534-0.05249471588370.00.1419905237780.02037080111220.9896583863230.00.06001210601690.0106396369923-0.136290263711.015.310.9789470004170.16820061239-0.115634442820.0-0.1628260867810.9851473683170.0545190623770.00.123087106709-0.0345429687580.9917945086920.00.06001210601690.0106396369923-0.136290263711.032.110.9781452260350.168055264214-0.1224309803730.0-0.1634654682430.9854437016650.04668780933260.00.128494970631-0.02565422027860.9913782847650.00.06001210601690.0106396369923-0.136290263711.075.690.9786394653840.16779529683-0.1187835643250.0-0.1630055750490.9854065736140.04902108915650.00.125275613329-0.02861158927550.9917093312380.00.06001210601690.0106396369923-0.136290263711.0124.00.963642881445-0.231455857252-0.1334937571010.00.2263428554170.972632107534-0.05249471588370.00.1419905237780.02037080111220.9896583863230.00.06001210601690.0106396369923-0.136290263711.0joint9joint81.00.9977162437020.03830034973590.05563614170020.0-0.03996018944970.9987793645610.02903384552310.0-0.0544562238163-0.03119077005810.9980288851290.00.2452415285210.0454193511367-0.3660851802571.015.310.9992620740970.01119833773790.03674104657030.0-0.01065539510660.999831611795-0.01494023460270.0-0.03690216560440.01453771944880.9992131328640.00.2452415285210.0454193511367-0.3660851802571.032.110.999697980981-0.008391921021530.02309810563940.00.009463827212070.998864336768-0.04669553199350.0-0.02268000875350.04690002553550.9986420804310.00.2452415285210.0454193511367-0.3660851802571.075.690.9991502523230.01406872764530.03874073031120.0-0.01367986011950.999853533901-0.01028455995230.0-0.03887974678040.009745852899740.9991963689090.00.2452415285210.0454193511367-0.3660851802571.0124.00.9977162437020.03830034973590.05563614170020.0-0.03996018944970.9987793645610.02903384552310.0-0.0544562238163-0.03119077005810.9980288851290.00.2452415285210.0454193511367-0.3660851802571.0joint10joint91.00.9997840859540.00666514369310.01968139558460.0-0.006599245960430.999972406191-0.003411276683750.0-0.01970358914920.003280657770890.9998004830260.0-0.357199617629-0.4477009075470.2292475157921.015.310.999372238630.02163940376720.02805111156350.0-0.0219042321920.9997180342280.00916824150160.0-0.0278448068304-0.009776924094680.999564444390.0-0.357199617629-0.4477009075470.2292475157921.032.110.9988922764860.03243662603920.03408937176610.0-0.03307193156610.9992865074290.01824070759270.0-0.0334733822417-0.01934790330210.9992523161440.0-0.357199617629-0.4477009075470.2292475157921.075.690.9994297314640.02005577233840.02716574793730.0-0.02027551364370.9997637088440.007837730805520.0-0.0270021371666-0.00838406068720.9996002161440.0-0.357199617629-0.4477009075470.2292475157921.0124.00.9997840859540.00666514369310.01968139558460.0-0.006599245960430.999972406191-0.003411276683750.0-0.01970358914920.003280657770890.9998004830260.0-0.357199617629-0.4477009075470.2292475157921.0joint11joint101.01.00.00.00.00.01.00.00.00.00.01.00.00.124397876786-0.115051766378-0.1759341400261.0124.01.00.00.00.00.01.00.00.00.00.01.00.00.124397876786-0.115051766378-0.1759341400261.0