joint1root1.00.984124051119-0.177481976574-0.00.00.1774819765740.9841240511190.00.00.0-0.01.00.0-0.3800799249520.7904866509190.01.07.00.958137596393-0.286308131875-0.00.00.2863081318750.9581375963930.00.00.0-0.01.00.0-0.3103111556380.7772759226840.01.010.00.928357806207-0.371687750207-0.00.00.3716877502070.9283578062070.00.00.0-0.01.00.0-0.271635981150.7666011843120.01.017.00.830675200876-0.556757317553-0.00.00.5567573175530.8306752008760.00.00.0-0.01.00.0-0.2397275234370.7418599545990.01.019.00.819526541527-0.573041226905-0.00.00.5730412269050.8195265415270.00.00.0-0.01.00.0-0.2375188275760.7395309913790.01.022.00.834274299854-0.551349610141-0.00.00.5513496101410.8342742998540.00.00.0-0.01.00.0-0.2434784932370.7426265489150.01.029.00.927909393805-0.372805789772-0.00.00.3728057897720.9279093938050.00.00.0-0.01.00.0-0.2859000133890.7664590257490.01.039.00.984124051119-0.177481976574-0.00.00.1774819765740.9841240511190.00.00.0-0.01.00.0-0.3800799249520.7904866509190.01.0joint2joint11.00.9853786552090.1703787130470.00.0-0.1703787130470.9853786552090.00.00.00.01.00.00.2096855762950.176679513360.01.010.00.8511211108710.5249693844690.00.0-0.5249693844690.8511211108710.00.00.00.01.00.00.2096855762950.176679513360.01.019.00.7902830084070.60172067269-0.1156935550510.0-0.6098327802860.790760822645-0.05292732241920.00.05963846671720.1123812859260.9918738326330.00.2096855762950.176679513360.01.030.00.8881549149330.4595441731550.00.0-0.4595441731550.8881549149330.00.00.00.01.00.00.2096855762950.176679513360.01.039.00.9853786552090.1703787130470.00.0-0.1703787130470.9853786552090.00.00.00.01.00.00.2096855762950.176679513360.01.0joint3joint21.00.9931310840090.1170070509670.00.0-0.1170070509670.9931310840090.00.00.00.01.00.00.1902702451570.2582239041410.01.019.00.9663455823990.240220430015-0.09203456079720.0-0.2118603103970.9461056671270.2449474954120.00.145915812221-0.2172054594930.9651582067780.00.1902702451570.2582239041410.01.039.00.9931310840090.1170070509670.00.0-0.1170070509670.9931310840090.00.00.00.01.00.00.1902702451570.2582239041410.01.0joint4joint31.01.00.00.00.00.01.00.00.00.00.01.00.00.221334774978-0.1883287120430.01.021.01.323834645630.2564170285970.2978042630650.0-0.216968796191.34942092171-0.1973903699390.0-0.3276608202610.1424384923751.333913379260.00.221334774978-0.1883287120430.01.039.01.00.00.00.00.01.00.00.00.00.01.00.00.221334774978-0.1883287120430.01.0joint5joint31.00.8635846408630.504203895330.00.0-0.504203895330.8635846408630.00.00.00.01.00.00.2621069703690.2873469008490.01.06.00.951276307790.3083397253640.00.0-0.3083397253640.951276307790.00.00.00.01.00.00.2621069703690.2873469008490.01.015.00.6380876306480.7197337430340.2735461839460.0-0.7594941965270.646738364710.06998609185550.0-0.126541459827-0.252413998720.9593093516670.00.2621069703690.2873469008490.01.027.00.4710775525520.8709367565560.1398395708030.0-0.8795132627830.475873371403-0.0009772294896670.0-0.0673970330958-0.1225304063070.9901736915610.00.2621069703690.2873469008490.01.039.00.8635846408630.504203895330.00.0-0.504203895330.8635846408630.00.00.00.01.00.00.2621069703690.2873469008490.01.0joint6joint51.01.00.00.00.00.01.00.00.00.00.01.00.00.112608920603-0.06212905964310.01.021.00.952647805418-0.304075909655-0.00.00.3040759096550.9526478054180.00.00.0-0.01.00.00.112608920603-0.06212905964310.01.039.01.00.00.00.00.01.00.00.00.00.01.00.00.112608920603-0.06212905964310.01.0joint19joint31.00.558539954728-0.8293040867260.01696616372310.00.8129694370710.5513698313250.1872752078960.0-0.164662726081-0.09080771356890.9821609571730.00.0296957328360.007670030024220.2038211.07.00.494095089319-0.8369965979050.2351738459230.00.8600924177660.5100701941620.0083324623960.0-0.1269294119290.1981542129830.9719176056970.00.0296957328360.007670030024220.2038211.010.00.502149347157-0.8194946774770.2761783965790.00.8607742223990.504355257408-0.06850921382240.0-0.08314909021140.2721291015540.9586615570080.00.0296957328360.007670030024220.2038211.017.00.739954892744-0.5689323078240.3588631853770.00.661709909140.711524265634-0.2363751585060.0-0.1208583999970.4123702808490.9029640073790.00.0296957328360.007670030024220.2038211.019.00.80345145432-0.5045218252320.3161067674330.00.5848305519380.768259418675-0.2602896293310.0-0.1115302025080.39399897650.9123189247440.00.0296957328360.007670030024220.2038211.022.00.881809456612-0.4294405454310.1949176753660.00.4686659757550.844040180611-0.2606690942240.0-0.05257647191910.3212117548510.9455467852760.00.0296957328360.007670030024220.2038211.029.00.759476783103-0.6442014699790.09055099118990.00.6498805167640.757566780474-0.06121998900170.0-0.02916041595740.1053424852570.9940083656290.00.0296957328360.007670030024220.2038211.039.00.559053566996-0.8289787933910.01591443802890.00.8126568631260.5516515917450.1878013422210.0-0.164462555142-0.09205803296840.9820780959380.00.0296957328360.007670030024220.2038211.0joint20joint191.00.9269921431140.361502607965-0.1000071549390.0-0.362203945340.9320255156590.01169359399020.00.09743648487520.02538311632740.9949180010540.0	0.1226206	-0.4972910.0995181.07.00.5310875227690.820019413955-0.2133405819270.0-0.8327598384980.5516187120590.04720008358840.00.1563876419150.1525940930840.975837050030.0	0.1226206	-0.4972910.0995181.010.00.3088082550130.919616216797-0.2427827741850.0-0.942863746130.3295540113920.04901132326850.00.1250816448140.2137759747490.9688417903610.0	0.1226206	-0.4972910.0995181.017.00.3790356511990.894182053033-0.2382654636190.0-0.9144080160450.4014481851990.0519358719330.00.1420913625570.1981863028410.9698104113960.0	0.1226206	-0.4972910.0995181.019.00.5623011780980.800709769056-0.2065944114610.0-0.8120185196820.5818848284430.04512172560430.00.1563435601580.1423864887040.9773856859150.0	0.1226206	-0.4972910.0995181.022.00.8129476246430.564523226867-0.1429324522780.0-0.5671966943620.8231947151630.02526600152180.00.1319244840490.06053087852750.989409896480.0	0.1226206	-0.4972910.0995181.029.00.880333969480.458954557697-0.1198866804440.0-0.4602861741990.8875882443580.01799295191940.00.1146679555070.03934237469310.9926245199130.0	0.1226206	-0.4972910.0995181.039.00.9287311650780.357246943667-0.09916170759990.0-0.3579300974090.9336784826120.01142525603070.00.09666679048270.02488196831580.995005738310.0	0.1226206	-0.4972910.0995181.0joint21joint201.01.00.00.00.00.01.00.00.00.00.01.00.00.338678	-0.3050910.0479821.07.00.7053400251920.7088691338050.00.0-0.7088691338050.7053400251920.00.00.00.01.00.00.338678	-0.3050910.0479821.010.00.560431936490.8282004857290.00.0-0.8282004857290.560431936490.00.00.00.01.00.00.338678	-0.3050910.0479821.017.00.3962239284320.9181539078710.00.0-0.9181539078710.3962239284320.00.00.00.01.00.00.338678	-0.3050910.0479821.019.00.8616460355570.507509713610.00.0-0.507509713610.8616460355570.00.00.00.01.00.00.338678	-0.3050910.0479821.022.00.808314439101-0.588751023388-0.00.00.5887510233880.8083144391010.00.00.0-0.01.00.00.338678	-0.3050910.0479821.029.00.922144096915-0.386846564577-0.00.00.3868465645770.9221440969150.00.00.0-0.01.00.00.338678	-0.3050910.0479821.039.01.00.00.00.00.01.00.00.00.00.01.00.00.338678	-0.3050910.0479821.0joint12joint31.00.563176777069-0.822722323711-0.07720036164090.00.8111131663380.568234039117-0.1385839391190.00.1578839737380.01542902641360.9873371237730.00.02969568987230.00766960293505-0.203820539681.07.00.566857658087-0.800493753296-0.1946333640510.00.7964225198560.592912985575-0.1190183238130.00.210674073712-0.08754394593910.9736285185810.00.02969568987230.00766960293505-0.203820539681.010.00.648260493607-0.741347941041-0.1736708459760.00.7272950195010.670403058061-0.1469751487530.00.225389190151-0.03103175883230.9737744825710.00.02969568987230.00766960293505-0.203820539681.017.00.872464399007-0.488030626935-0.02513920521640.00.4667163864690.847400827241-0.2531553921840.00.1448505680560.209136188080.9670989441460.00.02969568987230.00766960293505-0.203820539681.019.00.925686383546-0.3781348298090.01089815591460.00.367414925220.891838605229-0.2638753018920.00.09006104620120.2482699190560.9644952333990.00.02969568987230.00766960293505-0.203820539681.022.00.983184719196-0.182582527851-0.003380601100680.00.1755774841120.950228688499-0.2573674156270.00.05020313748180.2524461528270.9663077071560.00.02969568987230.00766960293505-0.203820539681.029.00.857519981081-0.511284787541-0.05698550759530.00.4961038735190.851167639046-0.1714485255710.00.1361632429310.1187498053520.9835436213020.00.02969568987230.00766960293505-0.203820539681.039.00.563176777069-0.822722323711-0.07720036164090.00.8111131663380.568234039117-0.1385839391190.00.1578839737380.01542902641360.9873371237730.00.02969568987230.00766960293505-0.203820539681.0joint13joint121.00.9321216931070.3494335084810.09510716265960.0-0.3497799087810.936733896684-0.0135507274910.0-0.0938251813303-0.02063564762780.995374806490.00.122620764261-0.497290845058-0.0995183014291.07.00.3756564147630.8955480782850.2384866820770.0-0.915923811120.397996219385-0.05179364418250.0-0.141300496356-0.1989790160690.9697636417670.00.122620764261-0.497290845058-0.0995183014291.010.00.3198039287680.9160352630850.2420843735750.0-0.9388222496010.340831420953-0.04946439270810.0-0.127821089024-0.211455289070.9689935138720.00.122620764261-0.497290845058-0.0995183014291.017.00.6253215500950.7564625146750.1916700886380.0-0.764890417170.642818417224-0.04155878004650.0-0.154646722268-0.1206190132990.9805791375110.00.122620764261-0.497290845058-0.0995183014291.019.00.8356002957640.5327532522970.1339631213620.0-0.5345907705380.844744099933-0.02490208193150.0-0.126431221517-0.05080726124560.9906733914010.00.122620764261-0.497290845058-0.0995183014291.022.00.9991963682450.02347264305320.03249080969880.0-0.02364283129670.9997086377890.004863749352650.0-0.0323671780522-0.005628015421620.9994601999220.00.122620764261-0.497290845058-0.0995183014291.029.00.9835543542920.1702978475130.06016207514860.0-0.1704108686560.985367619011-0.003285003727440.0-0.0598411898078-0.007021291766240.9981832163810.00.122620764261-0.497290845058-0.0995183014291.039.00.9321216931070.3494335084810.09510716265960.0-0.3497799087810.936733896684-0.0135507274910.0-0.0938251813303-0.02063564762780.995374806490.00.122620764261-0.497290845058-0.0995183014291.0joint14joint131.01.00.00.00.00.01.00.00.00.00.01.00.00.338677723822-0.305090720906-0.0479820381891.07.00.7053400251920.7088691338050.00.0-0.7088691338050.7053400251920.00.00.00.01.00.00.338677723822-0.305090720906-0.0479820381891.010.00.560431936490.8282004857290.00.0-0.8282004857290.560431936490.00.00.00.01.00.00.338677723822-0.305090720906-0.0479820381891.017.00.3962239284320.9181539078710.00.0-0.9181539078710.3962239284320.00.00.00.01.00.00.338677723822-0.305090720906-0.0479820381891.019.00.8616460355570.507509713610.00.0-0.507509713610.8616460355570.00.00.00.01.00.00.338677723822-0.305090720906-0.0479820381891.022.00.808314439101-0.588751023388-0.00.00.5887510233880.8083144391010.00.00.0-0.01.00.00.338677723822-0.305090720906-0.0479820381891.029.00.922144096915-0.386846564577-0.00.00.3868465645770.9221440969150.00.00.0-0.01.00.00.338677723822-0.305090720906-0.0479820381891.039.01.00.00.00.00.01.00.00.00.00.01.00.00.338677723822-0.305090720906-0.0479820381891.0joint7joint11.00.9111763349620.4120166096230.00.0-0.4120166096230.9111763349620.00.00.00.01.00.0-0.158216451462-0.02680740675540.01.010.00.598915466440.8008121191310.0004625054755180.0-0.8008088409560.5989111291030.003264916993830.00.00233758542006-0.002325787758030.9999945631880.0-0.158216451462-0.02680740675540.01.019.00.6492267717290.7605948980040.00.0-0.7605948980040.6492267717290.00.00.00.01.00.0-0.158216451462-0.02680740675540.01.030.00.7843366627760.55800297639-0.2710141652490.0-0.4819765994910.8232048604740.300053853890.00.390531121638-0.1047207526330.9146141301120.0-0.158216451462-0.02680740675540.01.039.00.9111763349620.4120166096230.00.0-0.4120166096230.9111763349620.00.00.00.01.00.0-0.158216451462-0.02680740675540.01.0joint15joint11.00.9200086079140.389634541272-0.04206049943510.0-0.3675118993210.8950450632960.2526446883020.00.13608513961-0.2169775539470.9666444930070.00.06001215428820.01063944752560.136291.07.00.984299600640.1019031539040.1441181577870.0-0.1287523124730.9730438799770.1913333469950.0-0.120735819923-0.206884883120.970886969180.00.06001215428820.01063944752560.136291.010.00.906546428856-0.1744512213840.3843700608620.00.06175721762690.9556178933760.2880633401370.0-0.41756390936-0.2374051667870.8770856106350.00.06001215428820.01063944752560.136291.017.00.613678747825-0.5752262902490.5408448108960.00.0738285505380.7238036104850.6860449537560.0-0.786096520532-0.3810814197180.4866510165950.00.06001215428820.01063944752560.136291.019.00.599723784836-0.6196683264690.5063028215140.00.07460698189820.6732584813710.7356336149970.0-0.796721519826-0.4034032503990.4500007082370.00.06001215428820.01063944752560.136291.022.00.590988141771-0.5410077457580.5983674751490.00.08236236147850.7783566555060.6223964638730.0-0.802464614608-0.3185459713440.5045582289920.00.06001215428820.01063944752560.136291.029.00.871779647976-0.2545399489860.4185805295810.00.1863223729050.9624872446080.1972366023890.0-0.453083015273-0.09395593827510.886503278580.00.06001215428820.01063944752560.136291.039.00.9197154179930.390295515249-0.04234336644560.0-0.368053963630.8947438082260.2529225128320.00.136600987411-0.2170320907560.9665594869540.00.06001215428820.01063944752560.136291.0joint16joint151.00.9695248521690.169220591937-0.1771608091290.0-0.2082949990130.950043207243-0.2324459028630.00.1289757900260.2622637901730.9563383030870.00.2452410.045420.3660851.07.00.9873164744750.112571695589-0.1119544219010.0-0.1286043330140.980562681121-0.148181489810.00.09309728654010.1606998498580.9826028971530.00.2452410.045420.3660851.010.00.9650342688810.180344918704-0.1902224229220.0-0.2251036350850.94200662556-0.2489013275830.00.1343026930340.2830180695620.9496649719480.00.2452410.045420.3660851.017.00.7173661217240.426986794321-0.5505162348910.0-0.696213041870.409921058717-0.5892810245970.0-0.02594701779960.8060068257130.5913372550180.00.2452410.045420.3660851.019.00.6704243829340.444088281798-0.594404529540.0-0.7362433389870.298753526605-0.6072001944490.0-0.09207004163020.8447081912180.5272486881190.00.2452410.045420.3660851.022.00.7631782750820.404605810165-0.5038383260770.0-0.6453712534390.516444133062-0.5628333702440.00.03247869575880.7547049726920.6552599015010.00.2452410.045420.3660851.029.00.9832305724970.128173377143-0.1297275094140.0-0.1495621116120.973773580794-0.1714531659630.00.1043494900670.1879803147680.9766138362640.00.2452410.045420.3660851.039.00.969428226880.169469229177-0.177451664660.0-0.2086665454660.949871503201-0.2328140893730.00.1291014551890.2627247757060.9561948057270.00.2452410.045420.3660851.0joint17joint161.00.992748974705-0.120170219884-0.002931121799230.00.1194311782250.9832928952540.1373727622570.0-0.0136259638062-0.1367267362130.9905150845470.0	-0.357199	-0.447701	-0.2292471.07.00.99909761487-0.0424728789762-0.0001025334138760.00.04242749799510.9979125751440.04868675162770.0-0.00196554712655-0.04864716766320.9988140916620.0	-0.357199	-0.447701	-0.2292471.010.00.990735479564-0.135760634774-0.003501368157540.00.1346558487750.9786718862370.1551423265230.0-0.0176355301499-0.154176486970.9878859240530.0	-0.357199	-0.447701	-0.2292471.017.00.825472205712-0.564077417273-0.02030529290480.00.447475943880.6320631757370.632662170140.0-0.344036215021-0.5313311671640.7741616585410.0	-0.357199	-0.447701	-0.2292471.019.00.788071187888-0.615169023641-0.02260254793140.00.4592961178930.5631477132680.6869583168790.0-0.409866903895-0.5517533193320.7263452317580.0	-0.357199	-0.447701	-0.2292471.022.00.860408899898-0.509288135139-0.01794771248830.00.4261076931120.6996706893450.5734920752220.0-0.279515221138-0.5010853439070.8190144805040.0	-0.357199	-0.447701	-0.2292471.029.00.997973524491-0.0636245701823-0.0008709097393430.00.06351887047320.9953184537170.07284592496480.0-0.00376795813033-0.07275362368480.997342826080.0	-0.357199	-0.447701	-0.2292471.039.00.99270686122-0.120517308718-0.002943804812590.00.1197712273930.983196164460.1377684843480.0-0.0137091493592-0.1371163027880.9904600843720.0	-0.357199	-0.447701	-0.2292471.0joint18joint171.01.00.00.00.00.01.00.00.00.00.01.00.00.124398
-0.11505210.1759341.039.01.00.00.00.00.01.00.00.00.00.01.00.00.124398
-0.11505210.1759341.0joint8joint11.00.9203537707350.3884904223660.04499031477920.0-0.3659693444240.896088816113-0.2511797614820.0-0.1378962495350.2147091646070.9668943060120.00.06001210601690.0106396369923-0.136290263711.07.00.9843703406970.101750396751-0.1437424402070.0-0.1285023421240.973108356856-0.1911734131230.00.1204249991670.2066566780380.9709741690680.00.06001210601690.0106396369923-0.136290263711.010.00.90745152273-0.175609437087-0.3816976021670.00.06406358465460.955673094019-0.2873757026780.00.4152440138230.2363266023420.8784771744390.00.06001210601690.0106396369923-0.136290263711.017.00.61932607105-0.582012015271-0.5269698585290.00.09081941826820.719785095149-0.6882305210220.00.7798634822730.3783800085650.4986396676310.00.06001210601690.0106396369923-0.136290263711.019.00.60534650659-0.627176253547-0.4901076962730.00.09447086209420.668002019186-0.7381385768120.00.7903359179330.4005287122660.4636225700670.00.06001210601690.0106396369923-0.136290263711.022.00.596456412618-0.547261597691-0.5871494626920.00.096212379910.774991397826-0.6246050842310.00.7968581591470.3160586606750.5149019297040.00.06001210601690.0106396369923-0.136290263711.029.00.872028120179-0.254961639456-0.4178056007550.00.1869940212830.962403386346-0.1970100453140.00.4523275291430.09367115007180.8869191180840.00.06001210601690.0106396369923-0.136290263711.039.00.9200619411970.3891468651220.04528511594850.0-0.3665059392520.895793323731-0.2514512232070.0-0.1384175597730.2147534365850.9668099816520.00.06001210601690.0106396369923-0.136290263711.0joint9joint81.00.9695037297140.1700526166790.1764783998980.0-0.20878339010.9501973478180.2313752281870.0-0.128343344542-0.2611649053010.956724034480.00.2452415285210.0454193511367-0.3660851802571.07.00.9873150432330.1126885843230.1118494003970.0-0.1286873678570.9805773167140.148012456570.0-0.0929976707239-0.1605285298910.9826403331490.00.2452415285210.0454193511367-0.3660851802571.010.00.9650056198650.1813267626340.1894327289110.0-0.2256594587950.9421979798930.2476706994020.0-0.133573808383-0.2817509038830.9501444447430.00.2452415285210.0454193511367-0.3660851802571.017.00.716064246960.432433437640.5479537537390.0-0.6974387968460.4108038157940.587213206240.00.028829132487-0.8026465890660.5957577814680.00.2452415285210.0454193511367-0.3660851802571.019.00.6687767970770.4500137379470.5917983029290.0-0.7373306138810.2994379305890.6055414862410.00.0952951285496-0.8413231016580.5320660457980.00.2452415285210.0454193511367-0.3660851802571.022.00.7621950684020.4095010530510.5013657001170.0-0.6466557455220.5174295044060.5604489760490.0-0.029916959864-0.7513824562240.6591884252560.00.2452415285210.0454193511367-0.3660851802571.029.00.9832260336760.1284797722410.1294585448220.0-0.1497684327080.9738175449690.1710228220870.0-0.104096029064-0.1875428943880.9767249763870.00.2452415285210.0454193511367-0.3660851802571.039.00.9694069541910.1703045638150.1767668314770.0-0.2091564775990.9500264460090.231739767330.0-0.128466824687-0.2616220698410.9565825461130.00.2452415285210.0454193511367-0.3660851802571.0joint10joint91.00.992666691522-0.120883131660.000328669351120.00.1197634819390.983095826016-0.1384893687750.00.01641791513190.1375131460990.9903638658150.0-0.357199617629-0.4477009075470.2292475157921.07.00.999093400294-0.0425711355046-0.0002755180934450.00.04250688099040.997901536602-0.04884350843640.00.002354263544980.04878751551130.9988064055530.0-0.357199617629-0.4477009075470.2292475157921.010.00.990625493363-0.1366050105550.0004505438534820.00.1349924761820.978415768582-0.1564596279060.00.02093234991080.1550537161160.98768425210.0-0.357199617629-0.4477009075470.2292475157921.017.00.82223007189-0.569140838530.004051517966010.00.4396494860420.630602794804-0.6395689521920.00.3614499111960.5276540733310.7687230584510.0-0.357199617629-0.4477009075470.2292475157921.019.00.784011182825-0.6207300594880.004545157132890.00.4491705513250.562239195779-0.6943579066680.00.4284533592210.5464259144460.7196154799570.0-0.357199617629-0.4477009075470.2292475157921.022.00.857906253874-0.5137940160520.003545226907540.00.4203896108990.697943937295-0.5797817136140.00.2954140054450.4988887345520.8147641351490.0-0.357199617629-0.4477009075470.2292475157921.029.00.997957356804-0.0638835000559-0.0001114477549240.00.06370370364970.995276464082-0.07325706918080.00.004790839310550.07310033149210.9973130849410.0-0.357199617629-0.4477009075470.2292475157921.039.00.992624008496-0.121233114060.000331379706720.00.120103800460.982997851713-0.1388895267570.00.01651226429940.137904878750.990307825650.0-0.357199617629-0.4477009075470.2292475157921.0joint11joint101.01.00.00.00.00.01.00.00.00.00.01.00.00.124397876786-0.115051766378-0.1759341400261.039.01.00.00.00.00.01.00.00.00.00.01.00.00.124397876786-0.115051766378-0.1759341400261.0