joint1root
1.00.9963279732570.08561874623170.00.0-0.08561874623170.9963279732570.00.00.00.01.00.0-0.3110762453180.5924904683470.01.022.00.9744398405330.222810794303-0.02867659541570.0-0.217619257020.9679094771940.1256706128430.00.0557571175445-0.116217872550.9916574761190.0-0.279898092140.6111285236230.01.023.00.9738715182670.225143527267-0.02974320154590.0-0.2195035699090.9667792129690.1309814344410.00.0582447311382-0.1210303495040.990938547940.0-0.2793917041280.6115677277560.01.048.00.9667660557250.248841497337-0.05866261758250.0-0.2229881201690.9329513046410.2826272482110.00.12505875324-0.2601533631750.9574343506830.0-0.2772366158660.6196331769810.01.074.00.961649898860.263281750116-0.07689078019730.0-0.216825262220.9014121383050.3747572048410.00.167977015353-0.3437133645540.9239290261380.0-0.2707742751010.6246944736420.01.086.00.978886159295-0.192827298949-0.0678197605410.00.2000655723880.9718387142690.1245121688520.00.0419005236802-0.1354516379650.9898975704020.00.05267073624470.5240165626480.01.097.00.818595964233-0.561136720258-0.1225815178560.00.5725314172770.8142380596650.09604248238630.00.0459175736785-0.1488017586270.9878003913020.00.1901734839120.2567427397950.01.099.00.818595964233-0.561136720258-0.1225815178560.00.5725314172770.8142380596650.09604248238630.00.0459175736785-0.1488017586270.9878003913020.00.1901734839120.2567427397950.01.0108.00.818595964233-0.561136720258-0.1225815178560.00.5725314172770.8142380596650.09604248238630.00.0459175736785-0.1488017586270.9878003913020.00.1901734839120.2567427397950.01.0116.00.818595964233-0.561136720258-0.1225815178560.00.5725314172770.8142380596650.09604248238630.00.0459175736785-0.1488017586270.9878003913020.00.1901734839120.2567427397950.01.0joint2joint11.00.95485293891-0.297078886922-0.00.00.2970788869220.954852938910.00.00.0-0.01.00.00.2096855762950.176679513360.01.023.00.942890783454-0.33304745258-0.006030323921340.00.3325586431460.942231993558-0.04004521425070.00.01901892072440.03575282709740.9991796715350.00.2096855762950.176679513360.01.048.00.952939903067-0.301355751098-0.03301897065090.00.3008474223910.953472298209-0.01952959263790.00.03736802888910.008676855904950.9992639003730.00.2096855762950.176679513360.01.074.00.989120428614-0.10472649493-0.1033108849960.00.1194907641280.9815930382010.1489867935230.00.085806380806-0.1597105776590.9834275755730.00.2096855762950.176679513360.01.079.00.993530417085-0.0373519716486-0.1072480328090.00.05620405632670.9823250915370.1785455644610.00.0986834047848-0.1834182236050.9780691902260.00.2096855762950.176679513360.01.086.00.9770783221830.200789144013-0.07072249971950.0-0.1834396750330.9627026906780.1988804037250.00.108017766796-0.1813484188210.9774686250960.00.2096855762950.176679513360.01.093.00.9361863359280.34984598226-0.03410180520410.0-0.3357089004590.9186557814470.2082572672570.00.104185788735-0.1835193284350.9774794000470.00.2096855762950.176679513360.01.099.00.9923365193550.0920945450795-0.08238220148010.0-0.07552731135030.9797410758130.1854805909110.00.097794977347-0.1778370578120.9791885024210.00.2096855762950.176679513360.01.0105.00.976730598717-0.170220268544-0.1304699111190.00.1904177595460.9681853208070.1623522756940.00.0986834047848-0.1834182236050.9780691902260.00.2096855762950.176679513360.01.0108.00.976730598717-0.170220268544-0.1304699111190.00.1904177595460.9681853208070.1623522756940.00.0986834047848-0.1834182236050.9780691902260.00.2096855762950.176679513360.01.0116.00.976730598717-0.170220268544-0.1304699111190.00.1904177595460.9681853208070.1623522756940.00.0986834047848-0.1834182236050.9780691902260.00.2096855762950.176679513360.01.0joint3joint2
1.00.997634416154-0.0687427938446-0.00.00.06874279384460.9976344161540.00.00.0-0.01.00.00.1902702451570.2582239041410.01.023.00.997634416154-0.0687427938446-0.00.00.06874279384460.9976344161540.00.00.0-0.01.00.00.1902702451570.2582239041410.01.048.00.997634416154-0.0687427938446-0.00.00.06874279384460.9976344161540.00.00.0-0.01.00.00.1902702451570.2582239041410.01.074.00.997634416154-0.0687427938446-0.00.00.06874279384460.9976344161540.00.00.0-0.01.00.00.1902702451570.2582239041410.01.079.00.997634416154-0.0687427938446-0.00.00.06874279384460.9976344161540.00.00.0-0.01.00.00.1902702451570.2582239041410.01.086.00.997803534160.06624278993670.00.0-0.06624278993670.997803534160.00.00.00.01.00.00.1902702451570.2582239041410.01.093.00.9797914964250.200021557670.00.0-0.200021557670.9797914964250.00.00.00.01.00.00.1902702451570.2582239041410.01.099.00.9797914964250.200021557670.00.0-0.200021557670.9797914964250.00.00.00.01.00.00.1902702451570.2582239041410.01.0108.00.9936070792420.1128936317090.00.0-0.1128936317090.9936070792420.00.00.00.01.00.00.1902702451570.2582239041410.01.0116.00.979102683960.2033665023130.00.0-0.2033665023130.979102683960.00.00.00.01.00.00.1902702451570.2582239041410.01.0joint4joint31.01.00.00.00.00.01.00.00.00.00.01.00.00.221334774978-0.1883287120430.01.029.01.00.00.00.00.01.00.00.00.00.01.00.00.221334774978-0.1883287120430.01.054.02.108371518880.00.00.00.02.108371518880.00.00.00.02.108371518880.00.221334774978-0.1883287120430.01.077.02.584399722680.00.00.00.02.584399722680.00.00.00.02.584399722680.00.221334774978-0.1883287120430.01.098.00.7253074591830.00.00.00.00.7253074591830.00.00.00.00.7253074591830.00.221334774978-0.1883287120430.01.0joint5joint31.00.9815114782910.1914032862390.00.0-0.1914032862390.9815114782910.00.00.00.01.00.00.2621069703690.2873469008490.01.069.00.9815114782910.1914032862390.00.0-0.1914032862390.9815114782910.00.00.00.01.00.00.2621069703690.2873469008490.01.083.00.9080900702140.3336410760450.2530929804530.0-0.3971037825770.877941549150.2674457368130.0-0.132969959924-0.3433689978030.9297401363320.00.2621069703690.2873469008490.01.099.00.9004152117360.3806332206790.2106437698830.0-0.4208871546790.8846743095350.2005127653670.0-0.11002931201-0.2692020010410.9567778389650.00.2621069703690.2873469008490.01.0108.00.989474645431-0.144706344194-0.00.00.1447063441940.9894746454310.00.00.0-0.01.00.00.2621069703690.2873469008490.01.0116.00.97983388179-0.171012337822-0.103345751770.00.0919927439370.845220105289-0.5264411730450.00.1773778429210.506317838840.8439071909360.00.2621069703690.2873469008490.01.0125.00.987431946549-0.157364243058-0.01465080003070.00.1412038818440.920053618217-0.3654624513660.00.07099024360320.3588005499060.9307107771480.00.2621069703690.2873469008490.01.0138.670.975954434028-0.2083620282620.06401724673340.00.2178523293560.942228866633-0.2544506346570.0-0.007301047504920.2622785314550.9649645934660.00.2621069703690.2873469008490.01.0joint6joint51.01.00.00.00.00.01.00.00.00.00.01.00.00.112608920603-0.06212905964310.01.039.00.9921147016730.1253332307250.00.0-0.1253332307250.9921147016730.00.00.00.01.00.00.112608920603-0.06212905964310.01.072.00.895273134988-0.445517691869-0.00.00.4455176918690.8952731349880.00.00.0-0.01.00.00.112608920603-0.06212905964310.01.092.00.677055029713-0.735932392778-0.00.00.7359323927780.6770550297130.00.00.0-0.01.00.00.112608920603-0.06212905964310.01.0113.00.975570048119-0.219688600552-0.00.00.2196886005520.9755700481190.00.00.0-0.01.00.00.112608920603-0.06212905964310.01.0joint19joint31.00.995760739191-0.0906222691058-0.01575292442730.00.09197698873310.9826518286550.1610453885840.00.000885341452611-0.1618115817330.9868212746930.00.0296957328360.007670030024220.2038211.023.00.994124566381-0.09157208557730.05771394684050.00.08417159467120.9892339073840.1197139053390.0-0.068055045128-0.1141526592940.9911294976990.00.0296957328360.007670030024220.2038211.048.00.970632222671-0.1689335188680.1712733327660.00.1677330555020.9855965972820.02156315186620.0-0.1724491531020.007798309407170.9849875511730.00.0296957328360.007670030024220.2038211.074.00.894134139368-0.308379809520.3246937540170.00.3646479509890.922274731237-0.1282232114750.0-0.259915395190.233047662940.9370873887430.00.0296957328360.007670030024220.2038211.086.00.369255311336-0.8055326731740.4634302833220.00.8919222334560.4472397717180.06671818388130.0-0.2610081311310.3887077295910.8836181621270.00.0296957328360.007670030024220.2038211.099.0-0.359622784623-0.1388694019540.922706205670.00.5986410078190.7241904824360.3423113917270.0-0.7157516304820.675472748784-0.177302479150.00.0296957328360.007670030024220.2038211.0108.0-0.07808714985720.02856265374680.9965372907410.00.4698710671780.8826598877050.01151967296580.0-0.8792744607090.469143578713-0.08234515952160.00.0296957328360.007670030024220.2038211.0116.0-0.0728620930760.03114898928940.9968554839390.00.5483388892650.8361398220070.01395208137070.0-0.8330759736740.547631206672-0.07800309972430.00.0296957328360.007670030024220.2038211.0joint20joint191.00.904652287310.412252784664-0.1079438770960.0-0.4129026031290.910610677480.01730995058310.00.1054309223830.02891082145680.9940062801650.0	0.1226206	-0.4972910.0995181.023.00.9808044650690.184575763165-0.06288393239460.0-0.1846872259310.9827888546150.004086052291960.00.06255581411190.007606240697150.9980124824990.0	0.1226206	-0.4972910.0995181.048.00.963468432820.256588006497-0.07675398282960.0-0.2567312172440.9664483577120.008164188114740.00.07627359340660.0118392059120.9970166358450.0	0.1226206	-0.4972910.0995181.074.00.9544134757070.286813625045-0.08266112675820.0-0.2869979996460.9578800303220.009899278214920.00.08201869047580.01427557350.9965285457090.0	0.1226206	-0.4972910.0995181.086.00.4706228898770.852944721244-0.2258304630180.0-0.8686099441350.4928379879620.05125897552170.00.1550189036020.1720349386740.9728171048050.0	0.1226206	-0.4972910.0995181.099.00.08968178385930.962424490622-0.2563128508180.0-0.9938317397960.1033312837720.04026311921550.00.06523534792420.2511209781060.9657549397940.0	0.1226206	-0.4972910.0995181.0108.00.4316361748350.871199663572-0.2338832160830.0-0.8889770030720.4548131792890.05352438654040.00.1530035966360.1848137390360.9707902869730.0	0.1226206	-0.4972910.0995181.0116.00.4315059037890.87125704668-0.2339098407620.0-0.8890416314230.4546859546340.05353186204980.00.1529955312780.1848562719220.9707834599640.0	0.1226206	-0.4972910.0995181.0joint21joint201.01.00.00.00.00.01.00.00.00.00.01.00.00.338678	-0.3050910.0479821.0joint12joint31.00.995722646291-0.0861964178919-0.03326543560510.00.08247514091820.991514452914-0.1004835349380.00.04164448095370.0973101598280.9943824566030.00.02969568987230.00766960293505-0.203820539681.023.00.9963661595170.05472040450750.065269851390.0-0.04371095650790.986220507245-0.159557084990.0-0.07310149417840.156124272360.9850286204620.00.02969568987230.00766960293505-0.203820539681.048.00.9948726696230.08543217273010.05412684270120.0-0.0757038295450.983952508423-0.1615747237660.0-0.06706192235850.1566486675030.9853750014790.00.02969568987230.00766960293505-0.203820539681.074.00.9949144773240.0910407376303-0.04309021817960.0-0.09488405314040.990684933949-0.09767485913150.00.03379643872790.1012667059720.994285097440.00.02969568987230.00766960293505-0.203820539681.086.00.975075381028-0.0197353869944-0.2209943795990.00.02974512466530.9986722998740.04205787706040.00.219870936853-0.04758310587140.9743678048680.00.02969568987230.00766960293505-0.203820539681.099.00.4514134860020.861441504488-0.2326894905250.0-0.889504720810.455101922309-0.04078715444110.00.07076168675370.2253902718760.9716954301790.00.02969568987230.00766960293505-0.203820539681.0108.00.1671113929080.965149282821-0.2013967334160.0-0.97530885250.131910586403-0.1771221031670.0-0.1443829096390.226023138340.9633624013520.00.02969568987230.00766960293505-0.203820539681.0116.00.2591548048860.944906897895-0.1999743518930.0-0.9573827736850.223987095032-0.1823403573270.0-0.1275029872420.2387063794070.9626849186910.00.02969568987230.00766960293505-0.203820539681.0joint13joint121.00.9083086189540.4045556743370.1063492317560.0-0.4051590379920.914091054386-0.01684334364970.0-0.104026951637-0.02778939822040.9941861710360.00.122620764261-0.497290845058-0.0995183014291.023.00.995614755514-0.09293740484280.01067227175590.00.09281677594810.9956191734390.01129192554220.0-0.0116749606399-0.01025184183160.9998792902310.00.122620764261-0.497290845058-0.0995183014291.048.00.8813378746390.4576438994630.1174972851270.0-0.4586307786410.888399523301-0.02010213623640.0-0.113584152111-0.03617109733970.9928697256470.00.122620764261-0.497290845058-0.0995183014291.074.00.8486756923480.5128150230220.1295002756030.0-0.5143850937750.857234438114-0.02360282639130.0-0.123115979951-0.0465818663810.9912984339770.00.122620764261-0.497290845058-0.0995183014291.086.00.3646065468930.8999127797790.2392050475090.0-0.9207749434860.38670258834-0.05132846793350.0-0.138692355276-0.2015393186510.9696114343520.00.122620764261-0.497290845058-0.0995183014291.099.00.8114391926030.5669727275040.141803959660.0-0.5693528182590.821643802059-0.02718144363180.0-0.131923481795-0.0586803953980.989521503630.00.122620764261-0.497290845058-0.0995183014291.0108.00.9757500873850.2082471255920.06741588574840.0-0.2083608047760.978037018646-0.005418965923240.0-0.0670637159839-0.008759271736120.997710245090.00.122620764261-0.497290845058-0.0995183014291.0116.00.9824803240910.1760134801380.06125085781830.0-0.1761256524640.984361090112-0.003605387381510.0-0.0609275579525-0.007245625134160.9981158918670.00.122620764261-0.497290845058-0.0995183014291.0joint14joint131.01.00.00.00.00.01.00.00.00.00.01.00.00.338677723822-0.305090720906-0.0479820381891.0joint7joint11.00.9111763349620.4120166096230.00.0-0.4120166096230.9111763349620.00.00.00.01.00.0-0.158216451462-0.02680740675540.01.028.00.9111763349620.4120166096230.00.0-0.4120166096230.9111763349620.00.00.00.01.00.0-0.158216451462-0.02680740675540.01.057.00.9733500441390.2213832535710.05982596938380.0-0.2162588426770.972908481821-0.08173860142990.0-0.07630075057360.06662237640870.994856599930.0-0.158216451462-0.02680740675540.01.083.00.8792874888950.415143947708-0.2334716568520.0-0.4428242676920.893052719819-0.07977159624010.00.1753858027740.1735290820160.9690858980920.0-0.158216451462-0.02680740675540.01.0101.00.4344304498970.685934324267-0.5837501922870.0-0.829451457890.5573127934660.03758629061330.00.3511131772040.4678638188950.8110628728790.0-0.158216451462-0.02680740675540.01.0joint15joint11.00.963642856729-0.2314558815450.1334938933930.00.2263428602220.9726321000650.05249483355670.0-0.141990683854-0.02037088171930.9896583616970.00.06001215428820.01063944752560.136291.023.00.888647587812-0.3872582370680.2456349374560.00.4053945265550.913771929727-0.02600265912080.0-0.2143845668770.122686259480.9690135908330.00.06001215428820.01063944752560.136291.048.00.864818463715-0.3659414129790.3437672280540.00.4394049198070.882899394262-0.1655656246350.0-0.2429245587960.2942372204160.9243441549850.00.06001215428820.01063944752560.136291.074.00.843644250038-0.3455342578960.4109385063460.00.4670961843560.84975044416-0.2444285932720.0-0.2647367257050.3981585855780.8782848096110.00.06001215428820.01063944752560.136291.086.00.750479466847-0.3806394830570.5402722959570.00.4034840764230.911340861990.08159922389360.0-0.5234321063080.1567527263080.8375245744940.00.06001215428820.01063944752560.136291.099.00.6092024067-0.2546479205850.7510172196510.00.3665720096340.9302144538570.01805634480810.0-0.7032050834740.2643019227640.6600356840350.00.06001215428820.01063944752560.136291.0108.00.6092024067-0.2546479205850.7510172196510.00.3665720096340.9302144538570.01805634480810.0-0.7032050834740.2643019227640.6600356840350.00.06001215428820.01063944752560.136291.0116.00.6092024067-0.2546479205850.7510172196510.00.3665720096340.9302144538570.01805634480810.0-0.7032050834740.2643019227640.6600356840350.00.06001215428820.01063944752560.136291.0joint16joint151.00.9977162406820.0383003063684-0.05563622570520.0-0.03996015233060.998779364093-0.02903391271950.00.05445630637820.03119083830510.9980288784910.00.2452410.045420.3660851.023.00.9962350822580.0548092853166-0.06716846820350.0-0.05859975343440.996719463972-0.05582453793860.00.06388841659610.05955041882060.9961787077840.00.2452410.045420.3660851.048.00.9966276190540.050851113521-0.06440149992310.0-0.05407844735930.997313882096-0.04940184317230.00.06171637116590.05271797446110.9967005090290.00.2452410.045420.3660851.074.00.9966127820610.0510051831172-0.06450917707990.0-0.05425382780470.997291941028-0.04965185323080.00.06180198055790.0529835413680.9966811222970.00.2452410.045420.3660851.086.00.9863735182090.116537292664-0.1161307108140.0-0.133757202370.979034467004-0.1536246179240.00.09579297150520.1670645738530.9812813739050.00.2452410.045420.3660851.099.00.9902173085620.0990886686377-0.09824010165220.0-0.1112813610530.985564420673-0.127590091250.00.08417921659840.1372742089780.9869496699640.00.2452410.045420.3660851.0108.00.9902173085620.0990886686377-0.09824010165220.0-0.1112813610530.985564420673-0.127590091250.00.08417921659840.1372742089780.9869496699640.00.2452410.045420.3660851.0116.00.9902173085620.0990886686377-0.09824010165220.0-0.1112813610530.985564420673-0.127590091250.00.08417921659840.1372742089780.9869496699640.00.2452410.045420.3660851.0joint17joint161.00.9997840841070.00666527220383-0.01968144589830.0-0.006599374943750.9999724054460.003411245553350.00.0197036396777-0.00328062377030.9998004821420.0	-0.357199	-0.447701	-0.2292471.023.00.999890788504-0.00248522078249-0.01456827865210.00.002647013409260.999934922010.01109707464480.00.0145397518973-0.01113442514560.9998322960330.0	-0.357199	-0.447701	-0.2292471.048.00.999875201965-0.000288955124035-0.01579547406870.00.0004351434629130.9999571007260.009252424407010.00.0157921229189-0.00925814301990.9998324337820.0	-0.357199	-0.447701	-0.2292471.074.00.999875926834-0.000374414382664-0.01574772210.00.0005212976875290.9999563927960.009324202703270.00.0157435442703-0.009331255071040.9998325202220.0	-0.357199	-0.447701	-0.2292471.086.00.998859258608-0.0477506644650.0002356596257530.00.04766607829450.9973602041190.05477744261760.0-0.00285069681513-0.05470372275130.9984985609630.0	-0.357199	-0.447701	-0.2292471.099.00.999630264435-0.0271798440248-0.0007684427940710.00.02719052985970.9991231896210.03183593956540.0-9.75268563186e-05-0.0318450630530.9994928126040.0	-0.357199	-0.447701	-0.2292471.0108.00.999630264435-0.0271798440248-0.0007684427940710.00.02719052985970.9991231896210.03183593956540.0-9.75268563186e-05-0.0318450630530.9994928126040.0	-0.357199	-0.447701	-0.2292471.0116.00.999630264435-0.0271798440248-0.0007684427940710.00.02719052985970.9991231896210.03183593956540.0-9.75268563186e-05-0.0318450630530.9994928126040.0	-0.357199	-0.447701	-0.2292471.0joint18joint171.01.00.00.00.00.01.00.00.00.00.01.00.00.124398
-0.11505210.1759341.0joint8joint11.00.963642881445-0.231455857252-0.1334937571010.00.2263428554170.972632107534-0.05249471588370.00.1419905237780.02037080111220.9896583863230.00.06001210601690.0106396369923-0.136290263711.023.00.902803805546-0.423557989103-0.07445749497860.00.3959558458430.886235474572-0.2404280594120.00.1678220987660.1875774865930.9678070208930.00.06001210601690.0106396369923-0.136290263711.048.00.894203540168-0.4469842666260.02459866134260.00.4191614949190.816718681327-0.3965781596960.00.1571740116170.3649324060150.9176713295690.00.06001210601690.0106396369923-0.136290263711.074.00.887287320992-0.4549778775950.07560648719130.00.4324201404940.763617604385-0.4794799019450.00.1604183035110.458130205480.8742898162080.00.06001210601690.0106396369923-0.136290263711.086.00.749580164278-0.521451809892-0.4076979117930.00.4220401864310.85101180188-0.3125075904660.00.5099133831910.06218458829840.8579751853180.00.06001210601690.0106396369923-0.136290263711.099.00.617867498505-0.40250128963-0.6754498250340.00.2935554910180.915012210789-0.2767269914570.00.729427808618-0.02730139106540.6835127694940.00.06001210601690.0106396369923-0.136290263711.0108.00.617028505139-0.402816334075-0.6760287159940.00.2931937912730.914883661262-0.2775342989890.00.730282975705-0.02696084862140.6826125460590.00.06001210601690.0106396369923-0.136290263711.0116.00.617028505139-0.402816334075-0.6760287159940.00.2931937912730.914883661262-0.2775342989890.00.730282975705-0.02696084862140.6826125460590.00.06001210601690.0106396369923-0.136290263711.0joint9joint81.00.9977162437020.03830034973590.05563614170020.0-0.03996018944970.9987793645610.02903384552310.0-0.0544562238163-0.03119077005810.9980288851290.00.2452415285210.0454193511367-0.3660851802571.023.00.993060455750.08084655428370.08540940162910.0-0.08912651051240.991182539810.09804916062280.0-0.0767293708437-0.1049809860660.9915097559860.00.2452415285210.0454193511367-0.3660851802571.048.00.9887477036280.1064919674440.1050592187290.0-0.1206426342220.9829017708650.1391023495070.0-0.0884496092594-0.1502117495410.9846893403110.00.2452415285210.0454193511367-0.3660851802571.074.00.9851213197350.1212364538360.1218101295690.0-0.140150227060.9769346673590.1611104266270.0-0.0994680816108-0.175785033420.9793904853360.00.2452415285210.0454193511367-0.3660851802571.086.00.9615004401090.1885459481160.1999183061120.0-0.2377373784930.9356047157960.2610071927110.0-0.137832661357-0.2984865846720.9444087654370.00.2452415285210.0454193511367-0.3660851802571.099.00.9108559344160.2754060706450.307397077070.0-0.3841490540640.8380354714060.3874610340750.0-0.150900533469-0.4710074786210.8691265639030.00.2452415285210.0454193511367-0.3660851802571.0108.00.9102551843230.2762136320630.3084502048550.0-0.3856185552690.8368245111060.3886168645910.0-0.150777416229-0.4726846380780.8682369513450.00.2452415285210.0454193511367-0.3660851802571.0116.00.9102551843230.2762136320630.3084502048550.0-0.3856185552690.8368245111060.3886168645910.0-0.150777416229-0.4726846380780.8682369513450.00.2452415285210.0454193511367-0.3660851802571.0joint10joint91.00.9997840859540.00666514369310.01968139558460.0-0.006599245960430.999972406191-0.003411276683750.0-0.01970358914920.003280657770890.9998004830260.0-0.357199617629-0.4477009075470.2292475157921.023.00.999834959918-0.01697567202910.006471436035550.00.01712198249080.999582661041-0.0232667458550.0-0.006073766606350.02337370972390.9997083469960.0-0.357199617629-0.4477009075470.2292475157921.048.00.999412480821-0.0342732417664-0.0001951356139670.00.03423907077270.998639915266-0.03931927860860.00.001542469354830.03928949651620.9992266791130.0-0.357199617629-0.4477009075470.2292475157921.074.00.998529986525-0.05419950912970.0005284138420030.00.05412772581320.996602243862-0.06208185586780.00.002838187693270.06201919654260.9980709213030.0-0.357199617629-0.4477009075470.2292475157921.086.00.98907839766-0.147338089850.003925628863520.00.1458903465340.974874772266-0.1683305830420.00.02097451002430.1670648547070.9857227826580.0-0.357199617629-0.4477009075470.2292475157921.099.00.96118163178-0.2757793212910.008696934952270.00.2644631399420.911838025369-0.3140233480230.00.07867094979390.3041334927950.9493754263820.0-0.357199617629-0.4477009075470.2292475157921.0108.00.960819268305-0.2770376661810.008744436590720.00.2655527742410.911030799421-0.3154435077770.00.07942328214890.305406309730.9489040669270.0-0.357199617629-0.4477009075470.2292475157921.0116.00.960819268305-0.2770376661810.008744436590720.00.2655527742410.911030799421-0.3154435077770.00.07942328214890.305406309730.9489040669270.0-0.357199617629-0.4477009075470.2292475157921.0joint11joint101.01.00.00.00.00.01.00.00.00.00.01.00.00.124397876786-0.115051766378-0.1759341400261.0