joint1root	1.00.9963279732570.08561874623170.00.0-0.08561874623170.9963279732570.00.00.00.01.00.0-0.3110762453180.5924904683470.01.025.00.9826404850360.185520018240.00.0-0.185520018240.9826404850360.00.00.00.01.00.0-0.3416690672830.5194323380680.01.063.00.9795486555730.2012074336750.00.0-0.2012074336750.9795486555730.00.00.00.01.00.0-0.3368889386250.5308476714640.01.078.00.9952957402470.0956449005555-0.01544158162570.0-0.09575682859580.995382356502-0.006677884503930.00.01473157230740.00812510688560.9998584716930.0-0.2000140601930.6271340595360.01.097.00.9913774878260.130129705955-0.01539273397730.0-0.1302342498270.991465145269-0.005992152199380.00.01448160222510.007945145956410.999863569620.0-0.1676882981560.626504374646-8.67361737988e-191.0105.00.9951581139850.0973833897222-0.01329675061440.0-0.0974587389550.995226293331-0.005139967392850.00.01273272837960.00641096480370.9998983834160.0-0.2213734206270.611887653498-5.08947845612e-191.0119.00.9997646507950.020810011642-0.006130777805370.0-0.02082966124520.99977804883-0.003158843145110.00.006063681509440.003285801738740.9999762173540.0-0.346325567570.578939018323.25260651746e-191.0128.00.998579337830.0532425323225-0.0021304483040.0-0.05324520489380.998580725131-0.001218011760540.00.002062574581730.001329717533770.9999969888140.0-0.3287008854340.5857147514111.62630132002e-191.0137.00.9963279732570.08561874623170.00.0-0.08561874623170.9963279732570.00.00.00.01.00.0-0.3110762453180.5924904683470.01.0joint2joint1	1.00.95485293891-0.297078886922-0.00.00.2970788869220.954852938910.00.00.0-0.01.00.00.2096855762950.176679513360.01.025.00.971552395364-0.236824709569-0.00.00.2368247095690.9715523953640.00.00.0-0.01.00.00.2096855762950.176679513360.01.063.00.99130215779-0.131605592439-0.00.00.1316055924390.991302157790.00.00.0-0.01.00.00.2096855762950.176679513360.01.078.00.988847058388-0.148934532995-0.00.00.1489345329950.9888470583880.00.00.0-0.01.00.00.2096855762950.176679513360.01.097.00.980487816683-0.196579859944-0.00.00.1965798599440.9804878166830.00.00.0-0.01.00.00.2096855762950.176679513360.01.0105.00.974022492202-0.226451285457-0.00.00.2264512854570.9740224922020.00.00.0-0.01.00.00.2096855762950.176679513360.01.0119.00.959955133318-0.280153782799-0.00.00.2801537827990.9599551333180.00.00.0-0.01.00.00.2096855762950.176679513360.01.0128.00.95485293891-0.297078886922-0.00.00.2970788869220.954852938910.00.00.0-0.01.00.00.2096855762950.176679513360.01.0137.00.95485293891-0.297078886922-0.00.00.2970788869220.954852938910.00.00.0-0.01.00.00.2096855762950.176679513360.01.0joint3joint2	1.00.997634416154-0.0687427938446-0.00.00.06874279384460.9976344161540.00.00.0-0.01.00.00.1902702451570.2582239041410.01.025.00.9370726717660.3491343693030.00.0-0.3491343693030.9370726717660.00.00.00.01.00.00.1902702451570.2582239041410.01.063.00.9712791512490.2379428720270.00.0-0.2379428720270.9712791512490.00.00.00.01.00.00.1902702451570.2582239041410.01.078.00.9861779005330.1656899167150.00.0-0.1656899167150.9861779005330.00.00.00.01.00.00.1902702451570.2582239041410.01.097.00.9981310860930.06110920532740.00.0-0.06110920532740.9981310860930.00.00.00.01.00.00.1902702451570.2582239041410.01.0105.00.9997926728830.02036200505140.00.0-0.02036200505140.9997926728830.00.00.00.01.00.00.1902702451570.2582239041410.01.0119.00.998871585547-0.0474926898213-0.00.00.04749268982130.9988715855470.00.00.0-0.01.00.00.1902702451570.2582239041410.01.0128.00.997634416154-0.0687427938446-0.00.00.06874279384460.9976344161540.00.00.0-0.01.00.00.1902702451570.2582239041410.01.0137.00.997634416154-0.0687427938446-0.00.00.06874279384460.9976344161540.00.00.0-0.01.00.00.1902702451570.2582239041410.01.0joint4joint31.01.00.00.00.00.01.00.00.00.00.01.00.00.221334774978-0.1883287120430.01.028.01.44583918090.00.00.00.01.44583918090.00.00.00.01.44583918090.00.221334774978-0.1883287120430.01.063.03.070901519040.00.00.00.03.070901519040.00.00.00.03.070901519040.00.221334774978-0.1883287120430.01.075.01.855541382120.00.00.00.01.855541382120.00.00.00.01.855541382120.00.221334774978-0.1883287120430.01.087.00.4351975823810.00.00.00.00.4351975823810.00.00.00.00.4351975823810.00.221334774978-0.1883287120430.01.0128.01.00.00.00.00.01.00.00.00.00.01.00.00.221334774978-0.1883287120430.01.0joint5joint31.00.9815114782910.1914032862390.00.0-0.1914032862390.9815114782910.00.00.00.01.00.00.2621069703690.2873469008490.01.033.00.9717495555550.2360144090480.00.0-0.2360144090480.9717495555550.00.00.00.01.00.00.2621069703690.2873469008490.01.063.00.7855197141670.6188366332530.00.0-0.6188366332530.7855197141670.00.00.00.01.00.00.2621069703690.2873469008490.01.076.00.9208090212960.3900137770630.00.0-0.3900137770630.9208090212960.00.00.00.01.00.00.2621069703690.2873469008490.01.097.00.969922669270.2434132610130.00.0-0.2434132610130.969922669270.00.00.00.01.00.00.2621069703690.2873469008490.01.0128.00.9815114782910.1914032862390.00.0-0.1914032862390.9815114782910.00.00.00.01.00.00.2621069703690.2873469008490.01.0joint6joint51.01.00.00.00.00.01.00.00.00.00.01.00.00.112608920603-0.06212905964310.01.019.00.9038091789230.4279357055610.00.0-0.4279357055610.9038091789230.00.00.00.01.00.00.112608920603-0.06212905964310.01.033.00.8783661514760.4779883931030.00.0-0.4779883931030.8783661514760.00.00.00.01.00.00.112608920603-0.06212905964310.01.055.00.9160021788320.4011732897070.00.0-0.4011732897070.9160021788320.00.00.00.01.00.00.112608920603-0.06212905964310.01.080.00.645174740718-0.764035047586-0.00.00.7640350475860.6451747407180.00.00.0-0.01.00.00.112608920603-0.06212905964310.01.097.00.637417527339-0.770518588901-0.00.00.7705185889010.6374175273390.00.00.0-0.01.00.00.112608920603-0.06212905964310.01.0128.01.00.00.00.00.01.00.00.00.00.01.00.00.112608920603-0.06212905964310.01.0joint19joint3	1.00.996076266073-0.0881160850665-0.00822360743110.00.08824621576720.9819154675320.1674951343320.0-0.00668412816951-0.1675636302260.9858386035530.00.0296957328360.007670030024220.2038211.025.00.874669277497-0.484566997748-0.01218522449810.00.4795974709010.861506819490.1667101252980.0-0.0702845709075-0.1516602276970.9859306539650.00.0296957328360.007670030024220.2038211.063.00.929524360228-0.368452739681-0.01506792502090.00.3654454732660.9149316416660.1713175331020.0-0.0493362930511-0.1647503253430.98510063470.00.0296957328360.007670030024220.2038211.078.00.897846228113-0.4402929795530.003773966084720.00.4331187701440.884694348760.1724066130460.0-0.07924822782-0.1531600516760.9850186378730.00.0296957328360.007670030024220.2038211.097.00.926180511162-0.3770640378780.003517397164560.00.3708645457670.9125601755870.1723177722260.0-0.0681846715679-0.1582928844610.9850351330240.00.0296957328360.007670030024220.2038211.0105.00.953381143748-0.3017340705260.004576617804110.00.2965659845170.9396402053540.1706601925170.0-0.055794368658-0.1613469403690.9853193153790.00.0296957328360.007670030024220.2038211.0119.00.996000182684-0.08926081814610.004017765295720.00.08724157854770.9812139960620.1720697559280.0-0.0193013747334-0.1710309921520.9850765740070.00.0296957328360.007670030024220.2038211.0128.00.997035569206-0.0768831757584-0.003008491942160.00.07627706678460.9825336458760.1697334492780.0-0.0100937020564-0.1694597651550.9854854160120.00.0296957328360.007670030024220.2038211.0137.00.996076266073-0.0881160850665-0.00822360743110.00.08824621576720.9819154675320.1674951343320.0-0.00668412816951-0.1675636302260.9858386035530.00.0296957328360.007670030024220.2038211.0joint20joint19	1.00.9045681242880.411855057484-0.1101449960130.0-0.4128260552240.9106878613770.01490863067720.00.1064479058050.03198485211950.9938037092830.0	0.1226206	-0.4972910.0995181.025.00.9597417995640.268679270752-0.0818970551270.0-0.2691101008050.9630911065110.005939209141650.00.08047006782330.01633921749120.9966230973420.0	0.1226206	-0.4972910.0995181.063.00.9993593212230.0115005381885-0.03389225141680.0-0.01182388775180.999886327976-0.009355576141730.00.03378080465530.009750320399060.9993817030990.0	0.1226206	-0.4972910.0995181.078.00.9894726308080.133285968445-0.05638052409470.0-0.1336203322540.991030185482-0.002185926030520.00.05558344798320.009696498342370.9984069602270.0	0.1226206	-0.4972910.0995181.097.00.9832792459440.170725979201-0.06336059123170.0-0.1710673204880.9852593416983.81938152385e-050.00.0624331350830.01080137138070.9979906983630.0	0.1226206	-0.4972910.0995181.0105.00.9458892469370.311698219539-0.09020949209590.0-0.3122243569940.9499696309060.008582030999360.00.08837128169310.02004794982520.9958858349630.0	0.1226206	-0.4972910.0995181.0119.00.8446319003130.51864555048-0.1326791089060.0-0.5206288974890.8534986987290.02203457210490.00.1246695795790.05046547568020.9909140889560.0	0.1226206	-0.4972910.0995181.0128.00.8693768746220.478343294381-0.1239820252840.0-0.4798601384350.8771329558050.01928795948840.00.1179749863880.04272552587840.9920969872070.0	0.1226206	-0.4972910.0995181.0137.00.9045681242880.411855057484-0.1101449960130.0-0.4128260552240.9106878613770.01490863067720.00.1064479058050.03198485211950.9938037092830.0	0.1226206	-0.4972910.0995181.0joint21joint201.01.00.00.00.00.01.00.00.00.00.01.00.00.338678	-0.3050910.0479821.032.01.00.00.00.00.01.00.00.00.00.01.00.00.338678	-0.3050910.0479821.081.00.8781245355030.4784321270020.00.0-0.4784321270020.8781245355030.00.00.00.01.00.00.338678	-0.3050910.0479821.0118.00.988676227164-0.15006437899-0.00.00.150064378990.9886762271640.00.00.0-0.01.00.00.338678	-0.3050910.0479821.0128.01.00.00.00.00.01.00.00.00.00.01.00.00.338678	-0.3050910.0479821.0joint12joint31.00.995785329096-0.0851292220072-0.03412614712940.00.08125107594190.991429978129-0.1022979038130.00.04254222626670.09909396564240.9941682679290.00.02969568987230.00766960293505-0.203820539681.025.00.875724887884-0.4825122192-0.0169669992190.00.4789048655920.872565239957-0.09633292132490.00.06128662539540.07623555824640.9952045464160.00.02969568987230.00766960293505-0.203820539681.063.00.930805708243-0.365508418528-0.002080741944140.00.363453734180.926146860373-0.1007639624670.00.03875714918470.09303541801980.9949081838950.00.02969568987230.00766960293505-0.203820539681.078.00.900132388823-0.435606765317-0.002903205423040.00.4330997325390.895627496495-0.1013706525440.00.04675793265770.0899896301390.9948444914660.00.02969568987230.00766960293505-0.203820539681.097.00.928071570259-0.372320988923-0.007761551722720.00.3696617256470.923566329724-0.1018599194620.00.04509289378340.09166414679840.9947684731240.00.02969568987230.00766960293505-0.203820539681.0105.00.955189123957-0.295552993803-0.01619152024220.00.292505918320.950888283794-0.1012509727860.00.04532135502750.09197771249790.9947291466440.00.02969568987230.00766960293505-0.203820539681.0119.00.995863073928-0.08392748604-0.03482693028060.00.07998723644530.991537977539-0.1022471569510.00.0431135708520.09903845811470.9941491858990.00.02969568987230.00766960293505-0.203820539681.0128.00.996629884455-0.0732815286267-0.03686042557290.00.06916806632070.992311449428-0.1026341363110.00.04409820872480.09973868305180.9940359868190.00.02969568987230.00766960293505-0.203820539681.0joint13joint12	1.00.9083422730840.4039013613570.1085265185240.0-0.4048225326040.914281949783-0.01439560341380.0-0.105038240775-0.0308578449560.9939893165320.00.122620764261-0.497290845058-0.0995183014291.025.00.9623103911170.259856631930.0802074933520.0-0.2602731022730.965519930035-0.005401568053970.0-0.0788455666512-0.01567786805360.9967635532430.00.122620764261-0.497290845058-0.0995183014291.063.00.999498881302-0.0007116195982440.03164616680150.00.0003930364693190.9999491976870.01007211827350.0-0.0316517266198-0.0100546328490.999448384140.00.122620764261-0.497290845058-0.0995183014291.078.00.9893097789470.1344020985550.05658831313510.0-0.1347365700830.9908791866340.002119947733330.0-0.0557872562681-0.009721800242040.9983953468630.00.122620764261-0.497290845058-0.0995183014291.097.00.9829921599680.172265006760.06364888755060.0-0.1726068525160.984990790623-0.000129812562990.0-0.0627159302328-0.01085862941460.997972345440.00.122620764261-0.497290845058-0.0995183014291.0105.00.9466016939380.309643967130.08981005875850.0-0.3101645035290.950645304353-0.00845494305440.0-0.0879955327517-0.01985242886940.995923022770.00.122620764261-0.497290845058-0.0995183014291.0119.00.8477789901220.513759972950.1316110713550.0-0.5156803851160.856506251301-0.02169750881070.0-0.123873016895-0.04947455585410.9910639454690.00.122620764261-0.497290845058-0.0995183014291.0128.00.8729522320050.4721311357250.1226645479170.0-0.4735860736790.880545342833-0.01887140779120.0-0.116921475593-0.04161838407530.9922687532380.00.122620764261-0.497290845058-0.0995183014291.0137.00.9083422730840.4039013613570.1085265185240.0-0.4048225326040.914281949783-0.01439560341380.0-0.105038240775-0.0308578449560.9939893165320.00.122620764261-0.497290845058-0.0995183014291.0joint14joint131.01.00.00.00.00.01.00.00.00.00.01.00.00.338677723822-0.305090720906-0.0479820381891.032.01.00.00.00.00.01.00.00.00.00.01.00.00.338677723822-0.305090720906-0.0479820381891.081.00.8781245355030.4784321270020.00.0-0.4784321270020.8781245355030.00.00.00.01.00.00.338677723822-0.305090720906-0.0479820381891.0118.00.988676227164-0.15006437899-0.00.00.150064378990.9886762271640.00.00.0-0.01.00.00.338677723822-0.305090720906-0.0479820381891.0128.01.00.00.00.00.01.00.00.00.00.01.00.00.338677723822-0.305090720906-0.0479820381891.0joint7joint11.00.9111763349620.4120166096230.00.0-0.4120166096230.9111763349620.00.00.00.01.00.0-0.158216451462-0.02680740675540.01.043.00.910257801229-0.18306372236-0.3713736781970.00.1971642192220.980370476228-6.93889390391e-180.00.364083789753-0.07322160130140.9284834899670.0-0.158216451462-0.02680740675540.01.097.00.4688632308980.82631391770.3120457981240.0-0.7417496615390.560159907012-0.3688201705210.0-0.47955678529-0.05853364837250.87555645260.0-0.158216451462-0.02680740675540.01.0128.00.9111763349620.4120166096230.00.0-0.4120166096230.9111763349620.00.00.00.01.00.0-0.158216451462-0.02680740675540.01.0joint15joint1	1.00.963618414623-0.2311182825150.1342530837150.00.2260031589170.9727173667420.0523783982010.0-0.142695911501-0.02013116802110.9895618287480.00.06001215428820.01063944752560.136291.025.00.961585009376-0.2610381260220.08493154011170.00.2677479187130.96012363488-0.08045904405510.0-0.06054190092640.100108453730.9931329093950.00.06001215428820.01063944752560.136291.063.00.953719526829-0.2856785395950.09384474498050.00.2915358287280.954928289086-0.05584642576440.0-0.073660876410.08062093225470.9940192858130.00.06001215428820.01063944752560.136291.078.00.883367210247-0.4064794897450.233316943830.00.3736592196930.9113032402540.1729311766030.0-0.282915463345-0.06558070386830.9569002099910.00.06001215428820.01063944752560.136291.097.00.842433613496-0.4735345547830.25704208270.00.4360516034220.8794216735250.1909882700250.0-0.31648792395-0.04881132614410.9473398801030.00.06001215428820.01063944752560.136291.0105.00.901345609118-0.3739640893350.2184649921880.00.3519817059740.9264205833960.1336180426430.0-0.25235881515-0.04354035538980.9666536431780.00.06001215428820.01063944752560.136291.0119.00.987685661471-0.1139825806260.1071681176430.00.1127426172890.9934687193120.01757856634540.0-0.108471822942-0.005279683855540.994085503650.00.06001215428820.01063944752560.136291.0128.00.97762464946-0.1727676870890.1200057126360.00.1698408308520.9848750461450.03428171024050.0-0.124113403558-0.01313277501560.9921811292690.00.06001215428820.01063944752560.136291.0137.00.963618414623-0.2311182825150.1342530837150.00.2260031589170.9727173667420.0523783982010.0-0.142695911501-0.02013116802110.9895618287480.00.06001215428820.01063944752560.136291.0joint16joint15	1.00.9977122425510.0383519982127-0.05567230277560.0-0.04001760823510.998774621508-0.02911780318170.00.05448735719760.03127906111260.9980244226680.00.2452410.045420.3660851.025.00.999640877574-0.02375656459-0.01239925492380.00.02458467361580.9971326464590.0715687025750.00.0106634753709-0.07184783228430.9973586011510.00.2452410.045420.3660851.063.00.999717471407-0.0128080006883-0.02002329849680.00.01387031804220.9984528053770.05384802421380.00.0193026330258-0.05411054012570.9983483649540.00.2452410.045420.3660851.078.00.9907199614680.0960904428937-0.09612796020710.0-0.1075988640280.986588985471-0.122738169320.00.08304482168620.1319424136990.9877726241690.00.2452410.045420.3660851.097.00.9886850070020.106811554856-0.10532449230.0-0.1210309439850.982806222989-0.1394397312570.00.0886197919610.1506094944020.984613280770.00.2452410.045420.3660851.0105.00.9936784887520.0763800080736-0.08227487683590.0-0.08379578021020.992336529536-0.0908101281050.00.07470828742950.09713035835490.9924637853720.00.2452410.045420.3660851.0119.00.9988917079450.0197705715742-0.04271393564610.0-0.01974439131970.9998045250490.001034747894320.00.0427260436989-0.0001902404312460.9990868075390.00.2452410.045420.3660851.0128.00.9983858440820.0287557269532-0.04897769394580.0-0.0294515335290.999474438257-0.01354453558840.00.04856247017650.01496514079160.9987080309340.00.2452410.045420.3660851.0137.00.9977122425510.0383519982127-0.05567230277560.0-0.04001760823510.998774621508-0.02911780318170.00.05448735719760.03127906111260.9980244226680.00.2452410.045420.3660851.0joint17joint16	1.00.9997845890920.00663665917967-0.01966545626350.0-0.006570335740890.9999725143920.003435279978070.00.0196877145289-0.003305331331140.9998007144830.0	-0.357199	-0.447701	-0.2292471.025.00.9984089329460.0408951845922-0.03882249981250.0-0.0418969063360.998800311995-0.02534928001940.00.03773926143950.02693549025350.9989245354430.0	-0.357199	-0.447701	-0.2292471.063.00.9987629771070.0348685851543-0.03544992708940.0-0.03560241791540.999160155414-0.02028427155190.00.03471287081010.0215212825630.9991655773680.0	-0.357199	-0.447701	-0.2292471.078.00.999673378853-0.0254993970673-0.001707735792230.00.02553957014330.999210720450.03042476777580.00.000930574677098-0.03045844524130.9995356007390.0	-0.357199	-0.447701	-0.2292471.097.00.999398424073-0.03467963253690.0003362239360770.00.03463878006190.9986070196330.03980169914140.0-0.0017160638833-0.03976610901040.9992075418550.0	-0.357199	-0.447701	-0.2292471.0105.00.999864177243-0.0144840991395-0.007863710235840.00.01464779565980.9996684904010.02117430948190.00.00755441254267-0.02128661954950.9997448727950.0	-0.357199	-0.447701	-0.2292471.0119.00.9995341964710.0169086641003-0.02540643940980.0-0.01704587109060.999841219621-0.005193633211340.00.02531458796630.005624288889710.9996637129610.0	-0.357199	-0.447701	-0.2292471.0128.00.9996725051250.011944783386-0.02263193863840.0-0.01197100786680.999927820995-0.001023606509350.00.02261807832960.001294198398950.9997433408550.0	-0.357199	-0.447701	-0.2292471.0137.00.9997845890920.00663665917967-0.01966545626350.0-0.006570335740890.9999725143920.003435279978070.00.0196877145289-0.003305331331140.9998007144830.0	-0.357199	-0.447701	-0.2292471.0joint18joint171.01.00.00.00.00.01.00.00.00.00.01.00.00.124398
-0.11505210.1759341.097.01.00.00.00.00.01.00.00.00.00.01.00.00.124398
-0.11505210.1759341.0128.01.00.00.00.00.01.00.00.00.00.01.00.00.124398
-0.11505210.1759341.0joint8joint1	1.00.963618439314-0.231118251838-0.1342529593030.00.2260031475140.972717375743-0.05237828024570.00.1426957628230.02013108529880.989561851870.00.06001210601690.0106396369923-0.136290263711.025.00.961585039884-0.261038067944-0.08493137320710.00.267747839040.9601236638130.08045896392180.00.0605417687253-0.1001083276750.9931329301610.00.06001210601690.0106396369923-0.136290263711.063.00.953719561542-0.285678478048-0.0938445795540.00.2915357509160.9549283150150.05584638860870.00.0736607349246-0.08062084322730.9940193035190.00.06001210601690.0106396369923-0.136290263711.078.00.893596000284-0.397535686856-0.2084503920670.00.3737783213270.916139677076-0.14483735220.00.2485476911640.05151184099080.9672489728370.00.06001210601690.0106396369923-0.136290263711.097.00.85328742633-0.467525239423-0.2309127942970.00.4392770181130.883111840874-0.164770075760.00.2809559919720.03916155015890.9589213229270.00.06001210601690.0106396369923-0.136290263711.0105.00.909602960306-0.366654358803-0.1954150346660.00.3508725913750.929782616082-0.1113225559040.00.2225104025080.03269354679210.9743819850420.00.06001210601690.0106396369923-0.136290263711.0119.00.989433294308-0.110476324886-0.09389748534340.00.1101529486120.993877129017-0.008635990375050.00.0942766356334-0.001798348471410.9955444148390.00.06001210601690.0106396369923-0.136290263711.0128.00.978373609641-0.171501116895-0.1156392963590.00.1690681914550.985129135274-0.03060283439390.00.1191680603050.01039007885460.9928197317060.00.06001210601690.0106396369923-0.136290263711.0137.00.963618439314-0.231118251838-0.1342529593030.00.2260031475140.972717375743-0.05237828024570.00.1426957628230.02013108529880.989561851870.00.06001210601690.0106396369923-0.136290263711.0joint9joint8	1.00.9977122455720.03835204158350.05567221877170.0-0.04001764533660.9987746219870.02911773577590.0-0.0544872746456-0.03127899265280.998024429320.00.2452415285210.0454193511367-0.3660851802571.025.00.999640878202-0.02375661545020.01239910683280.00.02458471330120.997132648205-0.07156866462420.0-0.01066332498780.07184779124330.9973586057150.00.2452415285210.0454193511367-0.3660851802571.063.00.999717473711-0.0128080378080.02002315971270.00.01387034731680.998452805767-0.05384800944090.0-0.01930249265470.05411052414220.9983483685340.00.2452415285210.0454193511367-0.3660851802571.078.00.9913818299040.09200884637720.09325470242180.0-0.1026113536370.9879193405020.1161304730320.0-0.0814430932623-0.1246986321110.9888464358580.00.2452415285210.0454193511367-0.3660851802571.097.00.9894651458710.1032922952730.1014368120750.0-0.1164989449140.9840658029930.1343223407120.0-0.0859460350493-0.1447245560290.9857322567220.00.2452415285210.0454193511367-0.3660851802571.0105.00.9941159998460.0730762453960.07995774639330.0-0.07987727514670.9931350687280.08545382482520.0-0.0731641972867-0.09133782141560.9931285931910.00.2452415285210.0454193511367-0.3660851802571.0119.00.9989582548640.01840060422940.04175910444420.0-0.01828044960570.999827592416-0.003257392398580.0-0.04181184284630.002490623821520.9991223982030.00.2452415285210.0454193511367-0.3660851802571.0128.00.9984190478810.02822553445360.04860785978670.0-0.02887368822180.9995025885240.01268407119910.0-0.0482256669908-0.01406750647850.9987373980710.00.2452415285210.0454193511367-0.3660851802571.0137.00.9977122455720.03835204158350.05567221877170.0-0.04001764533660.9987746219870.02911773577590.0-0.0544872746456-0.03127899265280.998024429320.00.2452415285210.0454193511367-0.3660851802571.0joint10joint9	1.00.9997845909330.006636530742410.0196654059990.0-0.006570206831860.999972515132-0.003435311150210.0-0.01968766404590.003305365368190.9998007153650.0-0.357199617629-0.4477009075470.2292475157921.025.00.9984089429240.04089501815490.03882241850720.0-0.04189673993290.9988003174350.02534934070680.0-0.0377391821802-0.02693554123060.9989245370630.0-0.357199617629-0.4477009075470.2292475157921.063.00.9987629852910.03486842692950.03544985211870.0-0.03560225960440.9991601601240.02028431737960.0-0.0347127976809-0.02152132021880.9991655790970.0-0.357199617629-0.4477009075470.2292475157921.078.00.999726063764-0.02321392373640.00298515921790.00.02328966472240.999322283283-0.02850553721060.0-0.002321410758720.02856725186840.9995891771990.0-0.357199617629-0.4477009075470.2292475157921.097.00.99955082819-0.0299669545254-0.00035142766480.00.02993713755930.998959686805-0.03439930134680.00.001381904369130.0343733294120.9994081071140.0-0.357199617629-0.4477009075470.2292475157921.0105.00.99988053265-0.01264287587580.008892587817010.00.0128154766980.999725214487-0.01962801760810.0-0.00864198967240.01973963545280.9997678044460.0-0.357199617629-0.4477009075470.2292475157921.0119.00.9995102823860.0176648962970.02582918589180.0-0.0178210782110.9998242001110.005829068928660.0-0.0257216752257-0.006286518272840.9996493760870.0-0.357199617629-0.4477009075470.2292475157921.0128.00.9996652413210.01223772955650.02279568533870.0-0.01226985166720.9999239162910.001269791312210.0-0.0227784115958-0.00154906591630.9997393382080.0-0.357199617629-0.4477009075470.2292475157921.0137.00.9997845909330.006636530742410.0196654059990.0-0.006570206831860.999972515132-0.003435311150210.0-0.01968766404590.003305365368190.9998007153650.0-0.357199617629-0.4477009075470.2292475157921.0joint11joint101.01.00.00.00.00.01.00.00.00.00.01.00.00.124397876786-0.115051766378-0.1759341400261.097.01.00.00.00.00.01.00.00.00.00.01.00.00.124397876786-0.115051766378-0.1759341400261.0128.01.00.00.00.00.01.00.00.00.00.01.00.00.124397876786-0.115051766378-0.1759341400261.0