joint1root2.50.953994089833-0.299825410136-0.00.00.2998254101360.9539940898330.00.00.0-0.01.00.0-0.001205652952190.641747772694-0.2950430512431.032.00.832946895843-0.553352933222-0.00.00.5533529332220.8329468958430.00.00.0-0.01.00.0-0.001205652952190.641747772694-0.2950430512431.049.00.830315872449-0.55729305752-0.00.00.557293057520.8303158724490.00.00.0-0.01.00.0-0.001205652952190.641747772694-0.2950430512431.085.00.7062850722750.7079275363210.00.0-0.7079275363210.7062850722750.00.00.00.01.00.0-0.001205652952190.641747772694-0.2950430512431.0106.00.7697724203510.6383184321840.00.0-0.6383184321840.7697724203510.00.00.00.01.00.0-0.001205652952190.641747772694-0.2950430512431.0joint2joint12.51.00.00.00.00.00.9092686845560.4162096338220.00.0-0.4162096338220.9092686845560.00.02.76565551758e-05-0.294310271741.039.01.00.00.00.00.00.7249038544240.688850057590.00.0-0.688850057590.7249038544240.00.02.76565551758e-05-0.294310271741.056.01.00.00.00.00.00.8851536931690.4652987636650.00.0-0.4652987636650.8851536931690.00.02.76565551758e-05-0.294310271741.092.01.00.00.00.00.00.9953379456140.09644881555360.00.0-0.09644881555360.9953379456140.00.02.76565551758e-05-0.294310271741.0joint3joint22.50.9555755341920.2947463289910.00.0-0.2947463289910.9555755341920.00.00.00.01.00.00.10667386651-0.540841430426-0.006426095962521.032.00.971412110654-0.237399476146-0.00.00.2373994761460.9714121106540.00.00.0-0.01.00.00.10667386651-0.540841430426-0.006426095962521.049.00.969222025824-0.246188270757-0.00.00.2461882707570.9692220258240.00.00.0-0.01.00.00.10667386651-0.540841430426-0.006426095962521.085.00.982293516460.1873484654860.00.0-0.1873484654860.982293516460.00.00.00.01.00.00.10667386651-0.540841430426-0.006426095962521.0106.00.991632568260.1290924070830.00.0-0.1290924070830.991632568260.00.00.00.01.00.00.10667386651-0.540841430426-0.006426095962521.0