joint1root2.51.00.00.00.00.01.00.00.00.00.01.00.0-0.001205652952190.641747772694-0.2950430512431.042.00.9914245671760.1306802494650.00.0-0.1306802494650.9914245671760.00.00.00.01.00.0-0.001205652952190.641747772694-0.2950430512431.079.00.914881498242-0.403722484109-0.00.00.4037224841090.9148814982420.00.00.0-0.01.00.0-0.001205652952190.641747772694-0.2950430512431.0111.00.953994089833-0.299825410136-0.00.00.2998254101360.9539940898330.00.00.0-0.01.00.0-0.001205652952190.641747772694-0.2950430512431.0joint2joint12.51.00.00.00.00.01.00.00.00.00.01.00.00.02.76565551758e-05-0.294310271741.042.01.00.00.00.00.00.9874812103090.157736677050.00.0-0.157736677050.9874812103090.00.02.76565551758e-05-0.294310271741.079.01.00.00.00.00.00.9092686845560.4162096338220.00.0-0.4162096338220.9092686845560.00.02.76565551758e-05-0.294310271741.0joint3joint22.50.998736956618-0.0502443179494-0.00.00.05024431794940.9987369566180.00.00.0-0.01.00.00.10667386651-0.540841430426-0.006426095962521.042.00.853135719683-0.521689029787-0.00.00.5216890297870.8531357196830.00.00.0-0.01.00.00.10667386651-0.540841430426-0.006426095962521.075.00.9060335965150.4232057679030.00.0-0.4232057679030.9060335965150.00.00.00.01.00.00.10667386651-0.540841430426-0.006426095962521.0102.00.9320311029630.3623782873050.00.0-0.3623782873050.9320311029630.00.00.00.01.00.00.10667386651-0.540841430426-0.006426095962521.0127.00.9555755341920.2947463289910.00.0-0.2947463289910.9555755341920.00.00.00.01.00.00.10667386651-0.540841430426-0.006426095962521.0