	joint6root2.51.00.00.00.00.01.00.00.00.00.01.00.0-0.01903033283231.249658522650.01.0100.01.00.00.00.00.01.00.00.00.00.01.00.0-0.01903033283231.146570320850.01.0200.01.00.00.00.00.01.00.00.00.00.01.00.0-0.01903033283231.249658522650.01.0joint1joint62.50.978085847904-0.2081635329260.004002210600720.00.2081527684960.9780918930920.002945103543210.0-0.0045275929014-0.002047492879580.9999876542620.0-0.0101495108439-0.1953780837450.2868227965911.0100.00.986783898644-0.162032131437-0.001767981696080.00.1620059896850.986736536849-0.01025017816410.00.003405390351540.009828287146120.9999459025810.0-0.0101495108439-0.1953780837450.2868227965911.0200.00.978085847904-0.2081635329260.004002210600720.00.2081527684960.9780918930920.002945103543210.0-0.0045275929014-0.002047492879580.9999876542620.0-0.0101495108439-0.1953780837450.2868227965911.0joint2joint12.50.999506943580.0312757205167-0.002774714733550.0-0.03128910388330.999498273419-0.004918679825810.00.002619487329870.005003072976690.9999840536460.00.479564387374-0.4338915885760.07064693088291.0100.00.988673299147-0.150066189953-0.00229045550660.00.1500773525450.9883765503190.02426073024580.0-0.00137688284119-0.02432968171040.9997030412990.00.479564387374-0.4338915885760.07064693088291.0200.00.999506943580.0312757205167-0.002774714733550.0-0.03128910388330.999498273419-0.004918679825810.00.002619487329870.005003072976690.9999840536460.00.479564387374-0.4338915885760.07064693088291.0joint3joint22.50.999705054742-0.0242463473808-0.001384977303360.00.02424956500680.9997031605580.002355709329060.00.00132744884075-0.002388599620920.9999962662290.0-0.614045406055-0.13194364097-0.09796683137091.0100.00.9992027242740.03991910641230.0006170461652510.0-0.03991510624360.999187852164-0.005515467558070.0-0.0008367175689070.005486440746430.9999845993170.0-0.614045406055-0.13194364097-0.09796683137091.0200.00.999705054742-0.0242463473808-0.001384977303360.00.02424956500680.9997031605580.002355709329060.00.00132744884075-0.002388599620920.9999962662290.0-0.614045406055-0.13194364097-0.09796683137091.0joint4joint32.50.9170052197670.398411761949-0.01922224909510.0-0.3988683320020.916206848277-0.03832838239330.00.002341077898240.04281447315380.9990802971950.00.124331507838-0.3729945235130.01140992493731.0100.00.8776572509250.478873275446-0.01995334464590.0-0.4792882078860.876830074634-0.03810293951390.0-0.0007507867740740.04300472394260.9990745868240.00.124331507838-0.3729945235130.01140992493731.0200.00.9170052197670.398411761949-0.01922224909510.0-0.3988683320020.916206848277-0.03832838239330.00.002341077898240.04281447315380.9990802971950.00.124331507838-0.3729945235130.01140992493731.0joint7joint62.50.9877784037940.155752163410.005923562355780.0-0.1557371117630.987794206244-0.002925428378390.0-0.00630690237420.001967156481380.9999781764010.0-0.0101494671677-0.195378522653	-0.2868231.0100.00.9692947551850.2456541929160.01103154898520.0-0.2457617305540.969281233610.009749972636630.0-0.00829755175004-0.01216172990920.9998916156070.0-0.0101494671677-0.195378522653	-0.2868231.0200.00.9877784037940.155752163410.005923562355780.0-0.1557371117630.987794206244-0.002925428378390.0-0.00630690237420.001967156481380.9999781764010.0-0.0101494671677-0.195378522653	-0.2868231.0joint8joint72.50.99952554020.03068038204230.002721882587130.0-0.03069326554970.9995172047870.004825016521210.0-0.00257253512502-0.004906270709880.9999846551680.0	0.4795648	-0.433891	-0.0706471.0100.00.988230790578-0.1529524533620.002334858283420.00.1529631523930.987922393611-0.02473091612460.00.001475995511040.02479700007690.9996914175010.0	0.4795648	-0.433891	-0.0706471.0200.00.99952554020.03068038204230.002721882587130.0-0.03069326554970.9995172047870.004825016521210.0-0.00257253512502-0.004906270709880.9999846551680.0	0.4795648	-0.433891	-0.0706471.0joint9joint82.50.999716179679-0.02378474885820.001358605508660.00.02378784596110.999714358366-0.002310857201990.0-0.001303254276170.002342519632320.9999964070590.0	-0.614046	-0.1319440.0979671.0100.00.9991715193420.0406924966571-0.0006290081376870.0-0.04068832792060.9991560681760.005622401446520.00.00085726684977-0.00559215010630.9999839963470.0	-0.614046	-0.1319440.0979671.0200.00.999716179679-0.02378474885820.001358605508660.00.02378784596110.999714358366-0.002310857201990.0-0.001303254276170.002342519632320.9999964070590.0	-0.614046	-0.1319440.0979671.0joint10joint92.50.960647243671-0.276769702103-0.0235670368450.00.275635128790.960324323653-0.04245549644010.00.03438239382110.03428885239790.9988203670310.0	0.1243316	-0.372994-0.011411.0100.00.968068545276-0.249589153661-0.02342105937380.00.2484808507830.967721144283-0.04210764422530.00.03317466566240.03494340113080.9988385256260.0	0.1243316	-0.372994-0.011411.0200.00.960647243671-0.276769702103-0.0235670368450.00.275635128790.960324323653-0.04245549644010.00.03438239382110.03428885239790.9988203670310.0	0.1243316	-0.372994-0.011411.0