	joint6root2.51.00.00.00.00.01.00.00.00.00.01.00.0-0.01903033283231.249658522650.01.025.01.00.00.00.00.01.00.00.00.00.01.00.00.6149256506010.9381964619550.01.050.00.990202181288-0.139641112041-0.00.00.1396411120410.9902021812880.00.00.0-0.01.00.00.6525290563210.9381964619550.01.065.01.00.00.00.00.01.00.00.00.00.01.00.00.6149256506010.9381964619550.01.085.00.403403666586-0.915022120927-0.00.00.9150221209270.4034036665860.00.00.0-0.01.00.00.9544160385840.7463111504390.01.092.5-0.328553238114-0.944485452363-0.00.00.944485452363-0.3285532381140.00.00.0-0.01.00.01.147423648010.6217701582940.01.0160.0-0.328553238114-0.944485452363-0.00.00.944485452363-0.3285532381140.00.00.0-0.01.00.01.147423648010.6217701582940.01.0joint1joint62.50.978085847904-0.2081635329260.004002210600720.00.2081527684960.9780918930920.002945103543210.0-0.0045275929014-0.002047492879580.9999876542620.0-0.0101495108439-0.1953780837450.2868227965911.025.00.343926670176-0.93898599731-0.004443241719180.00.9389646344120.3438721557070.009866907016260.0-0.00773698041673-0.00756553931150.999941449160.0-0.0101495108439-0.1953780837450.2868227965911.050.00.466656915396-0.884434529428-0.002624208206880.00.8843923426540.4666002607790.01159227740180.0-0.0090281541752-0.007730446058430.9999293638230.0-0.0101495108439-0.1953780837450.2868227965911.065.00.343926670176-0.93898599731-0.004443241719180.00.9389646344120.3438721557070.009866907016260.0-0.00773698041673-0.00756553931150.999941449160.0-0.0101495108439-0.1953780837450.2868227965911.085.00.970270040123-0.2418451387330.00932620564840.00.2414369658390.9698784554030.03231057522640.0-0.0168594414772-0.02909829232670.9994343643370.0-0.0101495108439-0.1953780837450.2868227965911.092.50.9411347091550.338001249354-0.004540336975410.0-0.3371047023470.9394630859710.06139649626370.00.0250175714293-0.05625180470960.9981031287330.0-0.0101495108439-0.1953780837450.2868227965911.0160.00.9411347091550.338001249354-0.004540336975410.0-0.3371047023470.9394630859710.06139649626370.00.0250175714293-0.05625180470960.9981031287330.0-0.0101495108439-0.1953780837450.2868227965911.0joint2joint12.50.999506943580.0312757205167-0.002774714733550.0-0.03128910388330.999498273419-0.004918679825810.00.002619487329870.005003072976690.9999840536460.00.479564387374-0.4338915885760.07064693088291.025.00.9943039640670.106163113206-0.009435064101310.0-0.1063098979080.994192389534-0.01672418009310.00.007604777899780.01763195926370.9998156236850.00.479564387374-0.4338915885760.07064693088291.050.00.9921293255250.124725097677-0.01109285547180.0-0.1249250752540.991971333271-0.01966213468680.00.008551432962810.02089315622980.9997451420320.00.479564387374-0.4338915885760.07064693088291.065.00.9943039640670.106163113206-0.009435064101310.0-0.1063098979080.994192389534-0.01672418009310.00.007604777899780.01763195926370.9998156236850.00.479564387374-0.4338915885760.07064693088291.085.00.9388348166740.34296395973-0.03106298968260.0-0.3442153814360.937277237649-0.05501955077620.00.01024491016610.06234662870850.9980019737980.00.479564387374-0.4338915885760.07064693088291.092.50.7426806387240.66650010568-0.06483114986860.0-0.6690299418380.734360981212-0.1145115111990.0-0.0287124674850.1284194627040.9913042095190.00.479564387374-0.4338915885760.07064693088291.0160.00.7426806387240.66650010568-0.06483114986860.0-0.6690299418380.734360981212-0.1145115111990.0-0.0287124674850.1284194627040.9913042095190.00.479564387374-0.4338915885760.07064693088291.0joint3joint22.50.999705054742-0.0242463473808-0.001384977303360.00.02424956500680.9997031605580.002355709329060.00.00132744884075-0.002388599620920.9999962662290.0-0.614045406055-0.13194364097-0.09796683137091.025.00.996591386264-0.0823615780383-0.004709489026750.00.08239744533920.9965673570230.008010238293330.00.00403358716601-0.008370984349720.9999568274660.0-0.614045406055-0.13194364097-0.09796683137091.050.00.995289314577-0.0967911254927-0.0055369950920.00.09684021811070.9952553842750.009417655114990.00.00459917873993-0.009909495316710.9999403229480.0-0.614045406055-0.13194364097-0.09796683137091.065.00.996591386264-0.0823615780383-0.004709489026750.00.08239744533920.9965673570230.008010238293330.00.00403358716601-0.008370984349720.9999568274660.0-0.614045406055-0.13194364097-0.09796683137091.085.00.963251586466-0.268152797778-0.01550671514440.00.268485741730.9629226431830.02637024334320.00.00786051260338-0.02956451065310.9995319664980.0-0.614045406055-0.13194364097-0.09796683137091.092.50.843090822793-0.536795672815-0.0323770006330.00.5377662932220.8412965457370.05502304976350.0-0.0022974762243-0.06380068791370.9979600161450.0-0.614045406055-0.13194364097-0.09796683137091.0160.00.843090822793-0.536795672815-0.0323770006330.00.5377662932220.8412965457370.05502304976350.0-0.0022974762243-0.06380068791370.9979600161450.0-0.614045406055-0.13194364097-0.09796683137091.0joint4joint32.50.9170052197670.398411761949-0.01922224909510.0-0.3988683320020.916206848277-0.03832838239330.00.002341077898240.04281447315380.9990802971950.00.124331507838-0.3729945235130.01140992493731.025.00.9170052197670.398411761949-0.01922224909510.0-0.3988683320020.916206848277-0.03832838239330.00.002341077898240.04281447315380.9990802971950.00.124331507838-0.3729945235130.01140992493731.050.00.9170052197670.398411761949-0.01922224909510.0-0.3988683320020.916206848277-0.03832838239330.00.002341077898240.04281447315380.9990802971950.00.124331507838-0.3729945235130.01140992493731.065.00.9170052197670.398411761949-0.01922224909510.0-0.3988683320020.916206848277-0.03832838239330.00.002341077898240.04281447315380.9990802971950.00.124331507838-0.3729945235130.01140992493731.085.00.9170052197670.398411761949-0.01922224909510.0-0.3988683320020.916206848277-0.03832838239330.00.002341077898240.04281447315380.9990802971950.00.124331507838-0.3729945235130.01140992493731.092.50.9170052197670.398411761949-0.01922224909510.0-0.3988683320020.916206848277-0.03832838239330.00.002341077898240.04281447315380.9990802971950.00.124331507838-0.3729945235130.01140992493731.0160.00.9170052197670.398411761949-0.01922224909510.0-0.3988683320020.916206848277-0.03832838239330.00.002341077898240.04281447315380.9990802971950.00.124331507838-0.3729945235130.01140992493731.0joint7joint62.50.9877784037940.155752163410.005923562355780.0-0.1557371117630.987794206244-0.002925428378390.0-0.00630690237420.001967156481380.9999781764010.0-0.0101494671677-0.195378522653	-0.2868231.025.00.68191765635-0.7299477051830.04652588157610.00.7295801210510.6833363511060.02764558235420.0-0.05197265554610.01509234758490.9985344581530.0-0.0101494671677-0.195378522653	-0.2868231.050.00.770559235078-0.6357798861580.04497111954490.00.635292906940.7718252669480.02624270741450.0-0.05139443188020.008348272712320.9986435393640.0-0.0101494671677-0.195378522653	-0.2868231.065.00.68191765635-0.7299477051830.04652588157610.00.7295801210510.6833363511060.02764558235420.0-0.05197265554610.01509234758490.9985344581530.0-0.0101494671677-0.195378522653	-0.2868231.085.00.9963975163460.07657171812320.03645217966480.0-0.07707616163360.9969451020650.01263838502340.0-0.0353730791209-0.01540244953970.9992554777540.0-0.0101494671677-0.195378522653	-0.2868231.092.50.7978373697580.6024847632960.02162501822290.0-0.6024323274950.798112298653-0.009594244500540.0-0.0230395791293-0.005372963263040.9997201153620.0-0.0101494671677-0.195378522653	-0.2868231.0160.00.7978373697580.6024847632960.02162501822290.0-0.6024323274950.798112298653-0.009594244500540.0-0.0230395791293-0.005372963263040.9997201153620.0-0.0101494671677-0.195378522653	-0.2868231.0joint8joint72.50.99952554020.03068038204230.002721882587130.0-0.03069326554970.9995172047870.004825016521210.0-0.00257253512502-0.004906270709880.9999846551680.0	0.4795648	-0.433891	-0.0706471.025.00.906217060816-0.4227606746940.006637064024740.00.422148035380.903800971818-0.07024841325880.00.02369968166990.06646213412910.9975074485010.0	0.4795648	-0.433891	-0.0706471.050.00.913724938232-0.406283479310.006361736602520.00.4057608959670.911495239998-0.06733886519180.00.02155997581160.06411054438170.9977098804470.0	0.4795648	-0.433891	-0.0706471.065.00.906217060816-0.4227606746940.006637064024740.00.422148035380.903800971818-0.07024841325880.00.02369968166990.06646213412910.9975074485010.0	0.4795648	-0.433891	-0.0706471.085.00.973663188258-0.2279643976790.003497030462850.00.227935496620.972971608274-0.03703591327790.00.005040358309260.03685760277740.9993078163940.0	0.4795648	-0.433891	-0.0706471.092.50.9943118939710.106089400920.00942849508160.0-0.1062359892920.9942004862540.01671250166030.0-0.00760079510575-0.01761908468140.9998158809340.0	0.4795648	-0.433891	-0.0706471.0160.00.9943118939710.106089400920.00942849508160.0-0.1062359892920.9942004862540.01671250166030.0-0.00760079510575-0.01761908468140.9998158809340.0	0.4795648	-0.433891	-0.0706471.0joint9joint82.50.999716179679-0.02378474885820.001358605508660.00.02378784596110.999714358366-0.002310857201990.0-0.001303254276170.002342519632320.9999964070590.0	-0.614046	-0.1319440.0979671.025.00.9933120378070.115446951031-0.001788028087160.0-0.1154040063860.9931900624610.0159817126310.00.00362089172307-0.01566848193640.9998706855470.0	-0.614046	-0.1319440.0979671.050.00.993854855980.110677856635-0.001713853805420.0-0.1106389393480.9937426024660.01531878403960.00.00339857972461-0.01503502893830.9998811917230.0	-0.614046	-0.1319440.0979671.065.00.9933120378070.115446951031-0.001788028087160.0-0.1154040063860.9931900624610.0159817126310.00.00362089172307-0.01566848193640.9998706855470.0	-0.614046	-0.1319440.0979671.085.00.9981418255060.0609262556645-0.0009420969739090.0-0.06091620390950.9981073612690.008420895545470.00.00145336755962-0.008347859080780.9999640998410.0	-0.614046	-0.1319440.0979671.092.50.996596134852-0.08230428687520.004706204466670.00.08234010560930.996572141038-0.008004668281070.0-0.004031253746960.008364930842490.9999568875330.0	-0.614046	-0.1319440.0979671.0160.00.996596134852-0.08230428687520.004706204466670.00.08234010560930.996572141038-0.008004668281070.0-0.004031253746960.008364930842490.9999568875330.0	-0.614046	-0.1319440.0979671.0joint10joint92.50.960647243671-0.276769702103-0.0235670368450.00.275635128790.960324323653-0.04245549644010.00.03438239382110.03428885239790.9988203670310.0	0.1243316	-0.372994-0.011411.025.00.960647243671-0.276769702103-0.0235670368450.00.275635128790.960324323653-0.04245549644010.00.03438239382110.03428885239790.9988203670310.0	0.1243316	-0.372994-0.011411.050.00.960647243671-0.276769702103-0.0235670368450.00.275635128790.960324323653-0.04245549644010.00.03438239382110.03428885239790.9988203670310.0	0.1243316	-0.372994-0.011411.065.00.960647243671-0.276769702103-0.0235670368450.00.275635128790.960324323653-0.04245549644010.00.03438239382110.03428885239790.9988203670310.0	0.1243316	-0.372994-0.011411.085.00.960647243671-0.276769702103-0.0235670368450.00.275635128790.960324323653-0.04245549644010.00.03438239382110.03428885239790.9988203670310.0	0.1243316	-0.372994-0.011411.092.50.960647243671-0.276769702103-0.0235670368450.00.275635128790.960324323653-0.04245549644010.00.03438239382110.03428885239790.9988203670310.0	0.1243316	-0.372994-0.011411.0160.00.960647243671-0.276769702103-0.0235670368450.00.275635128790.960324323653-0.04245549644010.00.03438239382110.03428885239790.9988203670310.0	0.1243316	-0.372994-0.011411.0