	joint6root	1.00.00.00.00.01.00.00.00.00.01.00.0-0.01903033283231.249658522650.01.0
1.00.00.00.00.01.00.00.00.00.01.00.0-0.01903033283231.340868564280.01.01.00.00.00.00.01.00.00.00.00.01.00.0-0.01903033283231.280320233520.01.01.00.00.00.00.01.00.00.00.00.01.00.0-0.01903033283231.179880595060.01.0(1.00.00.00.00.01.00.00.00.00.01.00.0-0.01903033283231.237321353830.01.021.00.00.00.00.01.00.00.00.00.01.00.0-0.01903033283231.357157429640.01.0<1.00.00.00.00.01.00.00.00.00.01.00.0-0.01903033283231.289056143980.01.0F1.00.00.00.00.01.00.00.00.00.01.00.0-0.01903033283231.214619934070.01.0P1.00.00.00.00.01.00.00.00.00.01.00.0-0.01903033283231.249658522650.01.0joint1joint6	0.9452419073740.3262564381950.008629778739420.0-0.3261656806760.945255009726-0.01043625108290.0-0.01156223569270.007050044222770.9999083015870.0-0.0101495108439-0.1953780837450.2868227965911.0
0.8974242505980.4409868007720.01266317429390.0-0.4409819697750.897509814022-0.003322057574380.0-0.0128303067472-0.002602936514620.9999143003030.0-0.0101495108439-0.1953780837450.2868227965911.00.9047153981350.4243470811860.0376776202230.0-0.4253760672460.9046630491010.02529760869130.0-0.0233505843847-0.03891429403260.9989696831880.0-0.0101495108439-0.1953780837450.2868227965911.00.9383533349820.3454960844590.01120153344410.0-0.3454833037930.938419716514-0.003118085558210.0-0.0115890261905-0.0009440767995170.9999323993110.0-0.0101495108439-0.1953780837450.2868227965911.0(0.9974562386490.0709929457670.006407310799550.0-0.0709900554980.997476793095-0.0006776848606240.0-0.006439254673260.0002211056428140.999979243340.0-0.0101495108439-0.1953780837450.2868227965911.020.951746631663-0.3058513945780.0251649270260.00.3052648310860.9519486712360.02463960702550.0-0.0314917770147-0.01576869579420.9993796156680.0-0.0101495108439-0.1953780837450.2868227965911.0<0.827297340859-0.5612367617160.02433941464670.00.560476230170.8275576898550.03185381258640.0-0.0380198003818-0.01271091108320.9991961406640.0-0.0101495108439-0.1953780837450.2868227965911.0F0.598168119057-0.8012062060940.01623319623450.00.80083467950.5983861401530.02445083602510.0-0.0293038812047-0.001625604090790.9995692271960.0-0.0101495108439-0.1953780837450.2868227965911.0P0.9452419073740.3262564381950.008629778739420.0-0.3261656806760.945255009726-0.01043625108290.0-0.01156223569270.007050044222770.9999083015870.0-0.0101495108439-0.1953780837450.2868227965911.0joint2joint1	0.989798568106-0.142457258396-0.002173500904930.00.1424693654790.9895314344910.02302216439710.0-0.00112892695403-0.02309696264970.9997325921670.00.479564387374-0.4338915885760.07064693088291.0
0.998981046729-0.04512645721-0.0006863938460110.00.04513026065460.9989546495990.007271012098270.00.000357561307603-0.007294580409890.9999733302680.00.479564387374-0.4338915885760.07064693088291.00.9678258345490.250615404586-0.0224738284410.0-0.251346371690.967077668474-0.03982191077760.00.01175395332950.04418938926830.9989540241960.00.479564387374-0.4338915885760.07064693088291.00.999079501683-0.0428920005371-0.0006523853231330.00.04289548975230.9990556632660.006910763719710.00.000355352770531-0.006932386761280.9999759075790.00.479564387374-0.4338915885760.07064693088291.0(0.999958256334-0.00913598881974-0.0001389172469670.00.009136183433940.9999571813980.001471571572220.00.000125467037294-0.001472779316880.9999989075890.00.479564387374-0.4338915885760.07064693088291.020.9676532727730.251275440617-0.0225343434540.0-0.2520098352440.966900571033-0.03992904551160.00.01175528104920.04431634774920.9989483843970.00.479564387374-0.4338915885760.07064693088291.0<0.9452843615230.324923466101-0.02936353243070.0-0.3260682262590.943914220121-0.05201400656110.00.01081608451670.05874254191880.9982145691610.00.479564387374-0.4338915885760.07064693088291.0F0.9667439464240.254723360176-0.0228506418680.0-0.2554757458940.965967278917-0.04048900247240.00.01175947758680.04498028281230.9989186597740.00.479564387374-0.4338915885760.07064693088291.0P0.989798568106-0.142457258396-0.002173500904930.00.1424693654790.9895314344910.02302216439710.0-0.00112892695403-0.02309696264970.9997325921670.00.479564387374-0.4338915885760.07064693088291.0joint3joint2	0.9992820567010.03788176738410.0005855386784260.0-0.03787819260810.999268657288-0.005233840573050.0-0.0007833775800950.005207903825440.9999861319320.0-0.614045406055-0.13194364097-0.09796683137091.0
0.9999283916810.01196567242610.0001849136019920.0-0.01196535067190.99992704656-0.001652858172790.0-0.0002046776713710.00165052725830.9999986169320.0-0.614045406055-0.13194364097-0.09796683137091.00.980709962524-0.195146402374-0.01121833524760.00.195333090680.9805513561810.01907934949250.00.00727688742806-0.0209026202220.9997550336840.0-0.614045406055-0.13194364097-0.09796683137091.00.9999353117240.0113728394770.000175751749290.0-0.0113725495370.999934096422-0.00157096462980.0-0.000193606495180.001568864261330.999998750590.0-0.614045406055-0.13194364097-0.09796683137091.0(0.9999970668520.002421752798053.74241215459e-050.0-0.002421740145270.999997011632-0.0003345172674030.0-3.82341278372e-050.0003344256547170.9999999433490.0-0.614045406055-0.13194364097-0.09796683137091.020.980606262917-0.195665089704-0.01124854656230.00.1958527004540.9804467019020.01913072016440.00.00728538630109-0.02096276222770.9997537125440.0-0.614045406055-0.13194364097-0.09796683137091.0<0.967141876655-0.253814359614-0.01465814702090.00.254116198780.9668524013050.02492772771840.00.00784524939833-0.02783352196840.9995817861070.0-0.614045406055-0.13194364097-0.09796683137091.0F0.980059767932-0.19837526073-0.01140645484020.00.1985677212250.9798951628870.01939922262030.00.00732880407836-0.02127735136420.9997467494070.0-0.614045406055-0.13194364097-0.09796683137091.0P0.9992820567010.03788176738410.0005855386784260.0-0.03787819260810.999268657288-0.005233840573050.0-0.0007833775800950.005207903825440.9999861319320.0-0.614045406055-0.13194364097-0.09796683137091.0joint4joint3	0.921959109249-0.386825876387-0.01889820707590.00.3859690949970.921749163267-0.03750116962210.00.0319258293640.02728042105840.9991178709470.00.124331507838-0.3729945235130.01140992493731.0
0.868824618541-0.494826966009-0.01703102836750.00.4939708620790.868637405115-0.03823409280910.00.03371304843040.02480588933530.9991236651290.00.124331507838-0.3729945235130.01140992493731.00.868824618541-0.494826966009-0.01703102836750.00.4939708620790.868637405115-0.03823409280910.00.03371304843040.02480588933530.9991236651290.00.124331507838-0.3729945235130.01140992493731.00.807708284996-0.589361896534-0.01612083317670.00.5884781606540.80756681557-0.03910617372530.00.03606633862580.02209962225640.9991050124560.00.124331507838-0.3729945235130.01140992493731.0(0.995001872143-0.0983198304127-0.0174495094370.00.0976445286930.99456781419-0.03606118403330.00.02090024995810.03417709649990.9991972305940.00.124331507838-0.3729945235130.01140992493731.020.8576019726930.514012864172-0.01759636037440.0-0.5143039539220.856869719926-0.0355770439160.0-0.003209269856290.03956082076010.999212010560.00.124331507838-0.3729945235130.01140992493731.0<0.5938766078960.804363788058-0.01759178942260.0-0.8043186355080.593028122979-0.03727167732020.0-0.01954756169540.0362841813620.9991503145250.00.124331507838-0.3729945235130.01140992493731.0F0.8905572737730.454582771223-0.01619401855720.0-0.4548701256830.889916066804-0.03380181659560.0-0.000954406160240.03746862889240.9992973486190.00.124331507838-0.3729945235130.01140992493731.0P0.921959109249-0.386825876387-0.01889820707590.00.3859690949970.921749163267-0.03750116962210.00.0319258293640.02728042105840.9991178709470.00.124331507838-0.3729945235130.01140992493731.0joint7joint6	0.991860603659-0.1268733454190.0107562600730.00.1269108607590.991909952879-0.002877290668260.0-0.01030418992930.004218957483540.9999380101120.0-0.0101494671677-0.195378522653	-0.2868231.0
0.927119945916-0.374695178957-0.007220024336170.00.3744203581180.926921810542-0.02500705037290.00.01606241924450.02048121109170.9996612019480.0-0.0101494671677-0.195378522653	-0.2868231.00.859004253924-0.5119684333270.0001225420281290.00.5118877920230.858864652511-0.01795541824040.00.009087360329850.01548650841770.9998387809740.0-0.0101494671677-0.195378522653	-0.2868231.00.75654313712-0.6534932607170.0242701436960.00.6536041597260.7568252559740.004139360969970.0-0.02107330221280.01273146174290.9996968669630.0-0.0101494671677-0.195378522653	-0.2868231.0(0.992332570220.1220325880570.01959891664430.0-0.1224364962110.9922556385170.02092969725750.0-0.0168930304256-0.02316884295690.9995888305890.0-0.0101494671677-0.195378522653	-0.2868231.020.9417211046780.3362819915540.00870535246020.0-0.3363748889260.9416309179340.01353323650820.0-0.00364624530288-0.01567279640130.9998705257920.0-0.0101494671677-0.195378522653	-0.2868231.0<0.90343212440.428113234214-0.02300989555790.0-0.4286045937870.90316769016-0.02421209688280.00.01041627511820.03173613306160.9994420038560.0-0.0101494671677-0.195378522653	-0.2868231.0F0.9910199915110.1335360314760.006892367091050.0-0.1335574210280.9910372876520.00274039607980.0-0.00646465117025-0.00363631407320.9999724923740.0-0.0101494671677-0.195378522653	-0.2868231.0P0.991860603659-0.1268733454190.0107562600730.00.1269108607590.991909952879-0.002877290668260.0-0.01030418992930.004218957483540.9999380101120.0-0.0101494671677-0.195378522653	-0.2868231.0joint8joint70.9995474121560.02996504233370.002658399997480.0-0.02997733757290.999539469820.004712483824010.0-0.00251596594677-0.004790042765250.9999853625960.0	0.4795648	-0.433891	-0.0706471.0
0.9635487834390.2664603409860.02392965972110.0-0.2672750173050.9626870680090.042398988340.0-0.0117391250649-0.04724929385020.9988141454610.0	0.4795648	-0.433891	-0.0706471.00.9808915216310.193784711490.01730053135470.0-0.194243034630.9804741572760.03066056770790.0-0.011021174633-0.03343519862420.9993801184750.0	0.4795648	-0.433891	-0.0706471.00.996862521475-0.07914330089640.001204658672210.00.07915223847110.996780861565-0.01276076652070.0-0.0001908515247620.01281608132030.9999178524440.0	0.4795648	-0.433891	-0.0706471.020.979603916105-0.2009146741730.003075915121740.00.200907142020.979068440673-0.03257773417930.00.003533813426040.03253124929610.9994644715960.0	0.4795648	-0.433891	-0.0706471.0<0.9684584463270.2481796681170.02225061958810.0-0.2488980332930.9677268766170.03942665717170.0-0.011747627905-0.04372121460340.9989746986950.0	0.4795648	-0.433891	-0.0706471.0F0.998969772035-0.04537530395520.0006901825510510.00.04537914285080.998943081814-0.007311134708250.0-0.0003577081249170.00733492246540.9999730351150.0	0.4795648	-0.433891	-0.0706471.0P0.9995474121560.02996504233370.002658399997480.0-0.02997733757290.999539469820.004712483824010.0-0.00251596594677-0.004790042765250.9999853625960.0	0.4795648	-0.433891	-0.0706471.0joint9joint8	0.999729263832-0.02323011675880.001326918634730.00.02323307204190.999727528125-0.002256961035980.0-0.001274127618340.002287178391230.9999965727010.0	-0.614046	-0.1319440.0979671.0
0.978138949704-0.2076090284890.01194513968430.00.2078183838770.977956446885-0.02031519921280.0-0.007464207591080.02235350724540.9997222645910.0	-0.614046	-0.1319440.0979671.00.988554212657-0.1506186997830.008635734704730.00.1507334638390.988465323048-0.01468768230780.0-0.006323884682640.01582126442440.9998548375010.0	-0.614046	-0.1319440.0979671.00.9997794369190.0209993378716-0.0003245334608940.0-0.02099830940410.9997753027620.002900860134560.00.000385376681206-0.002893405657890.9999957398350.0	-0.614046	-0.1319440.0979671.0(0.9966096695820.0822651001919-0.001272708306590.0-0.08224541440090.9965471789380.01137593781550.00.00220415653671-0.01123269520540.999934481980.0	-0.614046	-0.1319440.0979671.020.9985623060670.0535969611455-0.0008286485116860.0-0.05358938045310.99853558610.007406861382810.00.00122442028903-0.007351805822780.9999722254870.0	-0.614046	-0.1319440.0979671.0<0.981090110455-0.1932325854710.01110689337340.00.1934158865110.980934996375-0.01888988439430.0-0.007244999210240.02068092839510.9997598757640.0	-0.614046	-0.1319440.0979671.0F0.9999275992040.0120316989045-0.0001859342429160.0-0.0120313734980.9999262392080.00166198503020.00.000205917031727-0.001659627656840.9999986016160.0	-0.614046	-0.1319440.0979671.0P0.999729263832-0.02323011675880.001326918634730.00.02323307204190.999727528125-0.002256961035980.0-0.001274127618340.002287178391230.9999965727010.0	-0.614046	-0.1319440.0979671.0joint10joint9	0.9830509574520.181808713865-0.02358827284140.0-0.1825985824660.982478642899-0.03732926371060.00.01638818886480.04100375361530.9990245840090.0	0.1243316	-0.372994-0.011411.0
0.8601144212650.509660202569-0.02120519393020.0-0.510096428780.8595417979-0.03145681179920.00.002194465441870.03787315117090.9992801452750.0	0.1243316	-0.372994-0.011411.00.8601144212650.509660202569-0.02120519393020.0-0.510096428780.8595417979-0.03145681179920.00.002194465441870.03787315117090.9992801452750.0	0.1243316	-0.372994-0.011411.00.9857685956610.166051719072-0.02621263820130.0-0.1670037849180.985157717532-0.03967376223820.00.01923568639920.04348675867850.9988688052930.0	0.1243316	-0.372994-0.011411.0(0.9857685956610.166051719072-0.02621263820130.0-0.1670037849180.985157717532-0.03967376223820.00.01923568639920.04348675867850.9988688052930.0	0.1243316	-0.372994-0.011411.020.9857685956610.166051719072-0.02621263820130.0-0.1670037849180.985157717532-0.03967376223820.00.01923568639920.04348675867850.9988688052930.0	0.1243316	-0.372994-0.011411.0<0.978153084283-0.206339345561-0.02531043620040.00.205240666640.977883153785-0.04025923870090.00.03305771414170.03418496770740.998868647780.0	0.1243316	-0.372994-0.011411.0F0.978153084283-0.206339345561-0.02531043620040.00.205240666640.977883153785-0.04025923870090.00.03305771414170.03418496770740.998868647780.0	0.1243316	-0.372994-0.011411.0P0.9830509574520.181808713865-0.02358827284140.0-0.1825985824660.982478642899-0.03732926371060.00.01638818886480.04100375361530.9990245840090.0	0.1243316	-0.372994-0.011411.0