joint1root1.00.911072234452-0.41224675088-0.00.00.412246750880.9110722344520.00.00.0-0.01.00.0-0.029478827190.67914795877-0.2372927657781.016.00.604177854413-0.796849496604-0.00.00.7968494966040.6041778544130.00.00.0-0.01.00.0-0.029478827190.67914795877-0.2372927657781.032.00.562371811721-0.82688448128-0.00.00.826884481280.5623718117210.00.00.0-0.01.00.0-0.029478827190.67914795877-0.2372927657781.068.00.917997225365-0.396586805406-0.00.00.3965868054060.9179972253650.00.00.0-0.01.00.0-0.029478827190.67914795877-0.2372927657781.077.60.917866685669-0.396888834988-0.00.00.3968888349880.9178666856690.00.00.0-0.01.00.0-0.029478827190.67914795877-0.2372927657781.0105.20.916682900757-0.399615389419-0.00.00.3996153894190.9166829007570.00.00.0-0.01.00.0-0.029478827190.67914795877-0.2372927657781.0137.60.911072234452-0.41224675088-0.00.00.412246750880.9110722344520.00.00.0-0.01.00.0-0.029478827190.67914795877-0.2372927657781.0joint2joint11.01.00.00.00.00.01.00.00.00.00.01.00.00.005300714788660.0-0.3834183697131.016.00.9274451484030.0-0.3739592179680.00.01.00.00.00.3739592179680.00.9274451484030.00.005300714788660.0-0.3834183697131.032.00.8137275457470.0-0.5812464892740.00.01.00.00.00.5812464892740.00.8137275457470.00.005300714788660.0-0.3834183697131.052.00.8926567314210.0-0.4507371294320.00.01.00.00.00.4507371294320.00.8926567314210.00.005300714788660.0-0.3834183697131.062.40.9505163269540.0-0.3106746082210.00.01.00.00.00.3106746082210.00.9505163269540.00.005300714788660.0-0.3834183697131.072.00.8984738466460.00.4390270457420.0-0.01.00.00.0-0.439027045742-0.00.8984738466460.00.005300714788660.0-0.3834183697131.077.60.8994784625790.00.4369650962670.0-0.01.00.00.0-0.436965096267-0.00.8994784625790.00.005300714788660.0-0.3834183697131.088.80.9055750949420.00.4241859821130.0-0.01.00.00.0-0.424185982113-0.00.9055750949420.00.005300714788660.0-0.3834183697131.0105.20.9438827520450.00.3302807145320.0-0.01.00.00.0-0.330280714532-0.00.9438827520450.00.005300714788660.0-0.3834183697131.0132.40.9983748154660.0-0.05698883964050.00.01.00.00.00.05698883964050.00.9983748154660.00.005300714788660.0-0.3834183697131.0142.41.00.00.00.00.01.00.00.00.00.01.00.00.005300714788660.0-0.3834183697131.0joint3joint21.01.00.00.00.00.01.00.00.00.00.01.00.00.6282859095470.00.004725563153051.016.00.977945193460.00.2088616733360.0-0.01.00.00.0-0.208861673336-0.00.977945193460.00.6282859095470.00.004725563153051.032.00.9458701879030.00.3245452012230.0-0.01.00.00.0-0.324545201223-0.00.9458701879030.00.6282859095470.00.004725563153051.052.00.7595496151020.00.6504493694350.0-0.01.00.00.0-0.650449369435-0.00.7595496151020.00.6282859095470.00.004725563153051.062.40.03323383071340.00.9994476036770.0-0.01.00.00.0-0.999447603677-0.00.03323383071340.00.6282859095470.00.004725563153051.072.0-0.993866209729-0.0-0.1105891367120.00.01.0-0.00.00.1105891367120.0-0.9938662097290.00.6282859095470.00.004725563153051.077.6-0.99554735663-0.0-0.09426272172820.00.01.0-0.00.00.09426272172820.0-0.995547356630.00.6282859095470.00.004725563153051.088.8-0.9999760854890.00.006915811534460.0-0.01.00.00.0-0.00691581153446-0.0-0.9999760854890.00.6282859095470.00.004725563153051.0105.2-0.743201581340.00.6690675672110.0-0.01.00.00.0-0.669067567211-0.0-0.743201581340.00.6282859095470.00.004725563153051.0132.40.9990578170230.00.04339905812130.0-0.01.00.00.0-0.0433990581213-0.00.9990578170230.00.6282859095470.00.004725563153051.0142.41.00.00.00.00.01.00.00.00.00.01.00.00.6282859095470.00.004725563153051.0joint4joint31.01.00.00.00.00.01.00.00.00.00.01.00.0-0.8074755528070.0-0.2685695492921.016.00.998736956660.00.05024431711090.0-0.01.00.00.0-0.0502443171109-0.00.998736956660.0-0.8074755528070.0-0.2685695492921.032.00.9961336093590.00.08785119410740.0-0.01.00.00.0-0.0878511941074-0.00.9961336093590.0-0.8074755528070.0-0.2685695492921.052.00.9752301417830.0-0.2211926096380.00.01.00.00.00.2211926096380.00.9752301417830.0-0.8074755528070.0-0.2685695492921.062.40.993008875020.00.1180397142140.0-0.01.00.00.0-0.118039714214-0.00.993008875020.0-0.8074755528070.0-0.2685695492921.072.0-0.3162064364790.00.948690407630.0-0.01.00.00.0-0.94869040763-0.0-0.3162064364790.0-0.8074755528070.0-0.2685695492921.077.6-0.3071317596680.00.9516670017410.0-0.01.00.00.0-0.951667001741-0.0-0.3071317596680.0-0.8074755528070.0-0.2685695492921.088.8-0.2505244065870.00.9681102838540.0-0.01.00.00.0-0.968110283854-0.0-0.2505244065870.0-0.8074755528070.0-0.2685695492921.0105.20.1684409025120.00.9857117541960.0-0.01.00.00.0-0.985711754196-0.00.1684409025120.0-0.8074755528070.0-0.2685695492921.0132.40.9999854127790.0-0.005401317374930.00.01.00.00.00.005401317374930.00.9999854127790.0-0.8074755528070.0-0.2685695492921.0142.41.00.00.00.00.01.00.00.00.00.01.00.0-0.8074755528070.0-0.2685695492921.0