joint1root1.00.911072234452-0.41224675088-0.00.00.412246750880.9110722344520.00.00.0-0.01.00.0-0.029478827190.67914795877-0.2372927657781.034.00.9876187421-0.156873261751-0.00.00.1568732617510.98761874210.00.00.0-0.01.00.0-0.029478827190.67914795877-0.2372927657781.039.00.987966381561-0.154668771587-0.00.00.1546687715870.9879663815610.00.00.0-0.01.00.0-0.029478827190.67914795877-0.2372927657781.048.00.973548732909-0.22847946221-0.00.00.228479462210.9735487329090.00.00.0-0.01.00.0-0.029478827190.67914795877-0.2372927657781.073.00.818522866746-0.574473947724-0.00.00.5744739477240.8185228667460.00.00.0-0.01.00.0-0.029478827190.67914795877-0.2372927657781.091.00.768118966134-0.640307155875-0.00.00.6403071558750.7681189661340.00.00.0-0.01.00.0-0.029478827190.67914795877-0.2372927657781.0118.00.911072234452-0.41224675088-0.00.00.412246750880.9110722344520.00.00.0-0.01.00.0-0.029478827190.67914795877-0.2372927657781.0joint2joint11.01.00.00.00.00.01.00.00.00.00.01.00.00.005300714788660.0-0.3834183697131.025.00.9631484882190.0-0.2689702393210.00.01.00.00.00.2689702393210.00.9631484882190.00.005300714788660.0-0.3834183697131.034.00.9957277518930.00.09233766354620.0-0.01.00.00.0-0.0923376635462-0.00.9957277518930.00.005300714788660.0-0.3834183697131.039.00.8744532893740.00.4851097243950.0-0.01.00.00.0-0.485109724395-0.00.8744532893740.00.005300714788660.0-0.3834183697131.048.00.8528712113270.00.522121343070.0-0.01.00.00.0-0.52212134307-0.00.8528712113270.00.005300714788660.0-0.3834183697131.061.00.8450104425770.00.5347498031190.0-0.01.00.00.0-0.534749803119-0.00.8450104425770.00.005300714788660.0-0.3834183697131.073.00.8781116158110.00.4784558393190.0-0.01.00.00.0-0.478455839319-0.00.8781116158110.00.005300714788660.0-0.3834183697131.0111.01.00.00.00.00.01.00.00.00.00.01.00.00.005300714788660.0-0.3834183697131.0joint3joint2
1.01.00.00.00.00.01.00.00.00.00.01.00.00.6282859095470.00.004725563153051.014.00.9966659279720.00.0815906123310.0-0.01.00.00.0-0.081590612331-0.00.9966659279720.00.6282859095470.00.004725563153051.025.00.9701265950440.00.2425992365790.0-0.01.00.00.0-0.242599236579-0.00.9701265950440.00.6282859095470.00.004725563153051.034.00.8431618335920.00.5376598575070.0-0.01.00.00.0-0.537659857507-0.00.8431618335920.00.6282859095470.00.004725563153051.039.0-0.9994778977320.00.03230993569440.0-0.01.00.00.0-0.0323099356944-0.0-0.9994778977320.00.6282859095470.00.004725563153051.048.0-0.999178609382-0.0-0.04052291394050.00.01.0-0.00.00.04052291394050.0-0.9991786093820.00.6282859095470.00.004725563153051.061.0-0.997834322679-0.0-0.06577738580460.00.01.0-0.00.00.06577738580460.0-0.9978343226790.00.6282859095470.00.004725563153051.073.0-0.9968866584460.00.07884789288060.0-0.01.00.00.0-0.0788478928806-0.0-0.9968866584460.00.6282859095470.00.004725563153051.0109.00.9998935169350.0-0.01459297061390.00.01.00.00.00.01459297061390.00.9998935169350.00.6282859095470.00.004725563153051.0118.01.00.00.00.00.01.00.00.00.00.01.00.00.6282859095470.00.004725563153051.0joint4joint3
1.01.00.00.00.00.01.00.00.00.00.01.00.0-0.8074755528070.0-0.2685695492921.014.00.9987283020390.00.0504160560280.0-0.01.00.00.0-0.050416056028-0.00.9987283020390.0-0.8074755528070.0-0.2685695492921.025.00.9916225599280.00.1291692635360.0-0.01.00.00.0-0.129169263536-0.00.9916225599280.0-0.8074755528070.0-0.2685695492921.034.00.9432870938560.00.3319780995260.0-0.01.00.00.0-0.331978099526-0.00.9432870938560.0-0.8074755528070.0-0.2685695492921.039.0-0.2789910807970.00.960293693010.0-0.01.00.00.0-0.96029369301-0.0-0.2789910807970.0-0.8074755528070.0-0.2685695492921.048.0-0.4676759436120.00.8839000009990.0-0.01.00.00.0-0.883900000999-0.0-0.4676759436120.0-0.8074755528070.0-0.2685695492921.061.0-0.529026048430.00.84860558570.0-0.01.00.00.0-0.8486055857-0.0-0.529026048430.0-0.8074755528070.0-0.2685695492921.073.0-0.2522019200460.00.9676746310230.0-0.01.00.00.0-0.967674631023-0.0-0.2522019200460.0-0.8074755528070.0-0.2685695492921.0109.00.9999967532590.0-0.002548228956550.00.01.00.00.00.002548228956550.00.9999967532590.0-0.8074755528070.0-0.2685695492921.0111.01.00.00.00.00.01.00.00.00.00.01.00.0-0.8074755528070.0-0.2685695492921.0