joint1root1.01.00.00.00.00.01.00.00.00.00.01.00.0-0.03513541225751.898691326420.01.028.041.00.00.00.00.01.00.00.00.00.01.00.0-0.03513541225751.984338096350.01.056.241.00.00.00.00.01.00.00.00.00.01.00.0-0.03513541225751.933061155830.01.084.361.00.00.00.00.01.00.00.00.00.01.00.0-0.03513541225751.832938870890.01.0112.561.00.00.00.00.01.00.00.00.00.01.00.0-0.03513541225751.895010762440.01.0141.161.00.00.00.00.01.00.00.00.00.01.00.0-0.03513541225751.961005822810.01.0167.01.00.00.00.00.01.00.00.00.00.01.00.0-0.03513541225751.880687380290.01.0200.01.00.00.00.00.01.00.00.00.00.01.00.0-0.03513541225751.898691326420.01.0joint2joint11.00.9175100727650.3977125423920.00.0-0.3977125423920.9175100727650.00.00.00.01.00.00.0-0.189319879808-0.3050059518761.028.040.9962550971220.0864626015070.00.0-0.0864626015070.9962550971220.00.00.00.01.00.00.0-0.189319879808-0.3050059518761.056.240.989095492681-0.147275613589-0.00.00.1472756135890.9890954926810.00.00.0-0.01.00.00.0-0.189319879808-0.3050059518761.084.360.959435218161-0.281929179321-0.00.00.2819291793210.9594352181610.00.00.0-0.01.00.00.0-0.189319879808-0.3050059518761.0112.560.9925422907360.1219007838390.00.0-0.1219007838390.9925422907360.00.00.00.01.00.00.0-0.189319879808-0.3050059518761.0141.160.744250221360.6679008968440.00.0-0.6679008968440.744250221360.00.00.00.01.00.00.0-0.189319879808-0.3050059518761.0167.00.8082888345140.5887861751090.00.0-0.5887861751090.8082888345140.00.00.00.01.00.00.0-0.189319879808-0.3050059518761.0200.00.9175100727650.3977125423920.00.0-0.3977125423920.9175100727650.00.00.00.01.00.00.0-0.189319879808-0.3050059518761.0joint3joint21.00.982204502541-0.187814576615-0.00.00.1878145766150.9822045025410.00.00.0-0.01.00.00.351430281805-0.548107596766-0.2697421286021.028.040.99766486418-0.068299478633-0.00.00.0682994786330.997664864180.00.00.0-0.01.00.00.351430281805-0.548107596766-0.2697421286021.056.240.99270336604-0.120582034537-0.00.00.1205820345370.992703366040.00.00.0-0.01.00.00.351430281805-0.548107596766-0.2697421286021.084.360.977649156328-0.21024301922-0.00.00.210243019220.9776491563280.00.00.0-0.01.00.00.351430281805-0.548107596766-0.2697421286021.0112.560.928345183286-0.371719276699-0.00.00.3717192766990.9283451832860.00.00.0-0.01.00.00.351430281805-0.548107596766-0.2697421286021.0141.160.928345183286-0.371719276699-0.00.00.3717192766990.9283451832860.00.00.0-0.01.00.00.351430281805-0.548107596766-0.2697421286021.0167.00.9999237066130.01235236632990.00.0-0.01235236632990.9999237066130.00.00.00.01.00.00.351430281805-0.548107596766-0.2697421286021.0200.00.982204502541-0.187814576615-0.00.00.1878145766150.9822045025410.00.00.0-0.01.00.00.351430281805-0.548107596766-0.2697421286021.0joint4joint31.00.844320504539-0.535838488366-0.00.00.5358384883660.8443205045390.00.00.0-0.01.00.0-0.702860563609-0.2016403256260.002344422468371.028.040.844320504539-0.535838488366-0.00.00.5358384883660.8443205045390.00.00.0-0.01.00.0-0.702860563609-0.2016403256260.002344422468371.056.240.844320504539-0.535838488366-0.00.00.5358384883660.8443205045390.00.00.0-0.01.00.0-0.702860563609-0.2016403256260.002344422468371.084.360.844320504539-0.535838488366-0.00.00.5358384883660.8443205045390.00.00.0-0.01.00.0-0.702860563609-0.2016403256260.002344422468371.0112.560.888632583239-0.458619812051-0.00.00.4586198120510.8886325832390.00.00.0-0.01.00.0-0.702860563609-0.2016403256260.002344422468371.0141.160.944986802661-0.327108457239-0.00.00.3271084572390.9449868026610.00.00.0-0.01.00.0-0.702860563609-0.2016403256260.002344422468371.0167.00.913880534026-0.405983213358-0.00.00.4059832133580.9138805340260.00.00.0-0.01.00.0-0.702860563609-0.2016403256260.002344422468371.0200.00.844320504539-0.535838488366-0.00.00.5358384883660.8443205045390.00.00.0-0.01.00.0-0.702860563609-0.2016403256260.002344422468371.0joint5joint41.00.9159054923130.4013939824540.00.0-0.4013939824540.9159054923130.00.00.00.01.00.00.328385673162-0.737427476574-0.009280675969091.028.040.9347695219430.3552547548550.00.0-0.3552547548550.9347695219430.00.00.00.01.00.00.328385673162-0.737427476574-0.009280675969091.056.240.9347695219430.3552547548550.00.0-0.3552547548550.9347695219430.00.00.00.01.00.00.328385673162-0.737427476574-0.009280675969091.084.360.9347695219430.3552547548550.00.0-0.3552547548550.9347695219430.00.00.00.01.00.00.328385673162-0.737427476574-0.009280675969091.0112.560.9347695219430.3552547548550.00.0-0.3552547548550.9347695219430.00.00.00.01.00.00.328385673162-0.737427476574-0.009280675969091.0141.160.8603540007460.5096969623210.00.0-0.5096969623210.8603540007460.00.00.00.01.00.00.328385673162-0.737427476574-0.009280675969091.0167.00.981740773810.1902236921070.00.0-0.1902236921070.981740773810.00.00.00.01.00.00.328385673162-0.737427476574-0.009280675969091.0200.00.9159054923130.4013939824540.00.0-0.4013939824540.9159054923130.00.00.00.01.00.00.328385673162-0.737427476574-0.009280675969091.0joint6joint51.00.9605317757870.2781702854430.00.0-0.2781702854430.9605317757870.00.00.00.01.00.00.380236042608-0.115223043215-0.0599397111421.028.040.8162788134780.5776581157290.00.0-0.5776581157290.8162788134780.00.00.00.01.00.00.380236042608-0.115223043215-0.0599397111421.056.240.7066630935330.7075501906150.00.0-0.7075501906150.7066630935330.00.00.00.01.00.00.380236042608-0.115223043215-0.0599397111421.084.360.7066630935330.7075501906150.00.0-0.7075501906150.7066630935330.00.00.00.01.00.00.380236042608-0.115223043215-0.0599397111421.0112.560.9884496466710.1515496486180.00.0-0.1515496486180.9884496466710.00.00.00.01.00.00.380236042608-0.115223043215-0.0599397111421.0141.160.9884496466710.1515496486180.00.0-0.1515496486180.9884496466710.00.00.00.01.00.00.380236042608-0.115223043215-0.0599397111421.0167.00.9884496466710.1515496486180.00.0-0.1515496486180.9884496466710.00.00.00.01.00.00.380236042608-0.115223043215-0.0599397111421.0200.00.9605317757870.2781702854430.00.0-0.2781702854430.9605317757870.00.00.00.01.00.00.380236042608-0.115223043215-0.0599397111421.0joint7joint11.00.8360218493060.548696152240.00.0-0.548696152240.8360218493060.00.00.00.01.00.01.22574731615e-08-0.1893227030670.3050061.028.040.6719273250990.7406170871540.00.0-0.7406170871540.6719273250990.00.00.00.01.00.01.22574731615e-08-0.1893227030670.3050061.056.240.8325880366370.5538927344250.00.0-0.5538927344250.8325880366370.00.00.00.01.00.01.22574731615e-08-0.1893227030670.3050061.084.360.9064046348450.4224105087840.00.0-0.4224105087840.9064046348450.00.00.00.01.00.01.22574731615e-08-0.1893227030670.3050061.0112.560.9742236821340.2255841687020.00.0-0.2255841687020.9742236821340.00.00.00.01.00.01.22574731615e-08-0.1893227030670.3050061.0141.160.999922497338-0.012449872165-0.00.00.0124498721650.9999224973380.00.00.0-0.01.00.01.22574731615e-08-0.1893227030670.3050061.0167.00.979864666755-0.199662802859-0.00.00.1996628028590.9798646667550.00.00.0-0.01.00.01.22574731615e-08-0.1893227030670.3050061.0200.00.8360218493060.548696152240.00.0-0.548696152240.8360218493060.00.00.00.01.00.01.22574731615e-08-0.1893227030670.3050061.0joint8joint71.00.987630641439-0.15679832936-0.00.00.156798329360.9876306414390.00.00.0-0.01.00.0	0.3514304-0.54810.2697421.028.040.987630641439-0.15679832936-0.00.00.156798329360.9876306414390.00.00.0-0.01.00.0	0.3514304-0.54810.2697421.056.240.9967291460220.08081466122720.00.0-0.08081466122720.9967291460220.00.00.00.01.00.0	0.3514304-0.54810.2697421.084.360.982329867854-0.187157769599-0.00.00.1871577695990.9823298678540.00.00.0-0.01.00.0	0.3514304-0.54810.2697421.0112.560.993612936571-0.112842067855-0.00.00.1128420678550.9936129365710.00.00.0-0.01.00.0	0.3514304-0.54810.2697421.0141.160.981896981784-0.189415725758-0.00.00.1894157257580.9818969817840.00.00.0-0.01.00.0	0.3514304-0.54810.2697421.0167.00.991578795715-0.129504794849-0.00.00.1295047948490.9915787957150.00.00.0-0.01.00.0	0.3514304-0.54810.2697421.0200.00.987630641439-0.15679832936-0.00.00.156798329360.9876306414390.00.00.0-0.01.00.0	0.3514304-0.54810.2697421.0joint9joint81.00.928099744513-0.372331658921-0.00.00.3723316589210.9280997445130.00.00.0-0.01.00.0	-0.702861	-0.201645	-0.0023441.028.040.928099744513-0.372331658921-0.00.00.3723316589210.9280997445130.00.00.0-0.01.00.0	-0.702861	-0.201645	-0.0023441.056.240.871510345776-0.490377117335-0.00.00.4903771173350.8715103457760.00.00.0-0.01.00.0	-0.702861	-0.201645	-0.0023441.084.360.955386598725-0.295358167277-0.00.00.2953581672770.9553865987250.00.00.0-0.01.00.0	-0.702861	-0.201645	-0.0023441.0112.560.955386598725-0.295358167277-0.00.00.2953581672770.9553865987250.00.00.0-0.01.00.0	-0.702861	-0.201645	-0.0023441.0141.160.955386598725-0.295358167277-0.00.00.2953581672770.9553865987250.00.00.0-0.01.00.0	-0.702861	-0.201645	-0.0023441.0167.00.955386598725-0.295358167277-0.00.00.2953581672770.9553865987250.00.00.0-0.01.00.0	-0.702861	-0.201645	-0.0023441.0200.00.928099744513-0.372331658921-0.00.00.3723316589210.9280997445130.00.00.0-0.01.00.0	-0.702861	-0.201645	-0.0023441.0joint10joint91.00.9977012242530.06776626833820.00.0-0.06776626833820.9977012242530.00.00.00.01.00.00.328386	-0.7374280.009281.028.040.9977012242530.06776626833820.00.0-0.06776626833820.9977012242530.00.00.00.01.00.00.328386	-0.7374280.009281.056.240.9977012242530.06776626833820.00.0-0.06776626833820.9977012242530.00.00.00.01.00.00.328386	-0.7374280.009281.084.360.9977012242530.06776626833820.00.0-0.06776626833820.9977012242530.00.00.00.01.00.00.328386	-0.7374280.009281.0112.560.9727632326280.23157916629-0.01013819451640.0-0.231695170630.970067464708-0.07270805885240.0-0.007002939000350.07307669707570.9973017372840.00.328386	-0.7374280.009281.0141.160.9727632326280.23157916629-0.01013819451640.0-0.231695170630.970067464708-0.07270805885240.0-0.007002939000350.07307669707570.9973017372840.00.328386	-0.7374280.009281.0167.00.9727632326280.23157916629-0.01013819451640.0-0.231695170630.970067464708-0.07270805885240.0-0.007002939000350.07307669707570.9973017372840.00.328386	-0.7374280.009281.0200.00.9977012242530.06776626833820.00.0-0.06776626833820.9977012242530.00.00.00.01.00.00.328386	-0.7374280.009281.0joint11joint101.01.00.00.00.00.01.00.00.00.00.01.00.00.380236	-0.1152230.059941.028.041.00.00.00.00.01.00.00.00.00.01.00.00.380236	-0.1152230.059941.056.240.9887171255250.1497946784550.00.0-0.1497946784550.9887171255250.00.00.00.01.00.00.380236	-0.1152230.059941.084.360.9887171255250.1497946784550.00.0-0.1497946784550.9887171255250.00.00.00.01.00.00.380236	-0.1152230.059941.0112.560.9887171255250.1497946784550.00.0-0.1497946784550.9887171255250.00.00.00.01.00.00.380236	-0.1152230.059941.0141.160.9265152986550.3759229542830.01585351070380.0-0.3758612050550.926650851577-0.006823035060430.0-0.01725560469130.0003629267292630.9998510451020.00.380236	-0.1152230.059941.0167.00.6747878332890.7369731577950.03914006560080.0-0.7364508423970.675860487301-0.02920202797490.0-0.0479743345807-0.009119561098320.9988069367130.00.380236	-0.1152230.059941.0200.01.00.00.00.00.01.00.00.00.00.01.00.00.380236	-0.1152230.059941.0joint12joint11.00.733446397008-0.679747293276-0.00.00.6797472932760.7334463970080.00.00.0-0.01.00.00.1395654651320.4181540184180.01.028.040.733446397008-0.679747293276-0.00.00.6797472932760.7334463970080.00.00.0-0.01.00.00.1395654651320.4181540184180.01.055.00.618188510767-0.786029875485-0.00.00.7860298754850.6181885107670.00.00.0-0.01.00.00.1395654651320.4181540184180.01.084.00.680870326382-0.732403985962-0.00.00.7324039859620.6808703263820.00.00.0-0.01.00.00.1395654651320.4181540184180.01.0112.560.733446397008-0.679747293276-0.00.00.6797472932760.7334463970080.00.00.0-0.01.00.00.1395654651320.4181540184180.01.0141.160.733446397008-0.679747293276-0.00.00.6797472932760.7334463970080.00.00.0-0.01.00.00.1395654651320.4181540184180.01.0169.680.698136288117-0.715964889652-0.00.00.7159648896520.6981362881170.00.00.0-0.01.00.00.1395654651320.4181540184180.01.0200.00.733446397008-0.679747293276-0.00.00.6797472932760.7334463970080.00.00.0-0.01.00.00.1395654651320.4181540184180.01.0joint13joint121.00.9434106296580.3291127787440.04075736395390.0-0.3309144361140.9422988501160.05068049961660.0-0.0217260171306-0.06129972216490.997882921110.00.06200621317460.4429015226760.01.029.00.9091196623240.3326937369730.2506318354760.0-0.3462936036040.9380627285810.01091134045970.0-0.231478248822-0.0967119156390.9680209841190.00.06200621317460.4429015226760.01.056.240.8886078918370.3412403321040.3064817291630.0-0.3467553518510.937181776213-0.03809257536150.0-0.30022781438-0.07242481674520.9511140338530.00.06200621317460.4429015226760.01.084.360.9211528495110.3508952609580.1683744151430.0-0.360720898910.9321649350120.03080530838170.0-0.146143289026-0.08911256797970.9852416400560.00.06200621317460.4429015226760.01.0112.560.9339949906940.3564654274020.02420240537660.0-0.3570265559320.9337542373210.02520044930320.0-0.0136160096422-0.03217799484930.9993894040510.00.06200621317460.4429015226760.01.0141.160.9531671227040.208350937781-0.2192312088240.0-0.2290156937050.970665368465-0.07321580772060.00.1975455598930.1199942881520.9729219509180.00.06200621317460.4429015226760.01.0167.00.9357634172870.213083224743-0.2809668418170.0-0.2343266329970.971166113118-0.04390227555160.00.2635106372340.1069201574240.9587127953670.00.06200621317460.4429015226760.01.0200.00.9434106296580.3291127787440.04075736395390.0-0.3309144361140.9422988501160.05068049961660.0-0.0217260171306-0.06129972216490.997882921110.00.06200621317460.4429015226760.01.0joint14joint131.00.996823889608-0.0162448491606-0.07796305523840.00.01343152392740.999244295687-0.03647508329070.00.07849667044750.03531207175770.9962887785760.0-0.1594445481630.3941823551810.01.028.040.996823889608-0.0162448491606-0.07796305523840.00.01343152392740.999244295687-0.03647508329070.00.07849667044750.03531207175770.9962887785760.0-0.2098059740640.394182355181-4.16333634234e-171.056.240.996823889608-0.0162448491606-0.07796305523840.00.01343152392740.999244295687-0.03647508329070.00.07849667044750.03531207175770.9962887785760.0-0.1168039448630.394182355181-4.16333634234e-171.084.360.996823889608-0.0162448491606-0.07796305523840.00.01343152392740.999244295687-0.03647508329070.00.07849667044750.03531207175770.9962887785760.0-0.1461843088180.3941823551811.38777878078e-171.0112.560.996823889608-0.0162448491606-0.07796305523840.00.01343152392740.999244295687-0.03647508329070.00.07849667044750.03531207175770.9962887785760.0-0.2103384065880.3941823551816.93889390391e-181.0141.160.982655577454-0.0299323577126-0.1830083879510.00.01186332155030.995012537048-0.09904197453380.00.1850602002060.0951530613250.9781097163510.0-0.2103384065880.3941823551816.93889390391e-181.0167.00.978783785043-0.0343651122315-0.2019934186990.00.01218455665030.993852229626-0.1100421839410.00.2045332215450.1052463050590.9731851707440.0-0.2103384065880.3941823551816.93889390391e-181.0200.00.996823889608-0.0162448491606-0.07796305523840.00.01343152392740.999244295687-0.03647508329070.00.07849667044750.03531207175770.9962887785760.0-0.1594445481630.3941823551810.01.0joint15joint141.00.935974375560.3520519587030.003374413898030.0-0.3514048958140.934756287272-0.05239544448650.0-0.02160017346560.04785500787120.9986207141490.00.4074694008610.2170217461110.01.028.040.9349186620120.3456313814680.08041171287140.0-0.3427096506370.938208622547-0.04811107916570.0-0.09207166112570.01742207573620.9955999600720.00.4074694008610.2170217461110.01.055.00.9305491550130.3234228530560.1716855504250.0-0.3234929153520.945805491547-0.02836028696940.0-0.171553501337-0.02914841815560.9847435025930.00.4074694008610.2170217461110.01.084.360.9349186620120.3456313814680.08041171287140.0-0.3427096506370.938208622547-0.04811107916570.0-0.09207166112570.01742207573620.9955999600720.00.4074694008610.2170217461110.01.0112.560.9349186620120.3456313814680.08041171287140.0-0.3427096506370.938208622547-0.04811107916570.0-0.09207166112570.01742207573620.9955999600720.00.4074694008610.2170217461110.01.0141.160.9267718453340.3693141798590.06856371673210.0-0.3710611102040.9284981102430.01431473959710.0-0.0583746451027-0.03870782648220.9975440366110.00.4359964934250.217021746111-5.55111512313e-171.0167.00.9267718453340.3693141798590.06856371673210.0-0.3710611102040.9284981102430.01431473959710.0-0.0583746451027-0.03870782648220.9975440366110.00.4830379749610.217021746111-1.09620931284e-161.0200.00.935974375560.3520519587030.003374413898030.0-0.3514048958140.934756287272-0.05239544448650.0-0.02160017346560.04785500787120.9986207141490.00.4074694008610.2170217461110.01.0joint16joint151.00.924498461795-0.3811632017490.004148225080980.00.3811857190080.924437750235-0.01059686581160.00.0002043594399130.01137803030270.9999352472350.00.30172320391-0.469726696698-2.42167397246e-151.056.00.924498461795-0.3811632017490.004148225080980.00.3811857190080.924437750235-0.01059686581160.00.0002043594399130.01137803030270.9999352472350.00.271478576537-0.518743958767-2.19962936754e-151.084.360.924498461795-0.3811632017490.004148225080980.00.3811857190080.924437750235-0.01059686581160.00.0002043594399130.01137803030270.9999352472350.00.30172320391-0.469726696698-2.42167397246e-151.0141.00.924498461795-0.3811632017490.004148225080980.00.3811857190080.924437750235-0.01059686581160.00.0002043594399130.01137803030270.9999352472350.00.273168521734-0.524441261964-2.33840724562e-151.0167.00.924498461795-0.3811632017490.004148225080980.00.3811857190080.924437750235-0.01059686581160.00.0002043594399130.01137803030270.9999352472350.00.30172320391-0.469726696698-2.42167397246e-151.0200.00.924498461795-0.3811632017490.004148225080980.00.3811857190080.924437750235-0.01059686581160.00.0002043594399130.01137803030270.9999352472350.00.30172320391-0.469726696698-2.42167397246e-151.0joint17joint131.00.975889267710.21584907514-0.0323931154640.0-0.2079536271990.874404498859-0.4383743392470.0-0.06629800979780.4345410787680.8982085641770.0-0.3347388446660.184352697674-0.6938089937851.028.040.8681592476830.496104730821-0.013402116250.0-0.4639282083310.801668452929-0.3769592936830.0-0.1762672351230.333478316590.92613285990.0-0.3347388446660.184352697674-0.6938089937851.056.240.8109604524740.5501726875960.1991310079980.0-0.4584140867460.808932266356-0.368083025310.0-0.3635927248940.2072163175790.9082189868820.0-0.3347388446660.184352697674-0.6938089937851.084.360.8109604524740.5501726875960.1991310079980.0-0.4584140867460.808932266356-0.368083025310.0-0.3635927248940.2072163175790.9082189868820.0-0.3347388446660.184352697674-0.6938089937851.0112.560.9678739515070.1448036264710.2055527274350.0-0.05723489846250.922936671276-0.3806731763750.0-0.244835006470.3566788619670.9015741838770.0-0.3347388446660.184352697674-0.6938089937851.0141.160.974022675957-0.2148756451990.0714722591060.00.2255659341360.892756296356-0.3900079546290.00.0199959015520.3959982985020.9180335023870.0-0.3347388446660.184352697674-0.6938089937851.0167.00.934022823757-0.3532182342680.05327516946520.00.3483775474070.867765513662-0.3544236134380.00.07895852812510.3495996171050.9335660975830.0-0.3347388446660.184352697674-0.6938089937851.0200.00.975889267710.21584907514-0.0323931154640.0-0.2079536271990.874404498859-0.4383743392470.0-0.06629800979780.4345410787680.8982085641770.0-0.3347388446660.184352697674-0.6938089937851.0joint18joint171.00.7587772039390.5361250277430.3699014860890.0-0.4432027082520.841125994551-0.3099651927060.0-0.4773138529120.07125318181860.8758392945620.0-0.00796245052187-0.847987274243-0.7853518505771.028.040.7587772039390.5361250277430.3699014860890.0-0.4432027082520.841125994551-0.3099651927060.0-0.4773138529120.07125318181860.8758392945620.0-0.00796245052187-0.847987274243-0.7853518505771.056.240.7587772039390.5361250277430.3699014860890.0-0.4432027082520.841125994551-0.3099651927060.0-0.4773138529120.07125318181860.8758392945620.0-0.00796245052187-0.847987274243-0.7853518505771.084.360.6430478424350.5856690715360.4934381531520.0-0.4757959253220.810412194417-0.3418337499250.0-0.600089751443-0.01496040730780.7997927709270.0-0.00796245052187-0.847987274243-0.7853518505771.0112.560.6621765105650.7140460265990.2272895526730.0-0.6798801658820.700029118277-0.2184540995370.0-0.315095586919-0.009874485424550.9490085698460.0-0.00796245052187-0.847987274243-0.7853518505771.0141.160.6621765105650.7140460265990.2272895526730.0-0.6798801658820.700029118277-0.2184540995370.0-0.315095586919-0.009874485424550.9490085698460.0-0.00796245052187-0.847987274243-0.7853518505771.0167.00.6621765105650.7140460265990.2272895526730.0-0.6798801658820.700029118277-0.2184540995370.0-0.315095586919-0.009874485424550.9490085698460.0-0.00796245052187-0.847987274243-0.7853518505771.0200.00.7587772039390.5361250277430.3699014860890.0-0.4432027082520.841125994551-0.3099651927060.0-0.4773138529120.07125318181860.8758392945620.0-0.00796245052187-0.847987274243-0.7853518505771.0joint19joint181.01.00.00.00.00.01.00.00.00.00.01.00.00.200024558978-0.693807769835-0.4818109512741.028.041.00.00.00.00.01.00.00.00.00.01.00.00.200024558978-0.693807769835-0.4818109512741.056.241.00.00.00.00.01.00.00.00.00.01.00.00.200024558978-0.693807769835-0.4818109512741.084.361.00.00.00.00.01.00.00.00.00.01.00.00.200024558978-0.693807769835-0.4818109512741.0112.561.00.00.00.00.01.00.00.00.00.01.00.00.200024558978-0.693807769835-0.4818109512741.0141.161.00.00.00.00.01.00.00.00.00.01.00.00.200024558978-0.693807769835-0.4818109512741.0167.01.00.00.00.00.01.00.00.00.00.01.00.00.200024558978-0.693807769835-0.4818109512741.0200.01.00.00.00.00.01.00.00.00.00.01.00.00.200024558978-0.693807769835-0.4818109512741.0joint20joint131.00.9739616883430.2215823096920.04795737348970.0-0.2263944275810.9393813605840.2575038301610.00.0120080306828-0.2616561472980.9650864561170.0-0.3124362231640.281122418350.6938091.028.040.98199144729-0.1807560891820.05495483302060.00.1696732713850.9717171957890.1642457682450.0-0.0830889789705-0.1519635733730.9848874524230.0-0.3124362231640.281122418350.6938091.056.240.941677124832-0.330768723850.06193741915590.00.3225917172190.9396860006540.1136873086880.0-0.0958059317102-0.08707623956970.9915840619690.0-0.3124362231640.281122418350.6938091.084.360.941677124832-0.330768723850.06193741915590.00.3225917172190.9396860006540.1136873086880.0-0.0958059317102-0.08707623956970.9915840619690.0-0.3124362231640.281122418350.6938091.0112.560.9975445383710.04796227065590.05103444482750.0-0.05387005236770.9911276728380.1215070104710.0-0.0447538984137-0.1239578828840.99127772690.0-0.3124362231640.281122418350.6938091.0141.160.8826390852790.429271055321-0.1915061518660.0-0.4356209172010.9000766424950.009821106466950.00.1765861309260.07475559309710.9814422752590.0-0.3124362231640.281122418350.6938091.0167.00.8247606119440.439870596286-0.3553643081520.0-0.4768790195360.878762508367-0.01904874313910.00.3039018488130.1851764358980.9345337628340.0-0.3124362231640.281122418350.6938091.0200.00.9739616883430.2215823096920.04795737348970.0-0.2263944275810.9393813605840.2575038301610.00.0120080306828-0.2616561472980.9650864561170.0-0.3124362231640.281122418350.6938091.0joint21joint201.00.89578793540.421291847654-0.1416938738670.0-0.3447229661210.8597320048270.3768646394990.00.280588758541-0.2887456648620.9153665329280.0	-0.007962-0.847990.7853511.028.040.89578793540.421291847654-0.1416938738670.0-0.3447229661210.8597320048270.3768646394990.00.280588758541-0.2887456648620.9153665329280.0	-0.007962-0.847990.7853511.056.240.89578793540.421291847654-0.1416938738670.0-0.3447229661210.8597320048270.3768646394990.00.280588758541-0.2887456648620.9153665329280.0	-0.007962-0.847990.7853511.084.360.7844643446460.600763920316-0.1539428596160.0-0.4939132322050.7553182332320.4307482856610.00.375053877507-0.2618722562510.8892454725070.0	-0.007962-0.847990.7853511.0112.560.7844643446460.600763920316-0.1539428596160.0-0.4939132322050.7553182332320.4307482856610.00.375053877507-0.2618722562510.8892454725070.0	-0.007962-0.847990.7853511.0141.160.7844643446460.600763920316-0.1539428596160.0-0.4939132322050.7553182332320.4307482856610.00.375053877507-0.2618722562510.8892454725070.0	-0.007962-0.847990.7853511.0167.00.7844643446460.600763920316-0.1539428596160.0-0.4939132322050.7553182332320.4307482856610.00.375053877507-0.2618722562510.8892454725070.0	-0.007962-0.847990.7853511.0200.00.89578793540.421291847654-0.1416938738670.0-0.3447229661210.8597320048270.3768646394990.00.280588758541-0.2887456648620.9153665329280.0	-0.007962-0.847990.7853511.0joint22joint211.00.902593267506-0.3619282304660.2330951510520.00.3667329471330.9300172433270.02397650101140.0-0.2254602823980.06384264331650.9721583091020.0	0.2000245-0.693810.481811.028.040.902593267506-0.3619282304660.2330951510520.00.3667329471330.9300172433270.02397650101140.0-0.2254602823980.06384264331650.9721583091020.0	0.2000245-0.693810.481811.056.240.902593267506-0.3619282304660.2330951510520.00.3667329471330.9300172433270.02397650101140.0-0.2254602823980.06384264331650.9721583091020.0	0.2000245-0.693810.481811.084.360.902593267506-0.3619282304660.2330951510520.00.3667329471330.9300172433270.02397650101140.0-0.2254602823980.06384264331650.9721583091020.0	0.2000245-0.693810.481811.0112.560.902593267506-0.3619282304660.2330951510520.00.3667329471330.9300172433270.02397650101140.0-0.2254602823980.06384264331650.9721583091020.0	0.2000245-0.693810.481811.0141.160.902593267506-0.3619282304660.2330951510520.00.3667329471330.9300172433270.02397650101140.0-0.2254602823980.06384264331650.9721583091020.0	0.2000245-0.693810.481811.0167.00.902593267506-0.3619282304660.2330951510520.00.3667329471330.9300172433270.02397650101140.0-0.2254602823980.06384264331650.9721583091020.0	0.2000245-0.693810.481811.0200.00.902593267506-0.3619282304660.2330951510520.00.3667329471330.9300172433270.02397650101140.0-0.2254602823980.06384264331650.9721583091020.0	0.2000245-0.693810.481811.0