joint1root1.00.115782501966-0.0515428765504-0.991936360920.0-0.9297824242020.345694620253-0.126490605080.00.3494267532460.936930393042-0.007898272660250.0-0.09776860916960.780522402958-0.4652356817181.050.0-0.225151936626-0.105342757179-0.9686121560990.0-0.9216947016660.3453407096210.1766880618450.00.3158884017390.93254635155-0.1748479907180.0-0.09776860916960.780522402958-0.4652356817181.054.050.125150340274-0.154928099483-0.9799666710250.0-0.9239343763380.341695912219-0.1720150336280.00.3615005678420.926952635016-0.1003800372880.0-0.09776860916960.780522402958-0.4652356817181.059.00.476633391771-0.240486534822-0.8455689424390.0-0.7845340600530.317620889736-0.5325629343280.00.3966445744820.917214913187-0.03728115558020.0-0.09776860916960.780522402958-0.4652356817181.072.00.476633391771-0.240486534822-0.8455689424390.0-0.7845340600530.317620889736-0.5325629343280.00.3966445744820.917214913187-0.03728115558020.0-0.09776860916960.780522402958-0.4652356817181.0115.00.378771803802-0.214314798074-0.9003338758320.0-0.8363889915490.337208281293-0.4321389010990.00.3962138001880.916711373527-0.05152554887320.0-0.09776860916960.780522402958-0.4652356817181.0140.00.285159532393-0.184809212178-0.940494336070.0-0.874021922240.352609570892-0.3342935386130.00.3934078297750.917339656621-0.06097732252230.0-0.09776860916960.780522402958-0.4652356817181.0180.00.115782501966-0.0515428765504-0.991936360920.0-0.9297824242020.345694620253-0.126490605080.00.3494267532460.936930393042-0.007898272660250.0-0.09776860916960.780522402958-0.4652356817181.0joint2joint11.00.6434424389450.2316317856410.7296084865490.0-0.1147905178670.971539659894-0.2072047930430.0-0.7568387970840.04957222138560.6517189809230.00.294323376811-0.562185969376-0.1154387537311.050.00.885840024859-0.4041354510720.2279517219590.00.3955999980670.9145647020020.08409546588230.0-0.2424625577020.01568257117860.9700340020190.00.156369483567-0.546019734277-0.1868875454341.054.050.808634623013-0.5865376183730.04564722005070.00.4575971521460.6758368375210.5777970365080.0-0.369749770537-0.4463386508960.8149030101210.00.191485659022-0.481099197559-0.2242992493281.059.00.716317734988-0.6918296929570.09088772460890.00.3793106019280.4954012214780.7814736700770.0-0.585672579012-0.5253087717730.6172830181460.00.191485659022-0.481099197559-0.2242992493281.072.00.716317734988-0.6918296929570.09088772460890.00.3793106019280.4954012214780.7814736700770.0-0.585672579012-0.5253087717730.6172830181460.00.191485659022-0.481099197559-0.2242992493281.0115.00.810709743237-0.5790284773790.08646233056080.00.3176703642480.5591294679330.7658066190410.0-0.491767477473-0.5933803674490.6372318947030.00.191485659022-0.481099197559-0.2242992493281.0140.00.911377065235-0.4037764294880.07972728487190.00.2093315852050.6215456036410.7548916147570.0-0.354361584259-0.6713014655020.6509855682090.00.191485659022-0.481099197559-0.2242992493281.0180.00.6434424389450.2316317856410.7296084865490.0-0.1147905178670.971539659894-0.2072047930430.0-0.7568387970840.04957222138560.6517189809230.00.294323376811-0.562185969376-0.1154387537311.0joint3joint21.00.9286598288030.3347895650530.1597087020140.0-0.2867802341920.921099363853-0.2633117148670.0-0.235261598320.1987257130840.9513990074170.00.209671902916-0.07728182253140.1740420102761.050.00.9404137779010.211512400713-0.2662413016010.0-0.3047624535470.871549543467-0.384084938770.00.1508037573850.4423391206150.8840782369970.00.236407781134-0.02764695050360.1530061786281.054.050.919959069351-0.372255118844-0.1228879050770.00.3012570686580.871924321628-0.3859950206120.00.2508375755410.3180787698790.9142791733650.00.172414114499-0.1304057015170.1807200046011.059.00.872526543146-0.464235815383-0.1522581335140.00.4613834826380.885447918979-0.05574284459770.00.160694472381-0.02161227639870.986767549150.00.118345336341-0.1435335031640.1688536654211.072.00.872526543146-0.464235815383-0.1522581335140.00.4613834826380.885447918979-0.05574284459770.00.160694472381-0.02161227639870.986767549150.00.118345336341-0.1435335031640.1688536654211.0115.00.886729569421-0.391835664373-0.2453069155960.00.3752887362080.91999955779-0.1129565320890.00.2699426516680.008100974725820.9628423230310.00.118345336341-0.1435335031640.1688536654211.0140.00.9151327977160.0946528045593-0.3918836678580.0-0.1560567918310.979437670349-0.1278597967470.00.3717233383420.1781648014890.9110867484720.00.189838486021-0.0778811365920.1545648176621.0180.00.9286598288030.3347895650530.1597087020140.0-0.2867802341920.921099363853-0.2633117148670.0-0.235261598320.1987257130840.9513990074170.00.209671902916-0.07728182253140.1740420102761.0joint4joint31.00.5755488184140.201386228570.7925825790190.0-0.1756094917190.97702897557-0.1207298112090.0-0.798689466589-0.06969912365780.5976932056840.00.222659298893-0.1374739761950.1618662397391.050.00.762252630830.244749388070.5992233839170.0-0.1939472267260.969583383591-0.1493068501730.0-0.61753979632-0.002408174155040.786535950010.00.222659298893-0.1374739761950.1618662397391.054.050.81694228803-0.0063834866240.5766840982090.00.05274415221980.996575142729-0.06368704185750.0-0.5743024921030.08244535155150.8144810688850.00.213274781606-0.1815785894820.1529858621211.059.00.520960141028-0.802355235850.2912500763340.00.7347161647930.5951913445120.3254833645680.0-0.4345028062660.04442227957180.899574328460.00.118407432803-0.3202079729410.07627044952231.072.00.520960141028-0.802355235850.2912500763340.00.7347161647930.5951913445120.3254833645680.0-0.4345028062660.04442227957180.899574328460.00.118407432803-0.3202079729410.07627044952231.0115.00.795335270638-0.5417882064620.2718590565320.00.5772218276730.813854138077-0.06675630001680.0-0.1850858420760.2100166214210.9600188799130.00.189896361601-0.2636863656730.1227491748261.0140.00.4192220565330.1220559585790.8996417121790.0-0.06091300200430.9924702811-0.1062654568560.0-0.905837995175-0.01025105405560.423500227140.00.186555663295-0.2421663084440.1775250300371.0180.00.5755488184140.201386228570.7925825790190.0-0.1756094917190.97702897557-0.1207298112090.0-0.798689466589-0.06969912365780.5976932056840.00.222659298893-0.1374739761950.1618662397391.0