joint1root1.00.115782501966-0.0515428765504-0.991936360920.0-0.9297824242020.345694620253-0.126490605080.00.3494267532460.936930393042-0.007898272660250.0-0.09776860916960.780522402958-0.4652356817181.047.860.363381530067-0.0802581955005-0.9281769689350.0-0.8672294966140.334870378146-0.3684763629370.00.3403922205480.9388399500950.05208343590190.0-0.09776860916960.780522402958-0.4652356817181.063.57-0.059496056178-0.365685208658-0.9288350485790.0-0.07152382901960.929653476174-0.3614260036580.00.9956628752650.0449304173842-0.08146592178360.0-0.09776860916960.780522402958-0.4652356817181.089.89-0.13490316667-0.365213134173-0.9210974444920.00.05456196585970.925446636557-0.3749286795730.00.989355410105-0.10083595347-0.1049189352980.0-0.09776860916960.780522402958-0.4652356817181.0134.530.126581986189-0.301783612088-0.9449357926590.0-0.4591354980380.826589000447-0.3254922714620.00.8793017657290.475055023987-0.03392829159730.0-0.09776860916960.780522402958-0.4652356817181.0179.780.115782501966-0.0515428765504-0.991936360920.0-0.9297824242020.345694620253-0.126490605080.00.3494267532460.936930393042-0.007898272660250.0-0.09776860916960.780522402958-0.4652356817181.0joint2joint11.00.6434424389450.2316317856410.7296084865490.0-0.1147905178670.971539659894-0.2072047930430.0-0.7568387970840.04957222138560.6517189809230.00.294323376811-0.562185969376-0.1154387537311.044.870.7718399384190.005443892179110.6357935777430.0-0.1688747050240.9658024662440.1967407690360.0-0.612979969872-0.2592218359550.7463642517560.00.298772669785-0.530298089903-0.1754418252211.063.320.884789338152-0.2052546616420.4183519462930.0-0.09330976683450.8015476622620.5906053102840.0-0.45655351768-0.5615976041580.690048560970.00.301927630999-0.516365362758-0.2732261290151.089.760.884789338152-0.2052546616420.4183519462930.0-0.09330976683450.8015476622620.5906053102840.0-0.45655351768-0.5615976041580.690048560970.00.30296825316-0.516804895906-0.2807912156021.0135.250.814981562624-0.06262907900030.5760925715950.0-0.1641625507480.928464639050.3331727344260.0-0.555747883051-0.3661024617460.7464002130150.00.31097641452-0.544829368013-0.2349724989321.0180.140.6434424389450.2316317856410.7296084865490.0-0.1147905178670.971539659894-0.2072047930430.0-0.7568387970840.04957222138560.6517189809230.00.294323376811-0.562185969376-0.1154387537311.0joint3joint21.00.9286598288030.3347895650530.1597087020140.0-0.2867802341920.921099363853-0.2633117148670.0-0.235261598320.1987257130840.9513990074170.00.209671902916-0.07728182253140.1740420102761.044.640.9743803168770.1749373083740.1413504022680.0-0.1566716499230.978862806891-0.1314594971670.0-0.1613598221140.1059459457660.9811923686940.00.2025315435-0.122935205790.151513642891.063.960.997314331939-0.03887641998230.06207050248480.00.03492748394920.9973714045540.06348505526680.0-0.0643754159158-0.06114658900230.9960506515630.00.221495675933-0.2665825555290.1142838066951.089.850.997314331939-0.03887641998230.06207050248480.00.03492748394920.9973714045540.06348505526680.0-0.0643754159158-0.06114658900230.9960506515630.00.19961743149-0.3152382286510.05958045129481.0134.530.9951513079310.0379336854260.09074640397220.0-0.03727850114460.999265240428-0.008904640629550.0-0.09101751301970.00547857484480.9958342219170.00.223120813334-0.276583267140.09868131480341.0179.740.9286598288030.3347895650530.1597087020140.0-0.2867802341920.921099363853-0.2633117148670.0-0.235261598320.1987257130840.9513990074170.00.209671902916-0.07728182253140.1740420102761.0joint4joint31.00.5755488184140.201386228570.7925825790190.0-0.1756094917190.97702897557-0.1207298112090.0-0.798689466589-0.06969912365780.5976932056840.00.222659298893-0.1374739761950.1618662397391.047.860.6178852880930.07566385623440.7826191612890.0-0.08122909569390.996175846896-0.03217943556080.0-0.782061125981-0.04368824693210.621668506770.00.208112403441-0.1805812152240.1390686764291.062.960.803702270419-0.14786568460.5763665498980.00.1332348042510.9887573851420.06787724407140.0-0.5799233979240.02223898928220.8143674108760.00.191970310692-0.210719678840.1099225661191.089.890.795629255591-0.0286635117520.6051053550760.00.04562974103270.998877936964-0.01268044868770.0-0.6040629225350.03769973659960.7960444180320.00.191970310692-0.210719678840.1099225661191.0134.530.7699072899750.1061106041510.629272043340.0-0.05463197520530.99341849289-0.1006729619560.0-0.6358129537280.04313047264450.7706371715680.00.193495605993-0.16607427490.1203127896511.0179.780.5755488184140.201386228570.7925825790190.0-0.1756094917190.97702897557-0.1207298112090.0-0.798689466589-0.06969912365780.5976932056840.00.222659298893-0.1374739761950.1618662397391.0