joint4root	2.51.00.00.00.00.01.00.00.00.00.01.00.01.008022072872.563071913910.01.024.970.9738836907170.2201404931420.05557625603710.0-0.2013012898890.950399529999-0.2371044581330.0-0.1050159399560.2197245927440.9698931671570.00.3754251136933.0750489176-0.279358651471.049.110.9700241728790.2263080986770.08853105954610.0-0.2007952003040.951634969636-0.2325342385540.0-0.1368736335670.2077872205840.9685505043080.00.3536237466033.0430543335-0.2619009066831.058.590.923837734981-0.0228686015948-0.3821005973390.0-0.05643767388620.979166749933-0.1950570808550.00.3786008827140.2017659606730.9033005417480.01.494340641982.66281097085-0.2444259533411.068.150.617897117991-0.176809352765-0.7661211420870.00.1413369037180.983493056158-0.1129835746330.00.773451376122-0.03846896494970.6326872114330.02.635058069472.30127613792-0.220173746371.075.430.642491854312-0.173983974569-0.7462799700760.00.1509639453850.983536396766-0.09932795895740.00.751274985832-0.04884396410850.6581794305760.02.63300126392.31683050723-0.1881094479581.081.470.692804945702-0.167174164859-0.701479939710.00.1466646026960.985091477608-0.08991259678460.00.706052973599-0.04059038492320.7069947801250.02.627454975082.34612948325-0.1571617907141.091.550.788254337907-0.147616395-0.5973813678860.00.1296378942410.988849048362-0.07329103580980.00.601538955636-0.01967128568460.798601230510.02.569744924442.39837103189-0.1105640944221.0124.71.00.00.00.00.01.00.00.00.00.01.00.01.008022072872.563071913910.01.0joint5joint42.51.00.00.00.00.01.00.00.00.00.01.00.00.88988050367-0.3299556923720.01.014.720.982291616805-0.187358425363-0.00.00.1873584253630.9822916168050.00.00.0-0.01.00.00.88988050367-0.3299556923720.01.036.380.9642802640530.2648840734340.00.0-0.2648840734340.9642802640530.00.00.00.01.00.00.88988050367-0.3299556923720.01.050.810.9313027640560.2887970891710.2219716264480.0-0.282151443970.957376908073-0.06180629866620.0-0.230359988556-0.00506923813880.9730922764550.00.88988050367-0.3299556923720.01.065.550.6914156756320.3656839624330.6230727109340.0-0.2318223141930.929128754186-0.2880593216450.0-0.6842534458320.05472657273820.7271878877590.00.88988050367-0.3299556923720.01.087.650.9269011944920.209226632860.3115740550030.0-0.1484665660580.966881086501-0.2076021274710.0-0.3446909549320.1461683299130.9272663937180.00.88988050367-0.3299556923720.01.0124.71.00.00.00.00.01.00.00.00.00.01.00.00.88988050367-0.3299556923720.01.0joint6joint52.51.00.00.00.00.01.00.00.00.00.01.00.00.569923468643-0.2799624056490.01.013.531.00.00.00.00.01.00.00.00.00.01.00.00.569923468643-0.2799624056490.01.027.850.975355727112-0.220638177998-0.00.00.2206381779980.9753557271120.00.00.0-0.01.00.00.569923468643-0.2799624056490.01.058.070.946802414892-0.321815455122-0.00.00.3218154551220.9468024148920.00.00.0-0.01.00.00.569923468643-0.2799624056490.01.077.320.996866625490.07910076474650.00.0-0.07910076474650.996866625490.00.00.00.01.00.00.569923468643-0.2799624056490.01.0124.71.00.00.00.00.01.00.00.00.00.01.00.00.569923468643-0.2799624056490.01.0joint11joint42.51.00.00.00.00.01.00.00.00.00.01.00.0-0.565528072873-0.1886519139151.469091.024.970.951871151109-0.306477321859-0.003600399017140.00.3062878312930.9507159275680.04823887922930.0-0.0113611658245-0.04701995590690.9988293386050.0-0.565528072873-0.1886519139151.469091.049.110.899437665908-0.2544218313180.355360967040.00.4359233795760.463926033455-0.7711961116490.00.0313479231480.848552984340.528180973230.0-0.565528072873-0.1886519139151.469091.068.150.461468750350.2477132593030.8518713128260.00.3534257152810.829407287402-0.4326358923870.0-0.8137179217820.5007211726790.2951973085950.0-0.565528072873-0.1886519139151.469091.075.430.2507539872650.9413708346520.2257064233420.0-0.9079237277540.1478073420360.3922084831060.00.335852560585-0.3032720582370.8917561977590.0-0.565528072873-0.1886519139151.469091.081.470.3634948007460.8859266676380.288106697940.0-0.7768692862770.1175821921750.6185859197580.00.514145545415-0.4486740104470.7309897334980.0-0.565528072873-0.1886519139151.469091.091.550.491833813230.8300900078820.2627738171470.0-0.5688469043390.07786168722560.8187495081440.00.659175772907-0.5521667650960.5104891418390.0-0.565528072873-0.1886519139151.469091.0124.70.9257337688060.335670054777-0.1741912845630.0-0.335041654650.9415932269180.03390110134320.00.1753969182780.02697794189250.9841280972060.0-0.565528072873-0.1886519139151.469091.0joint12joint11	2.51.00.00.00.00.01.00.00.00.00.01.00.0	-0.655518-1.344391.336291.024.970.9982838649410.0467330519603-0.03528947227870.0-0.04594016206390.9986804195840.02295476091720.00.0363156510169-0.02129416337160.9991134730840.0	-0.655518-1.344391.336291.049.110.7947139404920.465659472225-0.3893469002240.0-0.4020778826360.8843915094860.2370338251060.00.454712138701-0.03182630792720.8900696360630.0	-0.655518-1.344391.336291.058.590.999716206476-0.02084405496950.0115339447440.00.02091757542510.999761412203-0.006290763652660.0-0.01140006786220.006530240533810.9999136934810.0	-0.655518-1.344391.336291.068.150.9792159869210.161340701691-0.1229033316760.0-0.1523369824730.9851263982920.07949479957040.00.133901063216-0.0591198559330.9892296739910.0	-0.655518-1.344391.336291.075.430.835642830949-0.4721240167170.280713326940.00.5237692576710.838841351671-0.1483608824660.0-0.1654292108490.2710057186950.9482558075920.0	-0.655518-1.344391.336291.081.470.826155051206-0.4837393265370.2889015322380.00.5385271743350.82871330711-0.1523900820950.0-0.1656994685270.2814791618940.9451524573050.0	-0.655518-1.344391.336291.091.550.82578788252-0.4841792109540.2892142195030.00.539088780810.828319860454-0.1525434206490.0-0.1657035288940.2818806493150.945032084140.0	-0.655518-1.344391.336291.0124.70.994070549266-0.09509043587020.05274042177170.00.0966942986230.994899215323-0.02873610904380.0-0.04973887510230.03366541779320.9981947124430.0	-0.655518-1.344391.336291.0joint13joint122.51.00.00.00.00.01.00.00.00.00.01.00.01.378624-0.6074-0.218671.013.670.9850224274770.168302100430.03748626893280.0-0.1722926849560.9521613672420.2523964370650.00.00678587341921-0.2550747610480.9668975220770.01.378624-0.6074-0.218671.029.270.986587883850.1593308761770.0354685683030.0-0.1631783176590.9571864292050.2390961655750.00.00414536930854-0.2416770813360.9703478779640.01.378624-0.6074-0.218671.049.110.8416136360880.5400088506510.008770904662760.0-0.5366519438030.8343343675160.1260589322290.00.0607550719127-0.110799839350.9919839801310.01.378624-0.6074-0.218671.070.090.988910985256-0.0465158074259-0.1410366721770.00.1397753570550.6124089250990.778086215030.00.0501788082681-0.7891714567310.6121196770910.01.378624-0.6074-0.218671.086.360.61238258095-0.464541764083-0.6396784535780.00.776390506160.5059091034620.3758640192650.00.149014618389-0.7268128565570.6704757378530.01.378624-0.6074-0.218671.0124.71.00.00.00.00.01.00.00.00.00.01.00.01.378624-0.6074-0.218671.0joint14joint132.51.00.00.00.00.01.00.00.00.00.01.00.00.39962-0.186270.226771.035.881.00.00.00.00.01.00.00.00.00.01.00.00.39962-0.186270.226771.049.950.9002614580840.4280651786950.07930643024490.0-0.4114331240680.896116335345-0.1664280563710.0-0.1423098433310.117199472340.9828591924450.00.39962-0.186270.226771.073.020.9494290906840.29555022322-0.1059927701160.0-0.2738419722080.9445949927220.1809720254110.00.153606562424-0.1427948363170.9777600210180.00.39962-0.186270.226771.086.930.8817079028-0.333119062892-0.3341000809320.00.4443867490440.8242290363890.3509514394440.00.158466373135-0.4579063064770.8747629525040.00.39962-0.186270.226771.0124.71.00.00.00.00.01.00.00.00.00.01.00.00.39962-0.186270.226771.0joint7joint4	2.51.00.00.00.00.01.00.00.00.00.01.00.0-0.565528195641-0.188656669227-1.46909253831.024.970.997502546414-0.05649603853840.04238947424990.00.05055133493240.9902032851510.130161502040.0-0.0493278058935-0.1276935852190.9905862485720.0-0.565528195641-0.188656669227-1.46909253831.049.110.997684667897-0.06800330548950.0009240598398330.00.06732554479260.9894810408770.128041168240.0-0.00962156237117-0.127682497580.9917684232470.0-0.565528195641-0.188656669227-1.46909253831.058.590.932444816765-0.03311648963640.3597915532660.0-0.07506908979690.9563040242630.2825725480940.0-0.353427921144-0.2904925322510.8892147059410.0-0.565528195641-0.188656669227-1.46909253831.068.150.7744011313590.07784850348890.6278873292670.0-0.2706350056880.937786769730.2175147540160.0-0.571891232181-0.3383719625250.7472916656380.0-0.565528195641-0.188656669227-1.46909253831.075.430.7944076725650.07753645852320.6024155935640.0-0.2481989220530.9466706417310.2054555698360.0-0.554358859279-0.3127343820.7712868866080.0-0.565528195641-0.188656669227-1.46909253831.081.470.839701834120.0402834178850.5415515451170.0-0.1897364350830.956158567390.2230714665920.0-0.50882306844-0.2900655792220.810531334850.0-0.565528195641-0.188656669227-1.46909253831.091.550.912271061069-0.040601090570.4075697027250.0-0.06444740891820.9684504691260.2407285199820.0-0.404484910249-0.2458764736480.8808727019770.0-0.565528195641-0.188656669227-1.46909253831.0124.71.00.00.00.00.01.00.00.00.00.01.00.0-0.565528195641-0.188656669227-1.46909253831.0joint8joint7	2.51.00.00.00.00.01.00.00.00.00.01.00.0-0.655517427181-1.34438332078-1.336284626071.024.970.99465969894-0.0902613605415-0.05004967629560.00.09170203042960.9954129498340.02727264045620.00.0473584302865-0.03171665328410.9983742950340.0-0.655517427181-1.34438332078-1.336284626071.049.110.99664850173-0.0715547863611-0.03964437599820.00.0724495374660.9971379315890.02161041200880.00.0379845826675-0.02441020145450.9989801367120.0-0.655517427181-1.34438332078-1.336284626071.058.590.999015203550.03541223011420.02673194782510.0-0.03495473283130.999237552752-0.01739194709570.0-0.02732745375780.01644041147370.9994913321990.0-0.655517427181-1.34438332078-1.336284626071.068.150.974549559865-0.195661885369-0.1094055847830.00.2029016362890.9773958693220.0593989951330.00.0953104472708-0.08008583673490.9922208309620.0-0.655517427181-1.34438332078-1.336284626071.075.430.973275282371-0.200410130275-0.1121204905850.00.2080289156310.976227524270.0608587801320.00.0972583928887-0.08255665049390.9918292214250.0-0.655517427181-1.34438332078-1.336284626071.081.470.980078283312-0.173447452158-0.09676021868460.00.1790558077330.9824325259730.05258659170170.00.0859393757077-0.06886445563320.9939175571710.0-0.655517427181-1.34438332078-1.336284626071.091.550.992310703692-0.108219913657-0.06006594398070.00.1103145317770.9933581016640.03271675316410.00.0561263878848-0.03909133084070.9976581059840.0-0.655517427181-1.34438332078-1.336284626071.0124.71.00.00.00.00.01.00.00.00.00.01.00.0-0.655517427181-1.34438332078-1.336284626071.0joint9joint82.51.00.00.00.00.01.00.00.00.00.01.00.01.3786259708-0.607402102760.2186647569941.049.111.00.00.00.00.01.00.00.00.00.01.00.01.3786259708-0.607402102760.2186647569941.068.150.9333582454460.29114007816-0.2099519958160.0-0.3459054449590.885768854571-0.3094559086830.00.0958739214080.3614567625040.9274466022550.01.3786259708-0.607402102760.2186647569941.096.750.9481841216950.272939110926-0.1626379817020.0-0.3032202250110.930244565779-0.2066459362870.00.09489134054070.2452535210070.9648037851940.01.3786259708-0.607402102760.2186647569941.0124.71.00.00.00.00.01.00.00.00.00.01.00.01.3786259708-0.607402102760.2186647569941.0joint10joint92.51.00.00.00.00.01.00.00.00.00.01.00.00.399612766759-0.18626997818-0.2267634516971.0124.71.00.00.00.00.01.00.00.00.00.01.00.00.399612766759-0.18626997818-0.2267634516971.0joint15joint42.51.00.00.00.00.01.00.00.00.00.01.00.0-2.53965896553-1.369816056210.01.024.980.976876286457-0.198080231847-0.08047945519490.00.1987248420270.9800553235210.00.00.0788743184978-0.015993267020.9967562677460.0-2.53965896553-1.369816056210.01.049.110.973079882801-0.197310438859-0.1190971553180.00.1987248420270.9800553235210.00.00.116721801086-0.02366756337650.9928826051430.0-2.53965896553-1.369816056210.01.068.20.7176583329750.2239094746280.6594172156410.0-0.2448024348080.967580649802-0.06212450435530.0-0.651949603132-0.1168427717110.7492059007210.0-2.53965896553-1.369816056210.01.0131.851.00.00.00.00.01.00.00.00.00.01.00.0-2.53965896553-1.369816056210.01.0joint16joint152.51.00.00.00.00.01.00.00.00.00.01.00.0-2.20970327316-0.4499395805070.01.049.111.00.00.00.00.01.00.00.00.00.01.00.0-2.20970327316-0.4499395805070.01.068.20.9038774938890.00.4277913931350.0-0.01.00.00.0-0.427791393135-0.00.9038774938890.0-2.20970327316-0.4499395805070.01.0112.050.936330084240.0-0.351121023790.00.01.00.00.00.351121023790.00.936330084240.0-2.20970327316-0.4499395805070.01.0131.851.00.00.00.00.01.00.00.00.00.01.00.0-2.20970327316-0.4499395805070.01.0joint17joint162.51.00.00.00.00.01.00.00.00.00.01.00.0-1.84975160875-0.1899744895480.01.049.111.00.00.00.00.01.00.00.00.00.01.00.0-1.84975160875-0.1899744895480.01.068.150.9359413778310.00.3521558422960.0-0.01.00.00.0-0.352155842296-0.00.9359413778310.0-1.84975160875-0.1899744895480.01.0103.660.9830251895980.0-0.1834706423830.00.01.00.00.00.1834706423830.00.9830251895980.0-1.84975160875-0.1899744895480.01.0124.71.00.00.00.00.01.00.00.00.00.01.00.0-1.84975160875-0.1899744895480.01.0