joint4root	1.01.00.00.00.00.00.9753919882580.2204778202940.00.0-0.2204778202940.9753919882580.01.008022072872.444143548220.01.014.340.988034951568-0.005083002987360.154146351110.0-0.01971449235540.9870955734530.1589140260.0-0.152964941314-0.1600515290430.9751847182870.01.008022072872.39077791650.01.028.630.967157024196-0.01524806791220.2537218693240.00.006651955136480.9993755110640.03470359315540.0-0.254092585569-0.03187607739320.9666544747990.01.008022072872.331709480060.01.043.030.983510657707-0.03009147371730.1783291602260.00.0544289557710.989593717597-0.1331982089450.0-0.172465286220.1407081280590.9749138155480.01.008022072872.387926514140.01.057.190.998527219411-0.03961871250110.03706412975080.00.04732503945630.97011592163-0.2379820145330.0-0.02652796137840.2393855806440.9705621108640.01.008022072872.444143548220.01.075.380.980215118945-0.0302234631812-0.1956140661240.00.01591796537470.997109288523-0.07429458338110.00.1972940419030.06971089595450.9778626958910.01.008022072872.365972711320.01.085.750.965287842053-0.0219716904289-0.2602626112290.00.03450819871370.9984486674490.04369717027530.00.25889875667-0.05116154110490.9645485630630.01.008022072872.331709480060.01.0106.010.995429871522-0.00352425936734-0.09543034358430.00.02220308605610.9804741851830.1953903660860.00.0928783820396-0.1966162551410.9760715416220.01.008022072872.419728451330.01.0114.521.00.00.00.00.00.9753919882580.2204778202940.00.0-0.2204778202940.9753919882580.01.008022072872.444143548220.01.0joint5joint4	1.01.00.0-0.00.0-0.00.978222362046-0.2075596550210.00.00.2075596550210.9782223620460.00.88988050367-0.3299556923720.01.012.570.9839908815680.0476245537346-0.1717377269930.0-0.07265365041070.987118993727-0.1425396060970.00.1627371871240.1527350454410.9747761865270.00.88988050367-0.3299556923720.01.028.630.9362188640890.122412611122-0.3294076367690.0-0.1224625160630.9922576012170.02068296368230.00.3293890870730.02097630724450.9439612406510.00.88988050367-0.3299556923720.01.043.690.9780664743690.057298138094-0.2002570724990.0-0.0246099455110.9864745266020.1620566535110.00.206834045305-0.1535738641050.9662477663450.00.88988050367-0.3299556923720.01.057.190.9998925248042.16840434497e-19-0.01466079265690.00.003388333433160.9729263692580.2310904567470.00.0142638717701-0.2311152959090.9728218038050.00.88988050367-0.3299556923720.01.072.490.9759389338940.08801595650490.199490322350.0-0.1140165617790.9858573445810.1228231239440.0-0.185858604727-0.1426130693020.9721718425840.00.88988050367-0.3299556923720.01.085.750.9413111718160.1553428243790.299669625970.0-0.1581547260380.987300291829-0.01500721113590.0-0.298195171737-0.03326771209720.9539249964670.00.88988050367-0.3299556923720.01.0100.330.9851407310930.08074192302250.1515865489040.0-0.05968571088730.988540882495-0.1386525858110.0-0.1610445772380.1275447588210.978671026770.00.88988050367-0.3299556923720.01.0114.521.00.0-0.00.0-0.00.978222362046-0.2075596550210.00.00.2075596550210.9782223620460.00.88988050367-0.3299556923720.01.0joint6joint51.01.00.00.00.00.01.00.00.00.00.01.00.00.569923468643-0.2799624056490.01.041.290.970069371456-0.2428279526-0.00.00.24282795260.9700693714560.00.00.0-0.01.00.00.569923468643-0.2799624056490.01.057.190.953223460092-0.302266496872-0.00.00.3022664968720.9532234600920.00.00.0-0.01.00.00.569923468643-0.2799624056490.01.070.690.965166674875-0.261635795926-0.00.00.2616357959260.9651666748750.00.00.0-0.01.00.00.569923468643-0.2799624056490.01.0114.521.00.00.00.00.01.00.00.00.00.01.00.00.569923468643-0.2799624056490.01.0joint11joint4	1.00.9981486495880.03340565540140.05082652371480.0-0.01192329566280.926922084508-0.3750643735050.0-0.05964149852470.3737639782530.9256043324310.0-0.565528072873-0.1886519139151.469091.014.340.831271563638-0.4174795613470.3670128108730.00.5279132581170.799666048308-0.2860800641240.0-0.1740551044680.4315611509880.8851326417920.0-0.565528072873-0.1886519139151.469091.028.630.746167507812-0.58929055650.3097913657690.00.6505913135970.744175486264-0.1514390580910.0-0.1412975334430.3145464761580.9386668852040.0-0.565528072873-0.1886519139151.469091.043.030.665331760659-0.6531486377890.3615667368720.00.7083182139370.705282828939-0.02935028122270.0-0.2358367148320.2756319795620.9318841428960.0-0.565528072873-0.1886519139151.469091.057.190.73122038907-0.4853568721730.4793176913520.00.5990094562580.793041641694-0.1107818841330.0-0.3263501400670.368121802090.870621573880.0-0.565528072873-0.1886519139151.469091.075.380.9246194312450.3796562676090.03065984064660.0-0.3711482994650.916132925782-0.1514906007030.0-0.08560284555640.1286918053430.9879830828870.0-0.565528072873-0.1886519139151.469091.085.750.7741652397350.630978831309-0.05033781903810.0-0.6329231705170.772738195697-0.04779059670330.00.008743100603440.06885779077640.9975881729660.0-0.565528072873-0.1886519139151.469091.0106.010.9748409773830.215981135499-0.0551109600990.0-0.2225559643140.929350350713-0.2945789679830.0-0.01240610990310.2994329219340.9540366941050.0-0.565528072873-0.1886519139151.469091.0114.520.9981486495880.03340565540140.05082652371480.0-0.01192329566280.926922084508-0.3750643735050.0-0.05964149852470.3737639782530.9256043324310.0-0.565528072873-0.1886519139151.469091.0joint12joint11	1.00.9770949639850.169221366613-0.1290331757240.0-0.1593494752070.9836925677110.08340669626650.00.141043171075-0.06093489404860.9881263899830.0	-0.655518-1.344391.336291.014.340.9823289081080.148963988963-0.1133121630150.0-0.1412485717930.9872523785910.07335926616470.00.122795591375-0.05605774663850.9908475017780.0	-0.655518-1.344391.336291.028.630.981567713564-0.1669248746530.09306400975280.00.1720977837710.983779851683-0.05059205712190.0-0.08310942491810.06567563966090.9943739406510.0	-0.655518-1.344391.336291.043.030.9920807862540.100130702576-0.07582582639280.0-0.09657237734080.9941076093940.04923247789590.00.080308713607-0.04151991506160.9959049187410.0	-0.655518-1.344391.336291.057.190.837453354580.423213360092-0.3457778632920.0-0.3688919769190.9045698879630.2137101475260.00.403225232678-0.05141760038890.9136551001890.0	-0.655518-1.344391.336291.075.380.9851859839610.13655515699-0.1037365225290.0-0.1300377064480.9892280149590.06721703149260.00.111797906547-0.05273161784540.9923308946970.0	-0.655518-1.344391.336291.085.750.876788835395-0.4153495634560.2423346410730.00.4534527203540.881874343232-0.1291443887790.0-0.1600686369360.2231196604660.9615589678140.0	-0.655518-1.344391.336291.0106.010.9986638537090.041242403035-0.03113794288240.0-0.04062342009780.9989691732050.0202565724250.00.0319412747805-0.01896457694610.9993098117130.0	-0.655518-1.344391.336291.0114.520.9770949639850.169221366613-0.1290331757240.0-0.1593494752070.9836925677110.08340669626650.00.141043171075-0.06093489404860.9881263899830.0	-0.655518-1.344391.336291.0joint13joint121.00.972470612-0.1991313829610.1210272742670.00.1722914275210.9641259253150.2019328208520.0-0.156896694673-0.1755217720250.9718927588710.01.378624-0.6074-0.218671.012.570.9555350873550.05579670507110.2895503834170.0-0.1348516984530.9559248815570.2608115032830.0-0.262235993445-0.2882609035650.920944045650.01.378624-0.6074-0.218671.028.630.7325754419490.3981350618160.5521065969590.0-0.6641404295210.5958169050640.4515746953890.0-0.149166724602-0.6974888444940.700898423510.01.378624-0.6074-0.218671.040.140.991358286073-0.119852875356-0.05332951250330.00.09921683766040.4190901409280.9025073256770.0-0.0858182251015-0.8999993011360.4273599070980.01.378624-0.6074-0.218671.062.870.978854611184-0.1903776884480.07483305355680.00.1055598600860.7834706817640.6123975887890.0-0.175216340853-0.5915488370010.7870001317290.01.378624-0.6074-0.218671.085.750.959451050892-0.1968350649440.2017662958730.00.1590971359580.9690404475680.1888086658690.0-0.232683867665-0.1490522330790.9610627708650.01.378624-0.6074-0.218671.0114.520.972470612-0.1991313829610.1210272742670.00.1722914275210.9641259253150.2019328208520.0-0.156896694673-0.1755217720250.9718927588710.01.378624-0.6074-0.218671.0joint14joint131.01.00.00.00.00.01.00.00.00.00.01.00.00.39962-0.186270.226771.028.621.00.00.00.00.01.00.00.00.00.01.00.00.39962-0.186270.226771.038.150.8170328471930.530749255361-0.2253054694010.0-0.5760264842510.768626975876-0.2782194482710.00.02551109659720.3570963453870.9337191141140.00.39962-0.186270.226771.085.931.00.00.00.00.01.00.00.00.00.01.00.00.39962-0.186270.226771.0joint7joint4	1.00.9906581704520.0811568121694-0.1095899683170.0-0.07212952038360.9938542439420.08397067397650.00.115731247321-0.07528156239960.9904236289370.0-0.565528195641-0.188656669227-1.46909253831.014.340.9118787680340.4101981698710.0146483392450.0-0.4099117607430.911924798202-0.01911833749630.0-0.0212004908620.01142907951110.999709915590.0-0.565528195641-0.188656669227-1.46909253831.028.630.7708035899550.6370371924890.006741001266470.0-0.6353636955240.769467176066-0.06506334887720.0-0.0466347523110.04586807541280.997858366470.0-0.565528195641-0.188656669227-1.46909253831.043.030.9616583800930.274235195607-0.002866616059720.0-0.2684045794110.9432559758320.1955176355420.00.0563217697564-0.1872517597980.9806959960680.0-0.565528195641-0.188656669227-1.46909253831.057.190.912697516512-0.167467472391-0.3727437310580.00.2961662262010.899569936710.321028807780.00.281547171553-0.4033962997580.8706334564740.0-0.565528195641-0.188656669227-1.46909253831.075.380.749353406682-0.585638038163-0.3090267951990.00.6348084839910.7681278281080.083653023490.00.18838168846-0.2588585095040.9473671999340.0-0.565528195641-0.188656669227-1.46909253831.085.750.771875566986-0.616219312761-0.1564668261030.00.6235745904230.781759396912-0.002641120672070.00.123946921177-0.09553012048580.9876796833040.0-0.565528195641-0.188656669227-1.46909253831.0106.010.913387323301-0.337104585858-0.2282194028280.00.3559689727570.933365427950.04598987216280.00.197508703778-0.1232455926210.9725229230370.0-0.565528195641-0.188656669227-1.46909253831.0114.520.9906581704520.0811568121694-0.1095899683170.0-0.07212952038360.9938542439420.08397067397650.00.115731247321-0.07528156239960.9904236289370.0-0.565528195641-0.188656669227-1.46909253831.0joint8joint7	1.00.9002177710990.3414879579830.2701739053840.0-0.304334052780.937179563233-0.1705146638170.0-0.3114301669980.07127721101980.9475921117620.0-0.655517427181-1.34438332078-1.336284626071.014.340.9976541248720.05462443229220.04126037471830.0-0.05354482240550.998204846448-0.02683349624820.0-0.04265207050910.02456126878010.9987880380530.0-0.655517427181-1.34438332078-1.336284626071.028.630.873344281002-0.420562562949-0.2457578024950.00.4597919165510.8783293445950.1308776371190.00.160814055095-0.2272986869050.9604551767860.0-0.655517427181-1.34438332078-1.336284626071.043.030.998625606360.04182783174470.03158054487320.0-0.04119131467580.998940045579-0.02054412161610.0-0.03240638699740.01921504174450.9992900521130.0-0.655517427181-1.34438332078-1.336284626071.057.190.9425330028170.2640859113690.2046708821910.0-0.2410149062340.961651480183-0.1309131224730.0-0.2313943680670.07406120495240.9700368984460.0-0.655517427181-1.34438332078-1.336284626071.075.380.998050955568-0.0545935642493-0.03022966807390.00.05510884464960.9983443000720.01648252877340.00.0292797768211-0.01811632567420.9994070709240.0-0.655517427181-1.34438332078-1.336284626071.085.750.953351837267-0.262905354978-0.148327504880.00.2765684702030.9576404647780.08021609258340.00.120955180417-0.1174968703560.9856796283720.0-0.655517427181-1.34438332078-1.336284626071.0106.010.8940258721860.3509319142550.2785040958750.0-0.3118916627430.933783394192-0.1754199630660.0-0.321622963380.06996687993570.9442792516720.0-0.655517427181-1.34438332078-1.336284626071.0114.520.9002177710990.3414879579830.2701739053840.0-0.304334052780.937179563233-0.1705146638170.0-0.3114301669980.07127721101980.9475921117620.0-0.655517427181-1.34438332078-1.336284626071.0joint9joint8
1.01.00.00.00.00.01.00.00.00.00.01.00.01.3786259708-0.607402102760.2186647569941.014.340.994025397854-0.107229882853-0.02037794502980.00.1041303228570.987607502659-0.1174235774980.00.03271672785950.1146000563450.9928728230760.01.3786259708-0.607402102760.2186647569941.028.630.968468848921-0.223326273539-0.1104240201090.00.1913695684870.950646692417-0.2442305354640.00.159517324850.2153978684730.9634095605350.01.3786259708-0.607402102760.2186647569941.043.030.949034229282-0.0701075762955-0.3072766821570.00.008142004167870.980074208867-0.1984647396450.00.3150678330450.1858479832020.9306947876290.01.3786259708-0.607402102760.2186647569941.062.150.7974204027620.238723467357-0.5541947377880.0-0.3635253885110.923100608814-0.1254374661560.00.4816326329960.3014902521480.8228813004880.01.3786259708-0.607402102760.2186647569941.075.380.6455763764590.365875276671-0.6703479873010.0-0.6755750012350.68292488938-0.2778704971230.00.356131380060.6322569710070.6880563659690.01.3786259708-0.607402102760.2186647569941.085.750.5805880067880.399698027136-0.7093370520970.0-0.7879427536860.4952819129-0.3658442888280.00.205094571570.7713217965660.6024939027530.01.3786259708-0.607402102760.2186647569941.095.450.9026012111830.335071754083-0.2702553851210.0-0.428885687560.753904203086-0.4976801378150.00.03698811399930.5651153618380.8241823264530.01.3786259708-0.607402102760.2186647569941.0106.010.9926838336330.106014421898-0.05779055973010.0-0.1164758093040.966909031679-0.2269808588950.00.03181496961110.2320514313840.972183079930.01.3786259708-0.607402102760.2186647569941.0114.521.00.00.00.00.01.00.00.00.00.01.00.01.3786259708-0.607402102760.2186647569941.0joint10joint90.01.00.00.00.00.01.00.00.00.00.01.00.00.399612766759-0.18626997818-0.2267634516971.0joint15joint41.01.00.00.00.00.01.00.00.00.00.01.00.0-2.53965896553-1.369816056210.01.028.630.91940783917-0.0710364710096-0.3868372332890.00.06118771914580.997412825439-0.03773219679820.00.3885167799440.01102158953970.9213757302350.0-2.53965896553-1.369816056210.01.085.750.916865976396-0.04122562184210.3970607377090.00.04052747834070.99912683880.01015300392620.0-0.397132603580.006782926589370.9177361750970.0-2.53965896553-1.369816056210.01.0114.521.00.00.00.00.01.00.00.00.00.01.00.0-2.53965896553-1.369816056210.01.0joint16joint151.00.993902121137-0.110265922205-0.00.00.1102659222050.9939021211370.00.00.0-0.01.00.0-2.20970327316-0.4499395805070.01.028.630.965084242087-0.10706879651-0.2390578977780.00.1102659222050.9939021211370.00.00.237600151676-0.02635993955870.9710053148720.0-2.20970327316-0.4499395805070.01.085.750.966137884846-0.1071856902040.2347100664240.00.1102659222050.9939021211370.00.0-0.2332788328710.02588052192490.9720654220370.0-2.20970327316-0.4499395805070.01.0114.520.993902121137-0.110265922205-0.00.00.1102659222050.9939021211370.00.00.0-0.01.00.0-2.20970327316-0.4499395805070.01.0joint17joint161.01.00.00.00.00.01.00.00.00.00.01.00.0-1.84975160875-0.1899744895480.01.028.630.8303751356010.0-0.5572047506760.00.01.00.00.00.5572047506760.00.8303751356010.0-1.84975160875-0.1899744895480.01.085.750.8627067634740.00.5057044989480.0-0.01.00.00.0-0.505704498948-0.00.8627067634740.0-1.84975160875-0.1899744895480.01.0114.521.00.00.00.00.01.00.00.00.00.01.00.0-1.84975160875-0.1899744895480.01.0