joint4root2.731.00.00.00.00.01.00.00.00.00.01.00.01.008022072872.563071913910.01.021.880.9859558462010.1670061955210.00.0-0.1670060408260.985954932923-0.001361092332850.0-0.0002273108522630.00134197694280.9999990737130.00.9600420326812.77741937950.01.043.50.9263297717160.376713623370.00.0-0.3767119334280.926325616189-0.002995330494670.0-0.001128381803840.002774663813340.9999955139880.00.9024331685923.168201624330.01.061.60.9226102103320.385733586548-1.35525271561e-200.0-0.3857335259910.9226100654890.0005603434971880.00.000216143306869-0.0005169786317990.9999998430080.00.9742903770843.311319607470.04747187141181.079.020.9221076153740.3869335158250.00.0-0.3869208619860.9220774598020.008087316268350.00.00312925371731-0.007457375918990.9999672971230.01.088269640133.358171196680.09217877094971.088.140.9303347428950.3665705295380.0101643020620.0-0.3667010752070.9301592701070.01827713531540.0-0.00275456061617-0.02073111447930.9997812927280.01.138203622783.358171196680.07309831227491.099.910.9411148381520.3371872849150.0246494685870.0-0.3378978475430.9405237843280.03521442517110.0-0.0113095550638-0.04146982042410.9990757468570.01.202305656753.358171196680.02932960893851.099.940.94111479490.3371874120510.02464938081090.0-0.3378983675030.9405222845850.03524947428870.0-0.0112976129423-0.04150278730150.9990745130310.01.202402950993.358171196680.02928444684541.0109.860.9357432363390.3523998863920.01410374832140.0-0.3526500534470.9343717431190.05086634903220.00.00474715171651-0.05257152966350.9986058776210.01.232139421523.358171196680.01896126555591.0119.020.9270809287560.374857690863-0.00163191235590.0-0.3739943878880.9252242062590.06394033141120.00.0254784098-0.0586675357670.9979523890850.01.257043922283.358171196680.01031830283161.0136.790.9127303452970.407789746986-0.02511650905510.0-0.4048026225090.9109412455350.07950398727260.00.0553005748964-0.0623984730220.9965180765950.01.286776780183.358171196680.01.0150.280.9151184684760.402738026187-0.01898080391910.0-0.4010372904140.9140871518390.06011464496840.00.0415605624535-0.04740001166280.9980110012130.01.27439379583.358171196680.02047406287421.0165.870.9199000776550.392104211334-0.006175320607760.0-0.3919254071180.9197888145530.01957068928490.00.0133537405086-0.01558281354970.9997894045930.01.248554071343.358171196680.06319753914011.0178.670.9221076153740.3869335158250.00.0-0.3869335158250.9221076153740.00.00.00.01.00.01.236094106123.358171196680.08379888268161.0196.370.9684647083640.2491507749410.00.0-0.2491507749410.9684647083640.00.00.00.01.00.01.152569629273.066990157560.05311007907561.0207.680.9934365987020.1143841088580.00.0-0.1143841088580.9934365987020.00.00.00.01.00.01.07382825322.792483849630.02417869583281.0221.91.00.00.00.00.01.00.00.00.00.01.00.01.008022072872.563071913910.01.0joint5joint4
2.731.00.00.00.00.01.00.00.00.00.01.00.00.88988050367-0.3299556923720.01.017.940.965253474764-0.261315383123-0.00.00.2613153831230.9652534747640.00.00.0-0.01.00.00.88988050367-0.3299556923720.01.034.310.905064573337-0.425274168144-0.00.00.4252741681440.9050645733370.00.00.0-0.01.00.00.88988050367-0.3299556923720.01.055.940.994345076653-0.106197309456-0.00.00.1061973094560.9943450766530.00.00.0-0.01.00.00.88988050367-0.3299556923720.01.097.790.8712656297-0.490811779101-0.00.00.4908117791010.87126562970.00.00.0-0.01.00.00.88988050367-0.3299556923720.01.0119.410.857365802912-0.513738983789-0.03156163069560.00.5122443344320.85764895271-0.04521079249620.00.05029534610520.02259492089950.998478766780.00.88988050367-0.3299556923720.01.0148.480.868520664203-0.3570036088230.3438317599340.00.3909727210170.919827079118-0.03253422722530.0-0.3046509269190.1626854873930.9384674980620.00.88988050367-0.3299556923720.01.0176.180.973654395096-0.226964591849-0.02200438494630.00.2262714795960.9496850937490.2165627858890.0-0.0282548479283-0.2158362730340.97602067950.00.88988050367-0.3299556923720.01.0196.690.9827759900520.1846631647410.007132248274020.0-0.1837691843610.9724890866410.1431567785470.00.0194997501708-0.1420017322170.9896743241040.00.88988050367-0.3299556923720.01.0221.91.00.00.00.00.01.00.00.00.00.01.00.00.88988050367-0.3299556923720.01.0joint6joint5	2.731.00.00.00.00.01.00.00.00.00.01.00.00.569923468643-0.2799624056490.01.022.640.9810905162510.1935494740950.00.0-0.1935494740950.9810905162510.00.00.00.01.00.00.569923468643-0.2799624056490.01.059.430.9689329686160.2473234771080.00.0-0.2473234771080.9689329686160.00.00.00.01.00.00.569923468643-0.2799624056490.01.089.280.788178286104-0.615446983349-0.00.00.6154469833490.7881782861040.00.00.0-0.01.00.00.569923468643-0.2799624056490.01.0116.580.886322246433-0.4457320209850.1255222727120.00.4583973032630.882938665642-0.101445675490.0-0.06561088202090.1474526303020.9868905379920.00.569923468643-0.2799624056490.01.0137.170.788024631412-0.593446890556-0.1638229787810.00.6129356111550.7812028703860.1184567932990.00.0576811656102-0.1937598084980.9793518365450.00.569923468643-0.2799624056490.01.0168.690.919619597389-0.2632366580560.2915583268460.00.3382730314510.908011524641-0.2471566857520.0-0.1996776209080.3259164509110.9240710550250.00.569923468643-0.2799624056490.01.0191.430.9987794922050.04939155749140.00.0-0.04939155749140.9987794922050.00.00.00.01.00.00.569923468643-0.2799624056490.01.0221.91.00.00.00.00.01.00.00.00.00.01.00.00.569923468643-0.2799624056490.01.0joint11joint42.731.00.00.00.00.01.00.00.00.00.01.00.0-0.565528072873-0.1886519139151.469091.021.880.988764134711-0.149095609932-0.01076963365920.00.1493630402060.9882947502780.03105106751190.00.00601399455804-0.03231076712550.9994597771780.0-0.565528072873-0.1886519139151.469091.043.50.947885829984-0.31764575865-0.02477146196440.00.3185235991630.9429472240670.09691877734070.0-0.00742765726038-0.09975823092210.9949839824190.0-0.565528072873-0.1886519139151.469091.061.60.942510574624-0.333501977292-0.02121904484960.00.3332536210660.933296205720.1337916904550.0-0.0248161392649-0.1331714065830.9907822847130.0-0.565528072873-0.1886519139151.469091.079.020.926163419347-0.377059037938-0.006913940519130.00.3740604907940.9161578416670.1439915219030.0-0.0479590438967-0.1359459122670.9895547680880.0-0.565528072873-0.1886519139151.469091.088.140.930139459109-0.367176656069-0.004678658629880.00.3650192211840.9231355079630.1207551328290.0-0.0400194299643-0.1140269142630.9926712990960.0-0.565528072873-0.1886519139151.469091.099.940.937654105017-0.347569727626-0.0002525519427460.00.3464669730060.9346208237230.08027797007370.0-0.0276661518881-0.07536046908920.9967724834380.0-0.565528072873-0.1886519139151.469091.0109.860.921528677356-0.3872407338420.02880123024510.00.3850166716970.9208354362320.06184061686610.0-0.0504683992732-0.04589894805770.9976704001030.0-0.565528072873-0.1886519139151.469091.0119.020.898960872679-0.4334208555730.06336964057610.00.4307158694780.900978342160.05217151271160.0-0.0797068953856-0.0196058387570.9966255173910.0-0.565528072873-0.1886519139151.469091.0136.790.862233205012-0.4940710542410.1115692320350.00.4919074307830.8693180692770.04809546724150.0-0.1207517275870.01341222541840.9925921279630.0-0.565528072873-0.1886519139151.469091.0150.280.873439655049-0.4793402950260.08565074752980.00.4743958604660.8773411876030.07225654370650.0-0.109780401535-0.02247937053610.9937016359750.0-0.565528072873-0.1886519139151.469091.0165.870.895529429127-0.44368247490.03424767194620.00.4366744238320.8909832952040.1243551978760.0-0.0856883255638-0.09640865694790.9916465508070.0-0.565528072873-0.1886519139151.469091.0196.370.958092822445-0.2863351459220.00838616648570.00.284217399260.9538460303340.09694441899080.0-0.0357577059702-0.09049825758290.9952544658720.0-0.565528072873-0.1886519139151.469091.0207.680.990664103327-0.1362404001270.004815366305520.00.1358868970130.9896918717910.04521891341890.0-0.0109263717498-0.04414240913030.9989654959590.0-0.565528072873-0.1886519139151.469091.0221.91.00.00.00.00.01.00.00.00.00.01.00.0-0.565528072873-0.1886519139151.469091.0joint12joint112.731.00.00.00.00.01.00.00.00.00.01.00.0	-0.655518-1.344391.336291.021.880.996590960252-0.07216492322550.03998351909250.00.07307536524580.997088239095-0.02179528509680.0-0.03829424156910.02464279436510.9989626037790.0	-0.655518-1.344391.336291.043.50.961114703987-0.2407024415530.1353545729210.00.2519868387940.96495013014-0.07330674878510.0-0.1129652993410.1045637651060.9880816060280.0	-0.655518-1.344391.336291.061.60.939382392902-0.2981898617370.1692439844190.00.316195451050.944291583641-0.09128987786570.0-0.132593954010.1392702819080.9813371652680.0	-0.655518-1.344391.336291.079.020.941932003457-0.2921212042910.1656179424690.00.3093290205380.946745646311-0.08937694469860.0-0.1306891652620.135417440510.9821315893960.0	-0.655518-1.344391.336291.088.140.943257338982-0.2889067546230.1637024116780.00.3057007374970.948018285942-0.0883650870720.0-0.1296636091950.133394964870.982544213660.0	-0.655518-1.344391.336291.099.940.943023099634-0.2894779586340.1640425098010.00.3063450439420.947793499112-0.08854488744430.0-0.1298466311030.1337534840880.9824713013040.0	-0.655518-1.344391.336291.0109.860.950677011519-0.2700780458020.1525485789660.00.2845670682040.955103210273-0.08245872555520.0-0.1234293460360.121801916660.9848499833150.0	-0.655518-1.344391.336291.0119.020.957200998186-0.2521723709470.1420399394620.00.2646527288580.961275024105-0.07687171873050.0-0.1171545226590.1111729434870.9868715187180.0	-0.655518-1.344391.336291.0136.790.963776038665-0.2325399466660.1306174586340.00.2430153000290.967436987987-0.07077597209730.0-0.1099059199820.09995422691950.9889033528480.0	-0.655518-1.344391.336291.0150.280.960059256078-0.243855350510.1371888947640.00.2554615604210.963961120272-0.07428559585820.0-0.114129820670.1063650630260.9877554643740.0	-0.655518-1.344391.336291.0165.870.950567289903-0.2703676149910.1527192853920.00.2848905701650.954998939518-0.08254930981530.0-0.1235280955790.1219769580050.9848159377870.0	-0.655518-1.344391.336291.0196.370.981693352063-0.1663623438250.09274552858070.00.1714985982530.98389331067-0.0504200755330.0-0.08286370322360.0654027811070.9944124309920.0	-0.655518-1.344391.336291.0207.680.996791084952-0.07001956600770.03879166580630.00.07087551809770.997260995136-0.02114635935820.0-0.03720475634010.02382788189930.999023542340.0	-0.655518-1.344391.336291.0221.91.00.00.00.00.01.00.00.00.00.01.00.0	-0.655518-1.344391.336291.0joint13joint122.731.00.00.00.00.01.00.00.00.00.01.00.01.378624-0.6074-0.218671.083.230.9503720961810.2618440692780.1680195291770.0-0.271873405350.961528465150.03934287953920.0-0.151253860329-0.08307041646020.9849982617470.01.378624-0.6074-0.218671.0141.010.9311011516760.2888294851280.2227738177350.0-0.3166828274280.9431627245720.1007772880710.0-0.181004508672-0.1643824914630.9696472370610.01.378624-0.6074-0.218671.0181.810.9278877353980.300778795410.2203553192670.0-0.3308352577050.9367146010340.1145154507890.0-0.171966225629-0.1791587911370.9686742201590.01.378624-0.6074-0.218671.0221.91.00.00.00.00.01.00.00.00.00.01.00.01.378624-0.6074-0.218671.0joint14joint132.731.00.00.00.00.01.00.00.00.00.01.00.00.39962-0.186270.226771.0119.021.00.00.00.00.01.00.00.00.00.01.00.00.39962-0.186270.226771.0221.91.00.00.00.00.01.00.00.00.00.01.00.00.39962-0.186270.226771.0joint7joint42.731.00.00.00.00.01.00.00.00.00.01.00.0-0.565528195641-0.188656669227-1.46909253831.021.880.98865799534-0.1498565391230.009918968349690.00.1500756209150.988298363906-0.02726998181920.0-0.005716315094240.02844928089230.9995788924130.0-0.565528195641-0.188656669227-1.46909253831.043.50.946940433994-0.3206646636460.02186293566220.00.3213111661080.942780114691-0.08902128890290.00.007934040672340.09132266330060.9957897479720.0-0.565528195641-0.188656669227-1.46909253831.061.60.948304494682-0.317107167530.0127133656820.00.3165463530010.94223820059-0.1094786725790.00.02273745296280.107843486820.9939078380730.0-0.565528195641-0.188656669227-1.46909253831.079.020.941754076154-0.336290359231-0.002838016217570.00.3337687597960.935659885229-0.1146254516140.00.04120285222860.1070017451350.993404726940.0-0.565528195641-0.188656669227-1.46909253831.088.140.943655233104-0.330689284124-0.01262530798550.00.3257983181410.935037884969-0.1398556740720.00.05805391401520.1278622346090.9900914058960.0-0.565528195641-0.188656669227-1.46909253831.099.940.946495847957-0.321896907466-0.02297804960390.00.312544785410.932073211286-0.1831810195290.00.08038262817610.1661984048260.9828106243430.0-0.565528195641-0.188656669227-1.46909253831.0109.860.94051314923-0.339673032101-0.007566200378960.00.3315631916940.922464039156-0.1978027966870.00.07416782347140.1835274576920.9802126331740.0-0.565528195641-0.188656669227-1.46909253831.0119.020.931559278954-0.3633639020180.01280564343370.00.3581931041820.911118235398-0.2038657922330.00.06241001450520.1944999635880.9789150904210.0-0.565528195641-0.188656669227-1.46909253831.0136.790.916711436281-0.3973197201270.04215664348270.00.3971564786320.894602290211-0.2048254716320.00.04366776925660.2045086363640.9778902512970.0-0.565528195641-0.188656669227-1.46909253831.0150.280.917032295573-0.3980136489430.02523695961590.00.3957691637350.900406271394-0.1806524715340.00.04917863267670.1756521610740.9832231590020.0-0.565528195641-0.188656669227-1.46909253831.0165.870.917856204149-0.396775015523-0.01046783463560.00.3922387011380.910766878374-0.1290445449720.00.06073540840880.1143384463530.9915835465810.0-0.565528195641-0.188656669227-1.46909253831.0196.370.962927018718-0.269130786357-0.01844387314960.00.2674379541290.961352628144-0.06540691899280.00.03533408146720.05804949780790.9976882070520.0-0.565528195641-0.188656669227-1.46909253831.0207.680.991581581107-0.129155863599-0.009204939330790.00.1288285045550.991211037163-0.03006486687180.00.01300709130590.028625909660.9995055642030.0-0.565528195641-0.188656669227-1.46909253831.0221.91.00.00.00.00.01.00.00.00.00.01.00.0-0.565528195641-0.188656669227-1.46909253831.0joint8joint72.731.00.00.00.00.01.00.00.00.00.01.00.0-0.655517427181-1.34438332078-1.336284626071.021.880.996800742488-0.0699144184351-0.03873311076760.00.0707677301530.9972693300510.0211142536940.00.0371511526583-0.023787758090.9990264933530.0-0.655517427181-1.34438332078-1.336284626071.043.50.962869978774-0.235354474191-0.132248536680.00.2461047189390.966591527680.07164695340920.00.110967884056-0.1015336894580.9886238104620.0-0.655517427181-1.34438332078-1.336284626071.061.60.926755567584-0.326274240491-0.1861967721110.00.3482605246930.932027824640.1001935179440.00.140850008496-0.1576998861420.9773904138150.0-0.655517427181-1.34438332078-1.336284626071.079.020.910318526442-0.358852253729-0.2062649762080.00.3860848053890.915803746890.1106436633030.00.149193510126-0.1803567497360.9722205199240.0-0.655517427181-1.34438332078-1.336284626071.088.140.907782062875-0.363548987787-0.2091981352740.00.3915966489870.9132752675660.1121621600820.00.150279043201-0.1837400858030.9714194717240.0-0.655517427181-1.34438332078-1.336284626071.099.940.904223308928-0.370006896832-0.2132489247060.00.3992004307570.9097168422810.1142553410280.00.151720874223-0.1884414051280.9702940859130.0-0.655517427181-1.34438332078-1.336284626071.0109.860.902712250085-0.372704128055-0.2149470317940.00.4023849682610.908202118960.1151314398180.00.15230538685-0.1904220156590.9698157170770.0-0.655517427181-1.34438332078-1.336284626071.0119.020.903836087254-0.370700582519-0.2136852954630.00.400018950160.9093288966070.1144805542820.00.151872205785-0.1889498238040.9701715297790.0-0.655517427181-1.34438332078-1.336284626071.0136.790.907273862645-0.364480470503-0.2097811354330.00.3926916075260.9127678884140.1124636975110.00.150490662635-0.184414664550.9712588696940.0-0.655517427181-1.34438332078-1.336284626071.0150.280.911724189121-0.356214435295-0.2046222838760.00.3829958611390.91720218020.1097922173310.00.148570432192-0.1784697081390.9726640683990.0-0.655517427181-1.34438332078-1.336284626071.0165.870.920161511224-0.33982096296-0.1944852343860.00.3639039837460.9255533590190.1045221039850.00.144487659939-0.1669511687320.9753207797360.0-0.655517427181-1.34438332078-1.336284626071.0196.370.973865427345-0.198226340009-0.1108713107540.00.2056694539010.9767689453350.06018723420890.00.096364958121-0.08141710849980.9920106094640.0-0.655517427181-1.34438332078-1.336284626071.0207.680.995264021753-0.0850188284177-0.04713094331760.00.08629277739880.9959386718340.02568498616380.00.0447558216584-0.02963040262830.9985584387850.0-0.655517427181-1.34438332078-1.336284626071.0221.91.00.00.00.00.01.00.00.00.00.01.00.0-0.655517427181-1.34438332078-1.336284626071.0joint9joint82.731.00.00.00.00.01.00.00.00.00.01.00.01.3786259708-0.607402102760.2186647569941.0109.860.9122168214710.334298508517-0.2368648936180.0-0.3747569095220.914473423801-0.1526290140380.00.1655829984960.2279975095560.959478715890.01.3786259708-0.607402102760.2186647569941.0181.420.895847445680.309081852839-0.3192581436920.0-0.3749744382070.911332189357-0.1699053010750.00.2384355777970.271922873050.932312408130.01.3786259708-0.607402102760.2186647569941.0221.91.00.00.00.00.01.00.00.00.00.01.00.01.3786259708-0.607402102760.2186647569941.0joint10joint92.731.00.00.00.00.01.00.00.00.00.01.00.00.399612766759-0.18626997818-0.2267634516971.0119.021.00.00.00.00.01.00.00.00.00.01.00.00.399612766759-0.18626997818-0.2267634516971.0221.91.00.00.00.00.01.00.00.00.00.01.00.00.399612766759-0.18626997818-0.2267634516971.0joint15joint42.731.00.00.00.00.01.00.00.00.00.01.00.0-2.53965896553-1.369816056210.01.043.50.929776489796-0.368124542816-0.00.00.3681245428160.9297764897960.00.00.0-0.01.00.0-2.53965896553-1.369816056210.01.073.980.945613261498-0.3206633536480.0546861344920.00.3211439154160.9470304037310.00.0-0.05178943202650.01756211934980.9985035937310.0-2.53965896553-1.369816056210.01.099.940.9564160112-0.283114301707-0.07151717059410.00.2838411141370.9588713270950.00.00.0685757642776-0.02029951338140.9974393687390.0-2.53965896553-1.369816056210.01.0136.790.925701751651-0.378254235919-0.00.00.3782542359190.9257017516510.00.00.0-0.01.00.0-2.53965896553-1.369816056210.01.0178.30.938653190823-0.344862562997-0.00.00.3448625629970.9386531908230.00.00.0-0.01.00.0-2.53965896553-1.369816056210.01.0221.91.00.00.00.00.01.00.00.00.00.01.00.0-2.53965896553-1.369816056210.01.0joint16joint152.731.00.00.00.00.01.00.00.00.00.01.00.0-2.20970327316-0.4499395805070.01.074.710.963046021539-0.24029348919-0.121661002180.00.2383987033520.970700282813-0.03011675924050.00.125333230384-2.25514051877e-170.9921147017160.0-2.20970327316-0.4499395805070.01.0100.240.93840118388-0.297041577830.1765489142790.00.2919201152560.9548645459120.05492126426320.0-0.1848941978582.77555756156e-170.9827584319650.0-2.20970327316-0.4499395805070.01.0159.820.857428962511-0.5091999634710.07437050120110.00.5058176561020.8605336477310.06025230201280.0-0.0946787886661-0.01404415620310.995408804790.0-2.20970327316-0.4499395805070.01.0221.91.00.00.00.00.01.00.00.00.00.01.00.0-2.20970327316-0.4499395805070.01.0joint17joint162.731.00.00.00.00.01.00.00.00.00.01.00.0-1.84975160875-0.1899744895480.01.074.710.970700282813-0.24029348919-0.00.00.240293489190.9707002828130.00.00.0-0.01.00.0-1.84975160875-0.1899744895480.01.0100.240.865382801045-0.501111372506-0.00.00.5011113725060.8653828010450.00.00.0-0.01.00.0-1.84975160875-0.1899744895480.01.0159.820.797615256315-0.603166563143-0.00.00.6031665631430.7976152563150.00.00.0-0.01.00.0-1.84975160875-0.1899744895480.01.0221.91.00.00.00.00.01.00.00.00.00.01.00.0-1.84975160875-0.1899744895480.01.0