joint4root2.51.00.00.00.00.01.00.00.00.00.01.00.01.008022072872.563071913910.01.043.120.9925585300180.1174958361480.03197331662720.0-0.1170420240110.993002548378-0.01571952706140.0-0.03359656386680.01186032898020.9993651001980.01.008022072872.733770801860.01.076.250.9577342601870.2862090630020.02880033192060.0-0.2856857675140.958093787085-0.02097468446590.0-0.03359656386680.01186032898020.9993651001980.01.008022072873.138069945770.03052102823521.0122.840.9499970647480.3109952977980.02806246101510.0-0.3104688637070.950338094294-0.0216007222560.0-0.0333865487730.01180810235540.9993727568230.01.007702079913.000105212250.03052102823521.0148.150.999402004219-0.007784904895790.03369019469450.00.00817953905370.999899358862-0.0115916904990.0-0.03359656386680.01186032898020.9993651001980.02.207310497942.465076476620.4062599801391.0170.90.9981602728220.05089432138160.03295205321250.0-0.05047118639540.998633616822-0.01354838352940.0-0.03359656386680.01186032898020.9993651001980.02.008222279492.495880254680.4062599801391.0186.390.999435058997-0.0005148561552980.03360502597810.00.0009130959367150.999929531277-0.01183633119640.0-0.03359656386680.01186032898020.9993651001980.02.195164001742.449527733660.4062599801391.0joint5joint42.51.00.00.00.00.01.00.00.00.00.01.00.00.88988050367-0.3299556923720.01.021.250.863333577766-0.412353902094-0.2908941266680.00.4402971335770.8971710152790.03496574761340.00.246563516494-0.1582669541330.95611610360.00.88988050367-0.3299556923720.01.052.520.9578688877630.1036432851260.26785306290.0-0.04624139450380.976103235803-0.2123304181890.0-0.283458863490.1909988023580.9397715308560.00.88988050367-0.3299556923720.01.083.00.9426748943680.2045542063010.2636695284110.0-0.05688979709370.877049441212-0.4770197361290.0-0.3288276060710.4346744233960.8384095366410.00.88988050367-0.3299556923720.01.0121.230.8730406327160.3644563497030.3239932449740.0-0.2557585071230.907902406277-0.3321156526130.0-0.415195905160.207086430840.8858485031310.00.88988050367-0.3299556923720.01.0134.150.4566059372980.8261402147840.330156574280.0-0.7591971886060.555290532628-0.3395173827440.0-0.463821783486-0.0956282902160.8807522825830.00.88988050367-0.3299556923720.01.0146.150.8238902649010.512571479941-0.2418166854310.0-0.5343438110370.844734805466-0.02999666716770.00.1888955346430.1539272113250.9698581806670.00.88988050367-0.3299556923720.01.0160.640.779860648431-0.281597184217-0.5590352358030.00.3864669255420.9191559941110.07612866708060.00.49240296962-0.2754183805240.8256415876030.00.88988050367-0.3299556923720.01.0178.950.817291583212-0.4859497853840.3096567036180.00.365481410190.8526322918060.3734186842890.0-0.445486034367-0.192018178970.8744548085110.00.88988050367-0.3299556923720.01.0198.160.924533104202-0.3698309427850.0919978966830.00.3559067196660.9241922034840.1385610981340.0-0.136267920408-0.09536165255510.9860716044430.00.88988050367-0.3299556923720.01.0210.630.889442835702-0.4181252499030.1845608772540.00.3909180036950.9051876875110.1667883831840.0-0.236800668087-0.07620056280520.9685653916090.00.88988050367-0.3299556923720.01.0joint6joint5
2.51.00.00.00.00.01.00.00.00.00.01.00.00.569923468643-0.2799624056490.01.018.180.9954583852740.09519770578840.00.0-0.09519770578840.9954583852740.00.00.00.01.00.00.569923468643-0.2799624056490.01.040.480.972845811740.2314541565390.00.0-0.2314541565390.972845811740.00.00.00.01.00.00.569923468643-0.2799624056490.01.075.790.93017875989-0.367106898124-0.00.00.3671068981240.930178759890.00.00.0-0.01.00.00.569923468643-0.2799624056490.01.0118.850.72433362949-0.68944963064-0.00.00.689449630640.724333629490.00.00.0-0.01.00.00.569923468643-0.2799624056490.01.0136.860.9994664934440.03266080958580.00.0-0.03266080958580.9994664934440.00.00.00.01.00.00.569923468643-0.2799624056490.01.0162.510.91824172687-0.396020366944-0.00.00.3960203669440.918241726870.00.00.0-0.01.00.00.569923468643-0.2799624056490.01.0174.570.891884867068-0.384653149592-0.2378725255330.00.3960203669440.918241726870.00.00.21842447862-0.09420236484720.9712963819540.00.569923468643-0.2799624056490.01.0200.370.906393359429-0.3909103891620.1601254059440.00.3960203669440.918241726870.00.0-0.147033829270.06341292201880.9870966793440.00.569923468643-0.2799624056490.01.0213.710.906584297738-0.39099273726-0.1588382526480.00.3960203669440.91824172687-6.93889390391e-180.00.145851911405-0.06290318309840.9873046183910.00.569923468643-0.2799624056490.01.0joint11joint42.51.00.00.00.00.01.00.00.00.00.01.00.0-0.565528072873-0.1886519139151.469091.043.120.994849927097-0.0907045157737-0.04523619539850.00.09241665933880.9950211402140.03731074382210.00.0416267177728-0.04129916883130.9982793171360.0-0.565528072873-0.1886519139151.469091.076.250.971575233484-0.2300882083-0.05568646228510.00.2352333659520.9647561360710.1179443150620.00.0265862600538-0.1276910894060.9914575918630.0-0.565528072873-0.1886519139151.469091.0122.840.956074480221-0.289390656729-0.04663299335270.00.2924231603910.9526351663360.08351607705840.00.0202554569919-0.09348415725840.9954147019230.0-0.565528072873-0.1886519139151.469091.0148.150.843999891193-0.4970499363630.2015081745940.00.4693030458820.866285245540.1711856433420.0-0.259651371636-0.04991226424710.9644117020680.0-0.565528072873-0.1886519139151.469091.0170.90.859592298625-0.4810171910910.1724051681910.00.4584519254290.8750068208880.1555149364830.0-0.225661056043-0.05463996041080.97267238190.0-0.565528072873-0.1886519139151.469091.0186.390.840245842498-0.5013481955820.206487072120.00.4746893638220.8642232206790.1666980285230.0-0.262024678303-0.04205010851670.9641446241790.0-0.565528072873-0.1886519139151.469091.0joint12joint112.51.00.00.00.00.01.00.00.00.00.01.00.0	-0.655518-1.344391.336291.043.120.995881947323-0.07929560182290.04394717882680.00.08039982373570.996474851434-0.02395284540790.0-0.04189290320040.02738755176010.9987466679140.0	-0.655518-1.344391.336291.076.250.958200647114-0.2492990782430.1403619943480.00.2614732793940.96221573823-0.0759776102970.0-0.1161173717970.1095027063170.9871807905730.0	-0.655518-1.344391.336291.0122.840.984225069632-0.154568179460.0860795574190.00.1589687254040.986172927575-0.04681774514980.0-0.077652795510.05976315600640.9951876247890.0	-0.655518-1.344391.336291.0148.150.9766643267990.170773586123-0.1302427542780.0-0.1607263513530.9834028439450.08417770786510.00.142456424004-0.06127992169820.9879022919580.0	-0.655518-1.344391.336291.0170.90.9715291770590.188219249204-0.1438908348410.0-0.1761043160180.9799822195190.09285536767530.00.158487627284-0.06487190189230.9852275414050.0	-0.655518-1.344391.336291.0186.390.9735562708330.181551368972-0.1386624965390.0-0.170247623260.9813251519090.08953598721180.00.152328376531-0.06356136134410.9862839444340.0	-0.655518-1.344391.336291.0joint13joint122.51.00.00.00.00.01.00.00.00.00.01.00.01.378624-0.6074-0.218671.043.120.9948470362780.04014600738960.09310033566180.0-0.0506274855350.9922924648140.1131040316750.0-0.0878420862575-0.11723464660.989211709150.01.378624-0.6074-0.218671.076.250.9731966321960.202136806970.1096769180430.0-0.2111923664260.9743020464410.07831543055970.0-0.0910280146264-0.09937924113330.9908772209440.01.378624-0.6074-0.218671.0126.070.9731966321960.202136806970.1096769180430.0-0.2111923664260.9743020464410.07831543055970.0-0.0910280146264-0.09937924113330.9908772209440.01.378624-0.6074-0.218671.0149.310.9333732379490.357441366010.03240476115930.0-0.3541090051720.931847958146-0.07915930365420.0-0.05849112015110.06241035782860.9963351524960.01.378624-0.6074-0.218671.0170.90.9759570646320.2159612504620.02947110948910.0-0.2156565366070.976380175438-0.01319133162280.0-0.03162382352590.006518535886780.9994785853010.01.378624-0.6074-0.218671.0186.390.9502603340850.310856244027-0.01933114102620.0-0.3114498198650.947993591828-0.06562895366940.0-0.00207537222150.06838527182990.9976568284870.01.378624-0.6074-0.218671.0joint14joint132.51.00.00.00.00.01.00.00.00.00.01.00.00.39962-0.186270.226771.0joint7joint42.51.00.00.00.00.01.00.00.00.00.01.00.0-0.565528195641-0.188656669227-1.46909253831.043.120.989038873433-0.141381434933-0.04258399576170.00.1409279805770.989928023603-0.01348378193030.00.04406144719920.007334707962380.999001897360.0-0.565528195641-0.188656669227-1.46909253831.076.250.961754228561-0.272030908661-0.0320622609760.00.2692600277630.960400156654-0.07162804302910.00.05027764209480.06025548798630.9969159617910.0-0.565528195641-0.188656669227-1.46909253831.0122.840.943335959111-0.328857069664-0.04438801617640.00.3272714894780.944107913426-0.03941598636540.00.05486930310750.02265558513330.998236487030.0-0.565528195641-0.188656669227-1.46909253831.0148.150.9091013740060.3980811623440.1227439610210.0-0.4053376658230.913283531470.04018168501320.0-0.0961044663127-0.08628197570940.9916246024690.0-0.565528195641-0.188656669227-1.46909253831.0170.90.8896618036670.4319328330040.1481077407490.0-0.4378639049840.899002141840.008387471587750.0-0.129526351792-0.07231304682370.9889356639590.0-0.565528195641-0.188656669227-1.46909253831.0186.390.9102994628670.3944552294220.125538678840.0-0.4022929493270.9144653963140.04374267784990.0-0.0975462496714-0.09032226151640.9911239166970.0-0.565528195641-0.188656669227-1.46909253831.0joint8joint72.51.00.00.00.00.01.00.00.00.00.01.00.0-0.655517427181-1.34438332078-1.336284626071.043.120.99938803131-0.0306052948255-0.01693749693070.00.03076478513730.9994839670920.009237289690880.00.0166460466505-0.009752715212650.9998138795180.0-0.655517427181-1.34438332078-1.336284626071.076.250.967223618194-0.221468878581-0.1242175842150.00.230901477560.9706433247390.06735015812820.00.105655004941-0.09382468736480.9899666398280.0-0.655517427181-1.34438332078-1.336284626071.0122.840.989221677668-0.127988670762-0.07112926675230.00.130955330640.9906318072710.03872110277190.00.0655070515985-0.04761851089090.9967152570380.0-0.655517427181-1.34438332078-1.336284626071.0148.150.947626704061-0.277998942192-0.1572266449760.00.2934328585260.9521988619440.08493812364810.00.126098323887-0.1266250980340.983903093430.0-0.655517427181-1.34438332078-1.336284626071.0170.90.911638412275-0.356376130147-0.2047228837370.00.383185072410.9171169021020.1098443815640.00.148608901302-0.1785851106350.9726370097390.0-0.655517427181-1.34438332078-1.336284626071.0186.390.949527264005-0.273095049781-0.1543277962530.00.2879396856050.9540099027310.08340169629470.00.12445365549-0.1236292816290.9844933155480.0-0.655517427181-1.34438332078-1.336284626071.0joint9joint82.51.00.00.00.00.01.00.00.00.00.01.00.01.3786259708-0.607402102760.2186647569941.043.120.9913438602710.0744568431514-0.1081366228930.0-0.08433095307710.992382590397-0.08980581624090.00.1006262443690.09814770901820.9900714045760.01.3786259708-0.607402102760.2186647569941.084.110.9804371795840.1968322557164.33680868994e-190.0-0.1967169894530.979863029123-0.03421798091750.0-0.006735202370030.03354858070180.9994143934230.01.3786259708-0.607402102760.2186647569941.0111.060.9804371795840.1968322557164.33680868994e-190.0-0.1967169894530.979863029123-0.03421798091750.0-0.006735202370030.03354858070180.9994143934230.01.3786259708-0.607402102760.2186647569941.0129.280.8824335453040.470334119794-0.009841436879130.0-0.4703888552790.881850502348-0.03277218848690.0-0.006735202370030.03354858070180.9994143934230.01.3786259708-0.607402102760.2186647569941.0148.140.959583039034-0.215724331831-0.1807301962980.00.1478344715760.932846389976-0.3285461637610.00.2394689128290.2885491732180.9270350664480.01.3786259708-0.607402102760.2186647569941.0joint10joint92.51.00.00.00.00.01.00.00.00.00.01.00.00.399612766759-0.18626997818-0.2267634516971.0joint15joint42.51.00.00.00.00.01.00.00.00.00.01.00.0-2.53965896553-1.369816056210.01.043.120.99853029001-0.0541964937261-0.00.00.05419649372610.998530290010.00.00.0-0.01.00.0-2.53965896553-1.369816056210.01.071.980.962063219224-0.268163920392-0.05022423733420.00.268502779860.9632789093558.67361737988e-190.00.0483799485625-0.01348534734060.9987379666280.0-2.53965896553-1.369816056210.01.0112.430.932302087261-0.293810708374-0.2109219896860.00.2992527311970.954152535974-0.00638286496180.00.203127105427-0.05716822315640.977482057790.0-2.53965896553-1.369816056210.01.0133.060.745340551077-0.601565439735-0.2873786433220.00.592607634230.795289718918-0.1277906680320.00.305423729879-0.07505521101410.9492539494390.0-2.53965896553-1.369816056210.01.0148.150.9417181192040.0111309260614-0.3362188073980.00.006786909039270.9986203730240.05207003405530.00.336334538561-0.05131718100050.94034335490.0-2.53965896553-1.369816056210.01.0170.90.939186378665-0.0552422756876-0.3389354468140.00.0693399185240.9971533672970.02961651208470.00.336334538561-0.05131718100050.94034335490.0-2.53965896553-1.369816056210.01.0186.390.9416041268370.00120367087433-0.3367197937440.00.01614764669390.9986816800720.04872530549580.00.336334538561-0.05131718100050.94034335490.0-2.53965896553-1.369816056210.01.0joint16joint152.51.00.00.00.00.01.00.00.00.00.01.00.0-2.20970327316-0.4499395805070.01.095.580.840186626231-0.3572108335-0.4080280058190.00.3213234734280.934023779371-0.156047444690.00.4368496978684.16333634234e-170.8995345137750.0-2.20970327316-0.4499395805070.01.0133.060.916006028854-0.328906593962-0.2296810996840.00.3171766219780.944335294309-0.08734896904530.00.2456256207620.007162706929830.9693383052650.0-2.20970327316-0.4499395805070.01.0152.520.9791623964250.132868823653-0.1535801977070.0-0.1248709450.9903180092890.06064229194160.00.160150705654-0.04020094748120.9862736107690.0-2.20970327316-0.4499395805070.01.0170.90.9578729939070.141909584631-0.2496817921540.0-0.1303468233870.9895067539010.06233850829630.00.255908251482-0.02716714511240.9663192604150.0-2.20970327316-0.4499395805070.01.0186.390.9706959618880.134587865471-0.1990865541490.0-0.1248709450.9903180092890.06064229194160.00.205320716611-0.03400510175380.9781038065490.0-2.20970327316-0.4499395805070.01.0joint17joint162.51.00.00.00.00.01.00.00.00.00.01.00.0-1.84975160875-0.1899744895480.01.0112.430.600550214423-0.368164384847-0.70978477420.00.2378044123380.929760714232-0.2810588474720.00.763405856297-1.11022302463e-160.6459191114770.0-1.84975160875-0.1899744895480.01.0133.060.607872797911-0.561057628479-0.5618763200970.00.3855995104880.827164345753-0.4087935452350.00.6941207957350.03183524212550.7191542520820.0-1.84975160875-0.1899744895480.01.0152.520.869669815676-0.118481720278-0.4792040209150.00.08184109573290.991940460126-0.09672723822250.00.4868022665830.04490217728450.8723573509320.0-1.84975160875-0.1899744895480.01.0170.90.808582773296-0.132244160997-0.5733283357820.00.08935388798950.990711738786-0.102499430890.00.5815580636790.03165015819340.8128889752340.0-1.84975160875-0.1899744895480.01.0186.390.846194671358-0.120433894187-0.5190859806390.00.08184109573290.991940460126-0.09672723822250.00.5265516244540.03936750812390.8492311735270.0-1.84975160875-0.1899744895480.01.0