joint4root2.51.00.00.00.00.01.00.00.00.00.01.00.01.008022072872.563071913910.01.015.140.9999835843560.005729835782310.00.0-0.005729835782310.9999835843560.00.00.00.01.00.01.008022072872.576210223790.01.061.840.9982762470720.05869015702970.00.0-0.05869015702970.9982762470720.00.00.00.01.00.01.008022072872.697722999660.01.068.880.9981666507380.06052550994920.00.0-0.06052550994920.9981666507380.00.00.00.01.00.01.008022072872.701938872640.01.077.50.9983207759920.05792778454410.00.0-0.05792778454410.9983207759920.00.00.00.01.00.01.008022072872.695971936880.01.0130.820.9999985600290.001697038478140.00.0-0.001697038478140.9999985600290.00.00.00.01.00.01.008022072872.566963143440.01.0138.31.00.00.00.00.01.00.00.00.00.01.00.01.008022072872.563071913910.01.0joint5joint42.51.00.00.00.00.01.00.00.00.00.01.00.00.88988050367-0.3299556923720.01.011.00.998343338624-0.04326121125870.03793475749420.00.04329237232710.999062445745-1.08420217249e-190.0-0.03789919160090.001642285645580.9992802180440.00.88988050367-0.3299556923720.01.037.490.98003481682-0.1489162483590.1317410672320.00.1502255901630.98865174458-1.73472347598e-180.0-0.1302460359510.01979087957350.9912841626920.00.88988050367-0.3299556923720.01.046.580.984559367681-0.1343414955710.1122284013930.00.1350422613920.9908388936250.001369130732240.0-0.1113841961390.01380758662850.9936814939420.00.88988050367-0.3299556923720.01.094.020.9860446880690.0681757450017-0.1518813383050.0-0.06594028035940.9976288287770.01971292518410.00.152865145007-0.00942272713490.9882021350190.00.88988050367-0.3299556923720.01.0101.570.9876368690240.0642473322238-0.1429884444520.0-0.06222493971550.9978892766010.0185754817510.00.143880060544-0.00944838330110.9895500271490.00.88988050367-0.3299556923720.01.0130.460.9994200373180.0140407099322-0.03102333753490.0-0.0139214453190.9998948614460.004057020361620.00.0310770392321-0.003622777744110.9995104267160.00.88988050367-0.3299556923720.01.0138.31.00.00.00.00.01.00.00.00.00.01.00.00.88988050367-0.3299556923720.01.0joint6joint52.51.00.00.00.00.01.00.00.00.00.01.00.00.569923468643-0.2799624056490.01.070.460.990523940121-0.137340176377-0.00.00.1373401763770.9905239401210.00.00.0-0.01.00.00.569923468643-0.2799624056490.01.0138.31.00.00.00.00.01.00.00.00.00.01.00.00.569923468643-0.2799624056490.01.0joint11joint42.51.00.00.00.00.01.00.00.00.00.01.00.0-0.565528072873-0.1886519139151.469091.015.140.999986211322-0.00523049490564-0.0004680689072950.00.005231590457670.999983504770.002370790974670.00.000455660776275-0.002373207029430.9999970801270.0-0.565528072873-0.1886519139151.469091.061.840.99861048666-0.052494900171-0.004624001450490.00.05259096101050.9983291508920.02393945069010.00.00335957636767-0.0241493671840.9997027164670.0-0.565528072873-0.1886519139151.469091.077.50.998645552188-0.0518286359112-0.00456657363720.00.05192247736090.998371448180.02363276971860.00.00333428251808-0.02383786818160.9997102773310.0-0.565528072873-0.1886519139151.469091.0130.820.999998786675-0.00155156121502-0.0001389481665840.00.001551658529390.999998549060.0007030169820480.00.000137857191096-0.0007032317291670.999999743230.0-0.565528072873-0.1886519139151.469091.0138.31.00.00.00.00.01.00.00.00.00.01.00.0-0.565528072873-0.1886519139151.469091.0joint12joint112.51.00.00.00.00.01.00.00.00.00.01.00.0	-0.655518-1.344391.336291.015.140.999981867008-0.005269333734410.002915437689260.00.005273985537420.999984828062-0.001590195494930.0-0.002907014185660.001605542636130.9999944857350.0	-0.655518-1.344391.336291.061.840.998024931833-0.05495628546640.03043094029150.00.05547856553620.998322002515-0.01659240973480.0-0.02946802004420.01824790350980.9993991443920.0	-0.655518-1.344391.336291.077.50.99807700357-0.0542279779590.03002701037620.00.05473627202140.998366609833-0.01637232100090.0-0.02909012669030.01798440369390.9994149917590.0	-0.655518-1.344391.336291.0130.820.999998414034-0.001558369182030.0008622147586690.00.001558775077490.999998674524-0.000470287566830.0-0.0008614807341730.0004716308198470.9999995177080.0	-0.655518-1.344391.336291.0138.31.00.00.00.00.01.00.00.00.00.01.00.0	-0.655518-1.344391.336291.0joint13joint122.51.00.00.00.00.01.00.00.00.00.01.00.01.378624-0.6074-0.218671.0138.31.00.00.00.00.01.00.00.00.00.01.00.01.378624-0.6074-0.218671.0joint14joint132.51.00.00.00.00.01.00.00.00.00.01.00.00.39962-0.186270.226771.0138.31.00.00.00.00.01.00.00.00.00.01.00.00.39962-0.186270.226771.0joint7joint42.51.00.00.00.00.01.00.00.00.00.01.00.0-0.565528195641-0.188656669227-1.46909253831.015.140.999986211373-0.00523048600330.0004680593480180.00.005231581533290.999983504813-0.002370792330670.0-0.000455651231190.002373208331340.9999970801280.0-0.565528195641-0.188656669227-1.46909253831.061.840.998610490144-0.05249483747930.00462396063650.00.05259089733480.99832915436-0.02393944594330.0-0.003359537387890.02414936008630.9997027167690.0-0.565528195641-0.188656669227-1.46909253831.077.50.998645555584-0.05182857403780.00456653324180.00.05192241452580.998371451558-0.02363276503940.0-0.003334243908640.02383786120470.9997102776260.0-0.565528195641-0.188656669227-1.46909253831.0130.820.999998786684-0.001551556193510.0001389411561190.00.001551653503220.999998549067-0.0007030189267190.0-0.0001378501811550.0007032336622660.999999743230.0-0.565528195641-0.188656669227-1.46909253831.0138.31.00.00.00.00.01.00.00.00.00.01.00.0-0.565528195641-0.188656669227-1.46909253831.0joint8joint72.51.00.00.00.00.01.00.00.00.00.01.00.0-0.655517427181-1.34438332078-1.336284626071.015.140.999981866994-0.00526934013817-0.002915430928790.00.005273991865130.9999848280650.001590173062990.00.00290700753331-0.001605520187370.9999944857910.0-0.655517427181-1.34438332078-1.336284626071.061.840.998024929325-0.0549563658966-0.03043087728690.00.05547863806110.9983220023050.01659217983970.00.0294679684386-0.01824767273870.9993991501280.0-0.655517427181-1.34438332078-1.336284626071.077.50.998077001142-0.0542280571299-0.03002694810040.00.05473634348970.9983666096360.01637209409550.00.0290900755188-0.01798417592250.9994149973470.0-0.655517427181-1.34438332078-1.336284626071.0130.820.999998414033-0.00155837104765-0.0008622127436940.00.001558776936440.9999986745240.000470280924230.00.000861478728675-0.0004716241757190.9999995177120.0-0.655517427181-1.34438332078-1.336284626071.0138.31.00.00.00.00.01.00.00.00.00.01.00.0-0.655517427181-1.34438332078-1.336284626071.0joint9joint82.51.00.00.00.00.01.00.00.00.00.01.00.01.3786259708-0.607402102760.2186647569941.0138.31.00.00.00.00.01.00.00.00.00.01.00.01.3786259708-0.607402102760.2186647569941.0joint10joint92.51.00.00.00.00.01.00.00.00.00.01.00.00.399612766759-0.18626997818-0.2267634516971.0138.31.00.00.00.00.01.00.00.00.00.01.00.00.399612766759-0.18626997818-0.2267634516971.0joint15joint42.51.00.00.00.00.01.00.00.00.00.01.00.0-2.53965896553-1.369816056210.01.017.550.999964511956-0.00842465603821-0.00.00.008424656038210.9999645119560.00.00.0-0.01.00.0-2.53965896553-1.369816056210.01.058.970.998197100687-0.0600212310778-0.00.00.06002123107780.9981971006870.00.00.0-0.01.00.0-2.53965896553-1.369816056210.01.068.880.997952466107-0.0639599514609-0.00.00.06395995146090.9979524661070.00.00.0-0.01.00.0-2.53965896553-1.369816056210.01.080.40.99824448421-0.0592279473291-0.00.00.05922794732910.998244484210.00.00.0-0.01.00.0-2.53965896553-1.369816056210.01.0128.00.999993529784-0.00359727532676-0.00.00.003597275326760.9999935297840.00.00.0-0.01.00.0-2.53965896553-1.369816056210.01.0138.31.00.00.00.00.01.00.00.00.00.01.00.0-2.53965896553-1.369816056210.01.0joint16joint152.51.00.00.00.00.01.00.00.00.00.01.00.0-2.20970327316-0.4499395805070.01.0138.31.00.00.00.00.01.00.00.00.00.01.00.0-2.20970327316-0.4499395805070.01.0joint17joint162.51.00.00.00.00.01.00.00.00.00.01.00.0-1.84975160875-0.1899744895480.01.0138.31.00.00.00.00.01.00.00.00.00.01.00.0-1.84975160875-0.1899744895480.01.0