hiproot1.01.00.00.00.00.01.00.00.00.00.01.00.0-0.1108697933490.67472895897-0.005675854323141.015.01.018050057690.00.00.00.01.018050057690.00.00.00.01.018050057690.0-0.1108697933490.631177547044-0.005675854323141.022.01.001309522080.00.00.00.01.001309522080.00.00.00.01.001309522080.0-0.1108697933490.67472895897-0.005675854323141.030.00.9808549940110.00.00.00.00.9808549940110.00.00.00.00.9808549940110.0-0.1108697933490.706557606334-0.005675854323141.045.01.016523952340.00.00.00.01.016523952340.00.00.00.01.016523952340.0-0.1108697933490.65610570024-0.005675854323141.060.01.017821244370.00.00.00.01.017821244370.00.00.00.01.017821244370.0-0.1108697933490.700631638992-0.005675854323141.075.01.018050057690.00.00.00.01.018050057690.00.00.00.01.018050057690.0-0.1108697933490.631177547044-0.005675854323141.083.01.001309522080.00.00.00.01.001309522080.00.00.00.01.001309522080.0-0.1108697933490.67472895897-0.005675854323141.090.00.9808549940110.00.00.00.00.9808549940110.00.00.00.00.9808549940110.0-0.1108697933490.706557606334-0.005675854323141.0105.01.016523952340.00.00.00.01.016523952340.00.00.00.01.016523952340.0-0.1108697933490.65610570024-0.005675854323141.0120.01.00.00.00.00.01.00.00.00.00.01.00.0-0.1108697933490.67472895897-0.005675854323141.0	rightLeg1hip1.01.00.00.00.00.01.00.00.00.00.01.00.00.121607207002-0.1342198000020.2716112275821.015.00.646704985306-0.739342245966-0.00.00.7393422459660.6467049853060.00.00.0-0.00.9822699703690.0-0.0105087600125-0.1742736791280.2716112275821.022.00.909145492783-0.4133286396720.00.00.3748728494880.824559270196-0.4206642937930.00.1741002903210.3829458669090.9057746095740.00.0487050297924-0.1145970158060.3026383935771.030.01.01578775686-0.0871412372542-3.53716601652e-180.00.07201198598960.839429138494-0.5741004768720.00.04907004283710.5719995528330.8425123172270.00.112140589281-0.04356045300980.3128534517211.045.00.7847639640760.545488483943-0.233112358170.0-0.5884360969040.764772651821-0.1913616676490.00.07511336436540.2920935498610.9363721896670.00.142339190565-0.1039297508690.2393774768141.060.00.972674503474-0.052599786133-0.1281628970860.00.03612665497540.973775973794-0.1254725988440.00.1337435250430.119506362840.9659808766990.00.0752283661484-0.1043281773570.2644568797311.075.00.646704985306-0.739342245966-0.00.00.7393422459660.6467049853060.00.00.0-0.00.9822699703690.0-0.0105087600125-0.1742736791280.2716112275821.083.00.909145492783-0.4133286396720.00.00.3748728494880.824559270196-0.4206642937930.00.1741002903210.3829458669090.9057746095740.00.0487050297924-0.1145970158060.3026383935771.090.01.01578775686-0.0871412372542-3.53716601652e-180.00.07201198598960.839429138494-0.5741004768720.00.04907004283710.5719995528330.8425123172270.00.112140589281-0.04356045300980.3128534517211.0105.00.7847639640760.545488483943-0.233112358170.0-0.5884360969040.764772651821-0.1913616676490.00.07511336436540.2920935498610.9363721896670.00.142339190565-0.1039297508690.2393774768141.0120.01.00.00.00.00.01.00.00.00.00.01.00.00.121607207002-0.1342198000020.2716112275821.0	rightLeg2	rightLeg11.01.00.00.00.00.01.00.00.00.00.01.00.0-0.0191217791805-0.2834002211560.01027725191771.015.01.00.00.00.00.01.00.00.00.00.01.00.0-0.00519387202648-0.3034578395670.01027725191771.022.01.00.00.00.00.01.00.00.00.00.01.00.0-0.0191217791805-0.2834002211560.01027725191771.030.01.00.00.00.00.01.00.00.00.00.01.00.0-0.0218422665386-0.2571938413610.02813467053321.045.01.00.00.00.00.01.00.00.00.00.01.00.0-0.026393673544-0.2994782309750.004778807783031.060.01.00.00.00.00.01.00.00.00.00.01.00.0-0.0167862186632-0.3028611656220.007270626109471.075.01.00.00.00.00.01.00.00.00.00.01.00.0-0.00519387202648-0.3034578395670.01027725191771.083.01.00.00.00.00.01.00.00.00.00.01.00.0-0.0191217791805-0.2834002211560.01027725191771.090.01.00.00.00.00.01.00.00.00.00.01.00.0-0.0218422665386-0.2571938413610.02813467053321.0105.01.00.00.00.00.01.00.00.00.00.01.00.0-0.026393673544-0.2994782309750.004778807783031.0120.01.00.00.00.00.01.00.00.00.00.01.00.0-0.0191217791805-0.2834002211560.01027725191771.0	rightLeg3	rightLeg21.01.00.00.00.00.01.00.00.00.00.01.00.0-2.50814163414e-18-0.229525292828-0.003425750639221.015.01.00.00.00.00.01.00.00.00.00.01.00.00.013927907154-0.249582911239-0.003425750639221.022.01.00.00.00.00.01.00.00.00.00.01.00.0-2.50814163414e-18-0.229525292828-0.003425750639221.030.01.00.00.00.00.01.00.00.00.00.01.00.0-0.00272048735811-0.2033189130330.01443166797641.045.01.00.00.00.00.01.00.00.00.00.01.00.0-0.00727189436349-0.245603302647-0.008924194773851.060.01.00.00.00.00.01.00.00.00.00.01.00.00.00233556051732-0.248986237294-0.006432376447411.075.01.00.00.00.00.01.00.00.00.00.01.00.00.013927907154-0.249582911239-0.003425750639221.083.01.00.00.00.00.01.00.00.00.00.01.00.00.0-0.229525292828-0.003425750639221.090.01.00.00.00.00.01.00.00.00.00.01.00.0-0.00272048735811-0.2033189130330.01443166797641.0105.01.00.00.00.00.01.00.00.00.00.01.00.0-0.00727189436349-0.245603302647-0.008924194773851.0120.01.00.00.00.00.01.00.00.00.00.01.00.0-2.50814163414e-18-0.229525292828-0.003425750639221.0	LefttLeg1hip1.00.995819868317-0.07175683316560.05651324409780.00.06300052453270.9875923477370.1438481442340.0-0.0661341347037-0.1396864760280.9879847998030.00.141209814822-0.0805295558853-0.1905252252951.015.00.7041759515920.5887145194470.3498653147730.0-0.6814404210450.6522090312690.2740741264450.0-0.0680402561375-0.4391957295020.8759748451990.00.141209814822-0.104515748952-0.1905252252951.022.00.9808534077750.1325901846160.1331635341260.0-0.1291878195740.989721183561-0.03389066987850.0-0.136466813370.01605967541720.9891941099170.00.141209814822-0.0805295558853-0.1905252252951.030.00.955164650321-0.3363510635570.118096634350.00.3541510359640.933891060136-0.2045553561930.0-0.040692710970.2326667403520.9917805470120.00.141209814822-0.0480796549736-0.1905252252951.045.00.435756823309-0.8807176140280.04696820455870.00.879006897910.437967089630.05731700259050.0-0.0722246587060.01657859162380.980949685730.00.141209814822-0.098850087032-0.1905252252951.060.00.910649631924-0.2115051720380.302110849650.00.1414818521210.9436311883020.234160674290.0-0.340570534244-0.1735335646630.9050889285250.00.141209814822-0.103666280135-0.1905252252951.075.00.7041759515920.5887145194470.3498653147730.0-0.6814404210450.6522090312690.2740741264450.0-0.0680402561375-0.4391957295020.8759748451990.00.141209814822-0.104515748952-0.1905252252951.083.00.9808534077770.1325901843870.1331635343380.0-0.129187819360.989721183594-0.03389066972910.0-0.1364668135560.01605967527170.9891941098940.00.141209814822-0.0805295558853-0.1905252252951.090.00.955164633972-0.3363510923250.118096684650.00.354151074730.933891050234-0.2045553342840.0-0.04069275735450.2326667385090.9917805455410.00.141209814822-0.0480796549736-0.1905252252951.0105.00.435756823309-0.8807176140280.04696820455870.00.879006897910.437967089630.05731700259050.0-0.0722246587060.01657859162380.980949685730.00.141209814822-0.098850087032-0.1905252252951.0120.00.995819868317-0.07175683316560.05651324409780.00.06300052453270.9875923477370.1438481442340.0-0.0661341347037-0.1396864760280.9879847998030.00.141209814822-0.0805295558853-0.1905252252951.0	LefttLeg2	LefttLeg11.00.990823024279-0.130274134572-0.03603310172230.00.1210093234450.973721744747-0.1929318725490.00.06022024740540.1868010001780.9805503088240.00.0741314720388-0.156221308436-0.1532339278511.015.00.954505351768-0.28643091724-0.08292685388490.00.2247537002870.873812813822-0.4312040591280.00.1959727217080.3929484648780.8984354157630.00.0640332428794-0.177979033627-0.1489703002261.022.00.9990377217750.04122297194420.01497655018910.0-0.04200164024880.9975438731020.05605429023190.0-0.0126290414478-0.05662939008220.9983153907910.00.0741314720388-0.156221308436-0.1532339278511.030.00.9745065239330.2074559512470.08543455450870.0-0.2239127998890.9233028233480.3120496025370.0-0.0141454182588-0.323224263770.9462166678160.00.0651039763388-0.127979920081-0.1482911753651.045.00.997426748156-0.0697608124863-0.01653212341090.00.0680224756720.99369454586-0.08912963778280.00.02264563681330.08777572881550.9958828227080.00.0891375025654-0.167045964072-0.1534961940851.060.00.935135557279-0.342879113114-0.08919306756960.00.2662293983470.846174536898-0.4616389937610.00.2337592714050.4079492209760.8825723971080.00.0777606016048-0.176339807701-0.1514451220021.075.00.954505351768-0.28643091724-0.08292685388490.00.2247537002870.873812813822-0.4312040591280.00.1959727217080.3929484648780.8984354157630.00.0640332428794-0.177979033627-0.1489703002261.083.00.9990377217670.04122297219340.01497654998280.0-0.04200164048440.9975438730990.05605429011170.0-0.0126290412329-0.05662938995650.9983153908010.00.0741314720388-0.156221308436-0.1532339278511.090.00.974506519540.2074559907390.0854345087230.0-0.2239128224170.923302819490.3120495977870.0-0.0141453643171-0.3232242494440.9462166735160.00.0651039763388-0.127979920081-0.1482911753651.0105.00.997426748156-0.0697608124863-0.01653212341090.00.0680224756720.99369454586-0.08912963778280.00.02264563681330.08777572881550.9958828227080.00.0891375025654-0.167045964072-0.1534961940851.0120.00.990823024279-0.130274134572-0.03603310172230.00.1210093234450.973721744747-0.1929318725490.00.06022024740540.1868010001780.9805503088240.00.0741314720388-0.156221308436-0.1532339278511.0	LefttLeg3	LefttLeg21.00.9777588286980.168975946133-0.1242368807240.0-0.1702952940170.985393075293-1.73472347598e-180.00.1224221619610.02115695613060.9922525875340.0-0.0702793648886-0.3788381221653.83384713321e-171.015.00.985055569049-0.12463486725-0.1188767250180.00.1211541998690.991977082937-0.03609884736510.00.1224221619610.02115695613060.9922525875340.0-0.114488349377-0.3910723047290.006095911051311.022.00.990127394838-0.0717039616416-0.1204420353390.00.06860699291920.997202426733-0.02967154597290.00.1222326573150.02111544464930.9922768340960.0-0.0902386097147-0.3728657802760.003142431287091.030.00.990042977727-0.0611416243353-0.1267935488350.00.05929142186510.998072614231-0.01831895236750.00.1276692192580.0106187803570.9917599568230.0-0.0821690491862-0.3502603387220.0001689068161511.045.00.9777588286980.168975946133-0.1242368807240.0-0.1702952940170.985393075293-1.73472347598e-180.00.1224221619610.02115695613060.9922525875340.0-0.0539652145201-0.387536724347-0.001282231619871.060.00.9591567081060.215599299076-0.1831265997440.0-0.1938618683890.9724443497280.1294973461780.00.205999964274-0.08870698349010.9745230042430.0-0.0499062897336-0.3695238114-0.03668981137371.075.00.985055569049-0.12463486725-0.1188767250180.00.1211541998690.991977082937-0.03609884736510.00.1224221619610.02115695613060.9922525875340.0-0.114488349377-0.3910723047290.006095911051311.083.00.990127394838-0.0717039616416-0.1204420353390.00.06860699291920.997202426733-0.02967154597290.00.1222326573150.02111544464930.9922768340960.0-0.0902386097147-0.3728657802760.003142431287091.090.00.990042977727-0.0611416243353-0.1267935488350.00.05929142186510.998072614231-0.01831895236750.00.1276692192580.0106187803570.9917599568230.0-0.0821690491862-0.3502603387220.0001689068161511.0105.00.9777588286980.168975946133-0.1242368807240.0-0.1702952940170.985393075293-1.73472347598e-180.00.1224221619610.02115695613060.9922525875340.0-0.0539652145201-0.387536724347-0.001282231619871.0120.00.9777588286980.168975946133-0.1242368807240.0-0.1702952940170.985393075293-1.73472347598e-180.00.1224221619610.02115695613060.9922525875340.0-0.0702793648886-0.3788381221653.83384713321e-171.0	upperbodyhip1.01.00.00.00.00.01.00.00.00.00.01.00.00.2125627312320.4703212737820.01027725191771.015.00.9822699703690.00.00.00.00.9822699703690.00.00.00.00.9822699703690.00.2125627312320.4463350807160.01027725191771.022.00.9986921905280.00.00.00.00.9986921905280.00.00.00.00.9986921905280.00.2125627312320.4572692717610.01027725191771.030.01.019518691450.00.00.00.01.019518691450.00.00.00.01.019518691450.00.2125627312320.4850036242740.01027725191771.045.00.9837446502820.00.00.00.00.9837446502820.00.00.00.00.9837446502820.00.2125627312320.452154746460.01027725191771.060.00.9824907915080.00.00.00.00.9824907915080.00.00.00.00.9824907915080.00.2125627312320.4472076397290.01027725191771.075.00.9822699703690.00.00.00.00.9822699703690.00.00.00.00.9822699703690.00.2125627312320.4463350807160.01027725191771.083.00.9986921905280.00.00.00.00.9986921905280.00.00.00.00.9986921905280.00.2125627312320.4572692717610.01027725191771.090.01.019518691450.00.00.00.01.019518691450.00.00.00.01.019518691450.00.2125627312320.4850036242740.01027725191771.0105.00.9837446502820.00.00.00.00.9837446502820.00.00.00.00.9837446502820.00.2125627312320.452154746460.01027725191771.0120.01.00.00.00.00.01.00.00.00.00.01.00.00.2125627312320.4703212737820.01027725191771.0neck	upperbody1.00.999718644508-0.02361177519420.002261834579910.00.02358738050410.9996690789460.01026489548620.0-0.00250345849584-0.01020865664860.9999447564870.00.07134940489010.1813818373330.01.015.00.942833198145-0.3331331312060.009374292988810.00.3330715981560.9428713529940.007544680554990.0-0.011352135371-0.003991064549270.9999275975920.00.07134940489010.156962692098-1.11022302463e-161.022.00.957510396985-0.2882924193660.007830747208530.00.2882377711620.957530190810.007410867957380.0-0.0096346739218-0.004838865997960.9999418775280.00.07134940489010.1813818373330.01.030.00.977805359313-0.2094525558510.00512895177350.00.209413078220.9777999708780.007306135862390.0-0.00654537772454-0.006069909223190.9999601563220.00.07134940489010.213210484698-5.55111512313e-171.045.00.956555254863-0.2914229531960.008643306400070.00.2913581585860.9565804257950.008019501918680.0-0.0106050846488-0.005152798864880.9999304880060.00.07134940489010.162758578603-1.11022302463e-161.060.00.908476717151-0.4177888743740.01106846167260.00.4177763481490.9085430378930.003531461993150.0-0.01153157932380.001415890498920.9999325066890.00.07134940489010.157831685783-1.11022302463e-161.075.00.942833198145-0.3331331312060.009374292988810.00.3330715981560.9428713529940.007544680554990.0-0.011352135371-0.003991064549270.9999275975920.00.07134940489010.1569626920980.01.083.00.957510396985-0.2882924193660.007830747208530.00.2882377711620.957530190810.007410867957380.0-0.0096346739218-0.004838865997960.9999418775280.00.07134940489010.1813818373330.01.090.00.977805359313-0.2094525558510.00512895177350.00.209413078220.9777999708780.007306135862390.0-0.00654537772454-0.006069909223190.9999601563220.00.07134940489010.2132104846980.01.0105.00.956555254863-0.2914229531960.008643306400070.00.2913581585860.9565804257950.008019501918680.0-0.0106050846488-0.005152798864880.9999304880060.00.07134940489010.1627585786030.01.0120.00.999718644508-0.02361177519420.002261834579910.00.02358738050410.9996690789460.01026489548620.0-0.00250345849584-0.01020865664860.9999447564870.00.07134940489010.1813818373330.01.0headneck1.01.00.00.00.00.01.00.00.00.00.01.00.00.05227925438660.326411853034-0.01027725191771.015.01.00.00.00.00.01.00.00.00.00.01.00.00.06368415586520.320907293466-0.01040565693531.022.01.00.00.00.00.01.00.00.00.00.01.00.00.05227925438660.326411853034-0.01027725191771.030.01.00.00.00.00.01.00.00.00.00.01.00.00.05582451493030.315348711291-0.01028794204291.045.01.00.00.00.00.01.00.00.00.00.01.00.00.05801241312050.308701681754-0.01020081660451.060.01.00.00.00.00.01.00.00.00.00.01.00.00.06102084021250.304604025681-0.01021960063941.075.01.00.00.00.00.01.00.00.00.00.01.00.00.06168177291940.303881290792-0.01025841959931.083.01.00.00.00.00.01.00.00.00.00.01.00.00.05495689939790.311293888273-0.01018617734481.090.01.00.00.00.00.01.00.00.00.00.01.00.00.05734820414070.309765064234-0.01025496077321.0105.01.00.00.00.00.01.00.00.00.00.01.00.00.05801241312050.308701681754-0.01020081660451.0120.01.00.00.00.00.01.00.00.00.00.01.00.00.05227925438660.326411853034-0.01027725191771.0	rightArm1	upperbody1.00.4609403204510.698028628108-0.5479872766090.0-0.721176849331-0.0652035866559-0.6896756080040.0-0.5171440543710.7130950333790.4733471246340.0-0.002278510327240.03340022073940.2348751096641.015.00.4857065623140.67601461697-0.5541600607850.0-0.8009788040420.0903345718195-0.5918383399290.0-0.3500315568650.7313302282670.5853494737520.0-0.002278510327240.008981075503960.2348751096641.022.00.3321076807980.622507109695-0.7086532203650.0-0.782877502112-0.237144374712-0.575208972660.0-0.5261247998730.7458199809080.4085893427850.0-0.002278510327240.03340022073940.2348751096641.030.00.6031603495760.701063590748-0.3804043039010.0-0.6247008782440.118678962529-0.7717927938080.0-0.4959298392120.7031537140490.5095374853710.0-0.002278510327240.06522886810380.2348751096641.045.00.684842165020.722262757923-0.09658010938370.0-0.5547002092060.43077215725-0.7118588528950.0-0.4725451162770.5410839648860.6956502397230.0-0.002278510327240.01477696200910.2348751096641.060.00.7780290317110.601619858448-0.1808987886540.0-0.5510844233830.515333246321-0.6563060288780.0-0.3016235801790.610315648790.7324875594320.0-0.002278510327240.009850069189350.2348751096641.075.00.6588921042350.650751906258-0.3773369203750.0-0.6875316811670.317435628404-0.6530963246040.0-0.3052234957670.6897510988180.6565683812910.0-0.002278510327240.008981075503960.2348751096641.083.00.5047350270440.662166903402-0.5538750260790.0-0.737254763551-0.00314697887691-0.6756075119080.0-0.4491079670830.7493497771820.486597313330.0-0.002278510327240.03340022073940.2348751096641.090.0-0.04112459347650.485749543732-0.8731300868580.0-0.9911117065910.0908200145340.09720756153350.00.1265162158410.8693670719120.4776971230860.0-0.002278510327240.06522886810380.2348751096641.0105.00.684842165020.722262757923-0.09658010938370.0-0.5547002092060.43077215725-0.7118588528950.0-0.4725451162770.5410839648860.6956502397230.0-0.002278510327240.01477696200910.2348751096641.0120.00.4609403204510.698028628108-0.5479872766090.0-0.721176849331-0.0652035866559-0.6896756080040.0-0.5171440543710.7130950333790.4733471246340.0-0.002278510327240.03340022073940.2348751096641.0	rightArm2	rightArm11.00.986296668977-0.1524196635060.06314370072330.00.1523196635550.9883104102040.006422863629630.0-0.06338454747680.003283178246610.9979837773640.0-0.019609472157-0.2536316280110.1927051774161.015.00.908491159149-0.3891252542540.1523986556720.00.3910865847760.9201750857360.01814097016230.0-0.1472925556760.04312015876020.9881525969970.0-0.0259772063777-0.2425208991710.1719708733181.022.00.955524135873-0.271976156570.1140289262470.00.2724667159780.962095719920.01156349410990.0-0.1128517365740.02001988934390.9934101316090.0-0.019609472157-0.2536316280110.1927051774161.030.00.987896308356-0.1393239933780.06818877331620.00.1393681136720.9902320162620.004133141923480.0-0.06809855232530.005420225062570.9976638754270.00.000809969515859-0.2535352418910.216984815221.045.00.9987888781370.040088281077-0.0285255434810.0-0.04005705719710.9991960060630.00166542392840.00.0285693730995-0.0005207575702690.9995916765020.0-0.0334842550872-0.2519297944390.1805592067231.060.00.963667813690.217894004554-0.1544880177770.0-0.219257279780.9756311778950.008369586821970.00.1525470095430.02580712110220.9879592108890.0-0.031411067491-0.2466737269350.1732585465761.075.00.910381582009-0.3853139836010.1507929347850.00.3871846955180.9218273737380.01795284331730.0-0.1459225366260.04204077864020.9884023402620.0-0.0259772063777-0.2425208991710.1719708733181.083.00.9732564804190.182426877243-0.1396146760960.0-0.182967280820.9830772091110.009065046884070.00.1389057143220.01672230202260.9901644141980.0-0.019609472157-0.2536316280110.1927051774161.090.00.758536832829-0.5731748555640.3099878355520.00.5980297641060.80126744410.01819022455360.0-0.2588093400260.171583996850.9505664929610.00.000809969515859-0.2535352418910.216984815221.0105.00.9987888781370.040088281077-0.0285255434810.0-0.04005705719710.9991960060630.00166542392840.00.0285693730995-0.0005207575702690.9995916765020.0-0.0334842550872-0.2519297944390.1805592067231.0120.00.986296668977-0.1524196635060.06314370072330.00.1523196635550.9883104102040.006422863629630.0-0.06338454747680.003283178246610.9979837773640.0-0.019609472157-0.2536316280110.1927051774161.0	rightArm3	rightArm21.01.00.00.00.00.01.00.00.00.00.01.00.00.279255170129-0.05729699179930.0295169399931.015.01.00.00.00.00.01.00.00.00.00.01.00.00.261009142683-0.05459477320320.01373413848671.022.01.00.00.00.00.01.00.00.00.00.01.00.00.279255170129-0.05729699179930.0295169399931.030.01.00.00.00.00.01.00.00.00.00.01.00.00.297687418332-0.05884364457110.05536120657331.045.01.00.00.00.00.00.2437625630210.9698349410440.00.0-0.9698349410440.2437625630210.00.264509548518-0.06517239968980.02141236076961.060.01.00.00.00.00.00.7489741055650.6625992674260.00.0-0.6625992674260.7489741055650.00.261533968453-0.06037876663940.0148853559431.075.01.00.00.00.00.01.00.00.00.00.01.00.00.261009142683-0.05459477320320.01373413848671.083.01.00.00.00.00.01.00.00.00.00.01.00.00.279255170129-0.05729699179930.0295169399931.090.01.00.00.00.00.01.00.00.00.00.01.00.00.297687418332-0.05884364457110.05536120657331.0105.01.00.00.00.00.00.2437625630210.9698349410440.00.0-0.9698349410440.2437625630210.00.264509548518-0.06517239968980.02141236076961.0120.01.00.00.00.00.01.00.00.00.00.01.00.00.279255170129-0.05729699179930.0295169399931.0leftArm1	upperbody1.00.5346874882840.5860721346940.608792857060.0-0.7921143580610.09662402974990.6026762320090.00.294387726691-0.8044770039040.5158998125260.0-3.08148791102e-33-0.0122571463204-0.2035330523991.015.00.240543543870.4106305161410.8795006439540.0-0.955896459169-0.05710396378360.2880991091080.00.168525258793-0.9100119320830.3787842665880.0-5.55111512313e-17-0.0366762915558-0.2035330523991.022.00.5618297535560.5748754210570.5948660170860.0-0.8041670876260.2108385085550.5557539190050.00.194068604359-0.790610759840.58075124040.0-3.08148791102e-33-0.0122571463204-0.2035330523991.030.00.8012906554290.591744972656-0.08815425603690.0-0.5015338048560.7447247791510.4402826886280.00.326185726402-0.3085820647010.8935211140410.0-2.22044604925e-160.019571501044-0.2035330523991.045.00.09038694297060.438390710520.8942280388530.0-0.989792779803-0.05979757474270.129361907470.00.11018372652-0.8967930837070.4285110400270.0-5.55111512313e-17-0.0308804050506-0.2035330523991.060.00.2941476111010.6196647755230.7276625240180.0-0.9500186327940.10623911410.2935606376540.00.104602964719-0.7776431164820.6199430644510.0-5.55111512313e-17-0.0358072978704-0.2035330523991.075.00.5566619095690.6812648091350.4754006502610.0-0.8229366915280.3739669538660.4276960593150.00.113590141172-0.629306743370.7688109667390.00.0-0.0366762915558-0.2035330523991.083.00.5723296658910.7568076436230.3157228913060.0-0.7997219030630.4299895230470.4189915128390.00.181338444082-0.492291784030.8513314090730.00.0-0.0122571463204-0.2035330523991.090.00.5100492495970.8385038315530.191731811280.0-0.8555812490140.5175102682930.01280033386680.0-0.0884900521032-0.1705709432540.9813638795050.00.00.019571501044-0.2035330523991.0105.00.09038694297060.438390710520.8942280388530.0-0.989792779803-0.05979757474270.129361907470.00.11018372652-0.8967930837070.4285110400270.00.0-0.0308804050506-0.2035330523991.0120.00.5346874882840.5860721346940.608792857060.0-0.7921143580610.09662402974990.6026762320090.00.294387726691-0.8044770039040.5158998125260.0-3.08148791102e-33-0.0122571463204-0.2035330523991.0leftArm2leftArm11.00.938991124911-0.186563004636-0.2889462106340.00.2062079066490.9777377402480.03882280940340.00.275270715068-0.09603726670280.9565578272280.0-0.0638021239676-0.117537476576-0.2459671281151.015.00.900598725332-0.275256232428-0.3363865966990.00.2906036901730.956830836847-0.004923912817040.00.323220406515-0.09332071671890.9417111089090.0-0.077993815737-0.1218502576-0.2266459174551.022.00.940153688441-0.184924147223-0.2862063973520.00.2041190657250.9781896105520.03847717266440.00.272848766021-0.09459463823330.9573951145160.0-0.0638021239676-0.117537476576-0.2459671281151.030.00.9649942333590.1149408041550.2357429556190.0-0.09022962783220.989479150834-0.1130912212620.0-0.2462615354560.08786137721190.9652127405650.0-0.0443654426441-0.113074296208-0.2706355788841.045.00.933005059448-0.21323431103-0.2898839209830.00.2281603427650.9734517978870.01828811582150.00.278288370282-0.08320291936260.9568870660510.0-0.0680216393762-0.115829842813-0.2279837503211.060.00.998714364172-0.0323670249751-0.0390127477960.00.03239704591970.9994750684910.000137406700230.00.0389878213293-0.001401127827060.9992387035280.0-0.0755698758893-0.11934868204-0.2268465025121.075.00.9881015353840.087412536420.1265480313870.0-0.08064352205530.995073319931-0.05766897183210.0-0.1309655608230.04677752065110.9902827300520.0-0.077993815737-0.1218502576-0.2266459174551.083.00.996019661431-0.0494902530136-0.07413196948180.00.05038442642670.9986774054320.01023960219130.00.0735271624384-0.013933941870.9971958692490.0-0.0638021239676-0.117537476576-0.2459671281151.090.00.8296728546730.2266705447340.510160188930.0-0.1268763964770.966505340393-0.2230914767750.0-0.5436408136230.1203656559910.8306423867230.0-0.0443654426441-0.113074296208-0.2706355788841.0105.00.933005059448-0.21323431103-0.2898839209830.00.2281603427650.9734517978870.01828811582150.00.278288370282-0.08320291936260.9568870660510.0-0.0680216393762-0.115829842813-0.2279837503211.0120.00.938991124911-0.186563004636-0.2889462106340.00.2062079066490.9777377402480.03882280940340.00.275270715068-0.09603726670280.9565578272280.0-0.0638021239676-0.117537476576-0.2459671281151.0leftArm3leftArm21.01.00.00.00.00.01.00.00.00.00.01.00.00.218296982593-0.121958496745-0.03155363401921.015.01.00.00.00.00.01.00.00.00.00.01.00.00.19842791916-0.131217334517-0.02082666961821.022.01.00.00.00.00.01.00.00.00.00.01.00.00.218296982593-0.121958496745-0.03155363401921.030.01.00.00.00.00.01.00.00.00.00.01.00.00.236427354334-0.117010425544-0.05713812466311.045.01.00.00.00.00.01.00.00.00.00.01.00.00.203536715303-0.121191549982-0.02062106909911.060.01.00.00.00.00.01.00.00.00.00.01.00.00.199193895515-0.127014744923-0.02064224530761.075.01.00.00.00.00.01.00.00.00.00.01.00.00.19842791916-0.131217334517-0.02082666961821.083.01.00.00.00.00.01.00.00.00.00.01.00.00.218296982593-0.121958496745-0.03155363401921.090.01.00.00.00.00.01.00.00.00.00.01.00.00.236427354334-0.117010425544-0.05713812466311.0105.01.00.00.00.00.01.00.00.00.00.01.00.00.203536715303-0.121191549982-0.02062106909911.0120.01.00.00.00.00.01.00.00.00.00.01.00.00.218296982593-0.121958496745-0.03155363401921.0