hiproot1.01.00.00.00.00.01.00.00.00.00.01.00.0-0.1108697933490.67472895897-0.005675854323141.030.01.00.00.00.00.01.00.00.00.00.01.00.0-0.1108697933490.455816722789-0.005675854323141.060.01.00.00.00.00.01.00.00.00.00.01.00.0-0.1108697933490.64392682933-0.005675854323141.0	rightLeg1hip1.01.00.00.00.00.01.00.00.00.00.01.00.00.121607207002-0.1342198000020.2716112275821.030.00.9393789595331.38777878078e-17-0.34288069410.0-0.2198366431810.767418784609-0.6022792204150.00.2631330855330.6411461682240.7208970594120.00.121607207002-0.01076027206060.310279247551.060.00.9393789595330.0-0.34288069410.0-0.009021067749260.999653841499-0.02471472259010.00.3427620030330.02630964036320.9390537855210.00.121607207002-0.1076597842430.2934686557331.0	rightLeg2	rightLeg11.01.00.00.00.00.01.00.00.00.00.01.00.0-0.0191217791805-0.2834002211560.01027725191771.030.01.00.00.00.00.01.00.00.00.00.01.00.0-0.0191217791805-0.2834002211560.01027725191771.060.01.00.00.00.00.01.00.00.00.00.01.00.0-0.0191217791805-0.2834002211560.01027725191771.0	rightLeg3	rightLeg21.01.00.00.00.00.01.00.00.00.00.01.00.0-2.50814163414e-18-0.229525292828-0.003425750639221.030.01.00.00.00.00.01.00.00.00.00.01.00.0-2.50814163414e-18-0.229525292828-0.003425750639221.060.01.00.00.00.00.01.00.00.00.00.01.00.0-2.50814163414e-18-0.229525292828-0.003425750639221.0	LefttLeg1hip1.00.995819869543-0.07175680000590.05651326460540.00.06300048490380.9875923418490.1438482020140.0-0.0661341540004-0.139686534690.9879847902170.00.141209814822-0.0805295558853-0.1905252252951.030.00.1007824150820.3620938005560.9266773896070.0-0.9598024831830.280626866217-0.005268323500780.0-0.261958199119-0.8888963052890.3758207822330.00.128632825843-0.0805295558853-0.1536389472421.060.00.8666311300860.1219070314970.4838276139670.0-0.2166659313980.9654422053870.1448351553630.0-0.449451174808-0.2303476149840.8630953700110.00.0509541096583-0.0609737267319-0.1786333790051.0	LefttLeg2	LefttLeg11.00.99082301585-0.130274194097-0.03603311829550.00.1210093734640.973721721186-0.192931960090.00.06022028558280.1868010814820.9805502909910.00.0741314720388-0.156221308436-0.1532339278511.030.00.364551893573-0.86408539089-0.3470711081940.00.5056795700660.496678591016-0.7054066555150.00.7819143746670.0816505632330.6180154498170.00.0634813787087-0.19426262426-0.1049026026671.060.00.9514135745710.199046282153-0.2349314531570.0-0.1803284138970.9786259136170.09885840550380.00.249587406058-0.05169041263460.9669716789950.0-0.00700857276663-0.152275264805-0.1050519417131.0	LefttLeg3	LefttLeg21.00.9777588286980.168975946133-0.1242368807240.0-0.1702952940170.985393075293-1.73472347598e-180.00.1224221619610.02115695613060.9922525875340.0-0.0702793648886-0.3788381221653.83384713321e-171.030.00.951062727653-0.28829807772-0.111193104340.00.2837120059680.957306952649-0.05541566637020.00.1224221619610.02115695613060.9922525875340.0-0.176320531188-0.3304456810450.02815297619881.060.00.869604279499-0.436171253086-0.2313936798140.00.3881611329620.893557548233-0.2255789060470.00.3051546033310.1063463491470.9463461956860.0-0.200201763411-0.3231580501280.05901303303741.0	upperbodyhip1.01.00.00.00.00.01.00.00.00.00.01.00.00.2125627312320.4703212737820.01027725191771.030.00.906094999239-0.42307428704-0.00.00.423074287040.9060949992390.00.00.0-0.01.00.00.3314945622690.3198089278520.01027725191771.060.00.8838550156640.4677609552810.00.0-0.4677609552810.8838550156640.00.00.00.01.00.00.00696433826240.6057831271870.01027725191771.0neck	upperbody1.00.999718644495-0.02361177504350.002261841667620.00.02358738028390.9996690789630.01026489435090.0-0.00250346555289-0.01020865534680.9999447564820.00.07134940489010.1813818373330.01.030.00.859313152649-0.5112344388440.01484096437010.00.5110752163450.8594325761250.01333305414590.0-0.0195711246951-0.003872419716330.9998009679150.00.07134940489010.1813818373330.01.060.00.9536230979950.300962781384-0.004938743957930.0-0.3007125245080.9532946522530.02830695302370.00.0132274175184-0.02550902207370.9995870773570.00.07134940489010.1813818373330.01.0headneck1.01.00.00.00.00.01.00.00.00.00.01.00.00.05227925438660.326411853034-0.01027725191771.030.01.00.00.00.00.01.00.00.00.00.01.00.00.05227925438660.326411853034-0.01027725191771.060.01.00.00.00.00.01.00.00.00.00.01.00.00.05227925438660.326411853034-0.01027725191771.0	rightArm1	upperbody1.00.996217770682-0.07747440597490.03934297645380.00.07581919328750.9962386120320.04195328145980.0-0.0424452978154-0.03881165179240.9983446561080.0-0.002278510327240.03340022073940.2348751096641.030.00.6030785306050.269970505128-0.7506078951660.0-0.08121207708550.9568773632620.2789091432920.00.793536945869-0.1072456900660.5989970596780.0-0.002278510327240.03340022073940.2348751096641.060.00.3706392681710.64561252219-0.6676907997580.0-0.676452794133-0.304961503458-0.6703805626040.0-0.6364260759890.7001306682330.3236956861010.0-0.002278510327240.03340022073940.2348751096641.0	rightArm2	rightArm11.00.999375081856-0.03267232933390.01348942773030.00.03265568810540.9994656058820.001452134234970.0-0.0135296636674-0.001010720225260.9999079590870.0-0.019609472157-0.2536316280110.1927051774161.030.00.9931647241870.0930040586569-0.07052712743750.0-0.09291129050720.9956637561020.004601834449930.00.07064929389270.001982386783760.9974992468240.0-0.019609472157-0.2536316280110.1927051774161.060.00.92945917501-0.3396187704140.1440997320370.00.3410521829870.9399181423830.01540435321990.0-0.1406735599540.03482781074390.9894432642290.0-0.019609472157-0.2536316280110.1927051774161.0	rightArm3	rightArm21.01.00.00.00.00.01.00.00.00.00.01.00.00.279255170129-0.05729699179930.0295169399931.030.01.00.00.00.00.01.00.00.00.00.01.00.00.279255170129-0.05729699179930.0295169399931.060.01.00.00.00.00.00.4041193284190.9147062743850.00.0-0.9147062743850.4041193284190.00.279255170129-0.05729699179930.0295169399931.0leftArm1	upperbody1.00.9545485307160.2167048406280.2046365425750.0-0.1298147481670.920302217672-0.3690419478960.0-0.2683006404530.3257036078970.9066046140050.0-3.08148791102e-33-0.0122571463204-0.2035330523991.030.00.3104151010140.5339426965880.7864780110230.0-0.3031348216880.839754615387-0.4504680519370.0-0.900972666035-0.0985767857880.4225291378840.0-3.08148791102e-33-0.0122571463204-0.2035330523991.060.0-0.008886995760830.4673755612730.884014200130.0-0.832877918851-0.4926988708640.2521154397090.00.553385393371-0.7340353583950.3936453975720.0-3.08148791102e-33-0.0122571463204-0.2035330523991.0leftArm2leftArm11.00.667191336297-0.345489616936-0.6599186657160.00.5147107296020.8542366524420.07316150940050.00.538450170028-0.3884799431310.7477665064590.0-0.0638021239676-0.117537476576-0.2459671281151.030.00.998974048565-0.0250134858193-0.03775150090740.00.02522384785190.9996687870340.005106244148680.00.0376112721552-0.006053243505240.9992741117680.0-0.0638021239676-0.117537476576-0.2459671281151.060.00.668730845911-0.34522486314-0.6584974180640.00.5133794149050.8550434167540.0730912567840.00.537810963145-0.386937397180.7490252456260.0-0.0638021239676-0.117537476576-0.2459671281151.0leftArm3leftArm21.01.00.00.00.00.01.00.00.00.00.01.00.00.218296982593-0.121958496745-0.03155363401921.030.01.00.00.00.00.01.00.00.00.00.01.00.00.218296982593-0.121958496745-0.03155363401921.060.01.00.00.00.00.01.00.00.00.00.01.00.00.218296982593-0.121958496745-0.03155363401921.0