hiproot1.01.00.00.00.00.01.00.00.00.00.01.00.0-0.1108697933490.67472895897-0.005675854323141.015.01.018050057690.00.00.00.01.018050057690.00.00.00.01.018050057690.0-0.1108697933490.631177547044-0.005675854323141.022.01.001309522080.00.00.00.01.001309522080.00.00.00.01.001309522080.0-0.1108697933490.67472895897-0.005675854323141.030.00.9808549940110.00.00.00.00.9808549940110.00.00.00.00.9808549940110.0-0.1108697933490.706557606334-0.005675854323141.045.01.016523952340.00.00.00.01.016523952340.00.00.00.01.016523952340.0-0.1108697933490.65610570024-0.005675854323141.060.01.017821244370.00.00.00.01.017821244370.00.00.00.01.017821244370.0-0.1108697933490.700631638992-0.005675854323141.075.01.018050057690.00.00.00.01.018050057690.00.00.00.01.018050057690.0-0.1108697933490.631177547044-0.005675854323141.083.01.001309522080.00.00.00.01.001309522080.00.00.00.01.001309522080.0-0.1108697933490.67472895897-0.005675854323141.090.00.9808549940110.00.00.00.00.9808549940110.00.00.00.00.9808549940110.0-0.1108697933490.706557606334-0.005675854323141.0105.01.016523952340.00.00.00.01.016523952340.00.00.00.01.016523952340.0-0.1108697933490.65610570024-0.005675854323141.0120.01.00.00.00.00.01.00.00.00.00.01.00.0-0.1108697933490.67472895897-0.005675854323141.0	rightLeg1hip1.01.00.00.00.00.01.00.00.00.00.01.00.00.121607207002-0.1342198000020.2716112275821.015.00.646704985306-0.739342245966-0.00.00.7393422459660.6467049853060.00.00.0-0.00.9822699703690.0-0.0105087600125-0.1742736791280.2716112275821.022.00.909145492783-0.4133286396720.00.00.3748728494880.824559270196-0.4206642937930.00.1741002903210.3829458669090.9057746095740.00.0487050297924-0.1145970158060.3026383935771.030.01.01578775686-0.0871412372542-3.53716601652e-180.00.07201198598960.839429138494-0.5741004768720.00.04907004283710.5719995528330.8425123172270.00.112140589281-0.04356045300980.3128534517211.045.00.7847639640760.545488483943-0.233112358170.0-0.5884360969040.764772651821-0.1913616676490.00.07511336436540.2920935498610.9363721896670.00.142339190565-0.1039297508690.2393774768141.060.00.972674503474-0.052599786133-0.1281628970860.00.03612665497540.973775973794-0.1254725988440.00.1337435250430.119506362840.9659808766990.00.0752283661484-0.1043281773570.2644568797311.075.00.646704985306-0.739342245966-0.00.00.7393422459660.6467049853060.00.00.0-0.00.9822699703690.0-0.0105087600125-0.1742736791280.2716112275821.083.00.909145492783-0.4133286396720.00.00.3748728494880.824559270196-0.4206642937930.00.1741002903210.3829458669090.9057746095740.00.0487050297924-0.1145970158060.3026383935771.090.01.01578775686-0.0871412372542-3.53716601652e-180.00.07201198598960.839429138494-0.5741004768720.00.04907004283710.5719995528330.8425123172270.00.112140589281-0.04356045300980.3128534517211.0105.00.7847639640760.545488483943-0.233112358170.0-0.5884360969040.764772651821-0.1913616676490.00.07511336436540.2920935498610.9363721896670.00.142339190565-0.1039297508690.2393774768141.0120.01.00.00.00.00.01.00.00.00.00.01.00.00.121607207002-0.1342198000020.2716112275821.0	rightLeg2	rightLeg11.01.00.00.00.00.01.00.00.00.00.01.00.0-0.0191217791805-0.2834002211560.01027725191771.015.01.00.00.00.00.01.00.00.00.00.01.00.0-0.00519387202648-0.3034578395670.01027725191771.022.01.00.00.00.00.01.00.00.00.00.01.00.0-0.0191217791805-0.2834002211560.01027725191771.030.01.00.00.00.00.01.00.00.00.00.01.00.0-0.0218422665386-0.2571938413610.02813467053321.045.01.00.00.00.00.01.00.00.00.00.01.00.0-0.026393673544-0.2994782309750.004778807783031.060.01.00.00.00.00.01.00.00.00.00.01.00.0-0.0167862186632-0.3028611656220.007270626109471.075.01.00.00.00.00.01.00.00.00.00.01.00.0-0.00519387202648-0.3034578395670.01027725191771.083.01.00.00.00.00.01.00.00.00.00.01.00.0-0.0191217791805-0.2834002211560.01027725191771.090.01.00.00.00.00.01.00.00.00.00.01.00.0-0.0218422665386-0.2571938413610.02813467053321.0105.01.00.00.00.00.01.00.00.00.00.01.00.0-0.026393673544-0.2994782309750.004778807783031.0120.01.00.00.00.00.01.00.00.00.00.01.00.0-0.0191217791805-0.2834002211560.01027725191771.0	rightLeg3	rightLeg21.01.00.00.00.00.01.00.00.00.00.01.00.0-2.50814163414e-18-0.229525292828-0.003425750639221.015.01.00.00.00.00.01.00.00.00.00.01.00.00.013927907154-0.249582911239-0.003425750639221.022.01.00.00.00.00.01.00.00.00.00.01.00.0-2.50814163414e-18-0.229525292828-0.003425750639221.030.01.00.00.00.00.01.00.00.00.00.01.00.0-0.00272048735811-0.2033189130330.01443166797641.045.01.00.00.00.00.01.00.00.00.00.01.00.0-0.00727189436349-0.245603302647-0.008924194773851.060.01.00.00.00.00.01.00.00.00.00.01.00.00.00233556051732-0.248986237294-0.006432376447411.075.01.00.00.00.00.01.00.00.00.00.01.00.00.013927907154-0.249582911239-0.003425750639221.083.01.00.00.00.00.01.00.00.00.00.01.00.00.0-0.229525292828-0.003425750639221.090.01.00.00.00.00.01.00.00.00.00.01.00.0-0.00272048735811-0.2033189130330.01443166797641.0105.01.00.00.00.00.01.00.00.00.00.01.00.0-0.00727189436349-0.245603302647-0.008924194773851.0120.01.00.00.00.00.01.00.00.00.00.01.00.0-2.50814163414e-18-0.229525292828-0.003425750639221.0	LefttLeg1hip1.00.995819868317-0.07175683316560.05651324409780.00.06300052453270.9875923477370.1438481442340.0-0.0661341347037-0.1396864760280.9879847998030.00.141209814822-0.0805295558853-0.1905252252951.015.00.7041759515920.5887145194470.3498653147730.0-0.6814404210450.6522090312690.2740741264450.0-0.0680402561375-0.4391957295020.8759748451990.00.141209814822-0.104515748952-0.1905252252951.022.00.9808534077750.1325901846160.1331635341260.0-0.1291878195740.989721183561-0.03389066987850.0-0.136466813370.01605967541720.9891941099170.00.141209814822-0.0805295558853-0.1905252252951.030.00.955164650321-0.3363510635570.118096634350.00.3541510359640.933891060136-0.2045553561930.0-0.040692710970.2326667403520.9917805470120.00.141209814822-0.0480796549736-0.1905252252951.045.00.435756823309-0.8807176140280.04696820455870.00.879006897910.437967089630.05731700259050.0-0.0722246587060.01657859162380.980949685730.00.141209814822-0.098850087032-0.1905252252951.060.00.910649631924-0.2115051720380.302110849650.00.1414818521210.9436311883020.234160674290.0-0.340570534244-0.1735335646630.9050889285250.00.141209814822-0.103666280135-0.1905252252951.075.00.7041759515920.5887145194470.3498653147730.0-0.6814404210450.6522090312690.2740741264450.0-0.0680402561375-0.4391957295020.8759748451990.00.141209814822-0.104515748952-0.1905252252951.083.00.9808534077770.1325901843870.1331635343380.0-0.129187819360.989721183594-0.03389066972910.0-0.1364668135560.01605967527170.9891941098940.00.141209814822-0.0805295558853-0.1905252252951.090.00.955164633972-0.3363510923250.118096684650.00.354151074730.933891050234-0.2045553342840.0-0.04069275735450.2326667385090.9917805455410.00.141209814822-0.0480796549736-0.1905252252951.0105.00.435756823309-0.8807176140280.04696820455870.00.879006897910.437967089630.05731700259050.0-0.0722246587060.01657859162380.980949685730.00.141209814822-0.098850087032-0.1905252252951.0120.00.995819868317-0.07175683316560.05651324409780.00.06300052453270.9875923477370.1438481442340.0-0.0661341347037-0.1396864760280.9879847998030.00.141209814822-0.0805295558853-0.1905252252951.0	LefttLeg2	LefttLeg11.00.990823024279-0.130274134572-0.03603310172230.00.1210093234450.973721744747-0.1929318725490.00.06022024740540.1868010001780.9805503088240.00.0741314720388-0.156221308436-0.1532339278511.015.00.954505351768-0.28643091724-0.08292685388490.00.2247537002870.873812813822-0.4312040591280.00.1959727217080.3929484648780.8984354157630.00.0640332428794-0.177979033627-0.1489703002261.022.00.9990377217750.04122297194420.01497655018910.0-0.04200164024880.9975438731020.05605429023190.0-0.0126290414478-0.05662939008220.9983153907910.00.0741314720388-0.156221308436-0.1532339278511.030.00.9745065239330.2074559512470.08543455450870.0-0.2239127998890.9233028233480.3120496025370.0-0.0141454182588-0.323224263770.9462166678160.00.0651039763388-0.127979920081-0.1482911753651.045.00.997426748156-0.0697608124863-0.01653212341090.00.0680224756720.99369454586-0.08912963778280.00.02264563681330.08777572881550.9958828227080.00.0891375025654-0.167045964072-0.1534961940851.060.00.935135557279-0.342879113114-0.08919306756960.00.2662293983470.846174536898-0.4616389937610.00.2337592714050.4079492209760.8825723971080.00.0777606016048-0.176339807701-0.1514451220021.075.00.954505351768-0.28643091724-0.08292685388490.00.2247537002870.873812813822-0.4312040591280.00.1959727217080.3929484648780.8984354157630.00.0640332428794-0.177979033627-0.1489703002261.083.00.9990377217670.04122297219340.01497654998280.0-0.04200164048440.9975438730990.05605429011170.0-0.0126290412329-0.05662938995650.9983153908010.00.0741314720388-0.156221308436-0.1532339278511.090.00.974506519540.2074559907390.0854345087230.0-0.2239128224170.923302819490.3120495977870.0-0.0141453643171-0.3232242494440.9462166735160.00.0651039763388-0.127979920081-0.1482911753651.0105.00.997426748156-0.0697608124863-0.01653212341090.00.0680224756720.99369454586-0.08912963778280.00.02264563681330.08777572881550.9958828227080.00.0891375025654-0.167045964072-0.1534961940851.0120.00.990823024279-0.130274134572-0.03603310172230.00.1210093234450.973721744747-0.1929318725490.00.06022024740540.1868010001780.9805503088240.00.0741314720388-0.156221308436-0.1532339278511.0	LefttLeg3	LefttLeg21.00.9777588286980.168975946133-0.1242368807240.0-0.1702952940170.985393075293-1.73472347598e-180.00.1224221619610.02115695613060.9922525875340.0-0.0702793648886-0.3788381221653.83384713321e-171.015.00.985055569049-0.12463486725-0.1188767250180.00.1211541998690.991977082937-0.03609884736510.00.1224221619610.02115695613060.9922525875340.0-0.114488349377-0.3910723047290.006095911051311.022.00.990127394838-0.0717039616416-0.1204420353390.00.06860699291920.997202426733-0.02967154597290.00.1222326573150.02111544464930.9922768340960.0-0.0902386097147-0.3728657802760.003142431287091.030.00.990042977727-0.0611416243353-0.1267935488350.00.05929142186510.998072614231-0.01831895236750.00.1276692192580.0106187803570.9917599568230.0-0.0821690491862-0.3502603387220.0001689068161511.045.00.9777588286980.168975946133-0.1242368807240.0-0.1702952940170.985393075293-1.73472347598e-180.00.1224221619610.02115695613060.9922525875340.0-0.0539652145201-0.387536724347-0.001282231619871.060.00.9591567081060.215599299076-0.1831265997440.0-0.1938618683890.9724443497280.1294973461780.00.205999964274-0.08870698349010.9745230042430.0-0.0499062897336-0.3695238114-0.03668981137371.075.00.985055569049-0.12463486725-0.1188767250180.00.1211541998690.991977082937-0.03609884736510.00.1224221619610.02115695613060.9922525875340.0-0.114488349377-0.3910723047290.006095911051311.083.00.990127394838-0.0717039616416-0.1204420353390.00.06860699291920.997202426733-0.02967154597290.00.1222326573150.02111544464930.9922768340960.0-0.0902386097147-0.3728657802760.003142431287091.090.00.990042977727-0.0611416243353-0.1267935488350.00.05929142186510.998072614231-0.01831895236750.00.1276692192580.0106187803570.9917599568230.0-0.0821690491862-0.3502603387220.0001689068161511.0105.00.9777588286980.168975946133-0.1242368807240.0-0.1702952940170.985393075293-1.73472347598e-180.00.1224221619610.02115695613060.9922525875340.0-0.0539652145201-0.387536724347-0.001282231619871.0120.00.9777588286980.168975946133-0.1242368807240.0-0.1702952940170.985393075293-1.73472347598e-180.00.1224221619610.02115695613060.9922525875340.0-0.0702793648886-0.3788381221653.83384713321e-171.0	upperbodyhip1.00.9098341525090.4149720652380.00.0-0.4149720652380.9098341525090.00.00.00.01.00.0-0.006667090222030.586675000630.01027725191771.015.00.8937027660260.4076145982260.00.0-0.4076145982260.8937027660260.00.00.00.00.9822699703690.0-0.006667090222030.586675000630.01027725191771.022.00.9086442627860.4144293608410.00.0-0.4144293608410.9086442627860.00.00.00.00.9986921905280.0-0.006667090222030.586675000630.01027725191771.030.00.9275929246060.4230717769420.00.0-0.4230717769420.9275929246060.00.00.00.01.019518691450.0-0.006667090222030.586675000630.01027725191771.045.00.8950444801750.4082265491950.00.0-0.4082265491950.8950444801750.00.00.00.00.9837446502820.0-0.006667090222030.586675000630.01027725191771.060.00.893903676640.407706232830.00.0-0.407706232830.893903676640.00.00.00.00.9824907915080.0-0.006667090222030.586675000630.01027725191771.075.00.8937027660260.4076145982260.00.0-0.4076145982260.8937027660260.00.00.00.00.9822699703690.0-0.006667090222030.586675000630.01027725191771.083.00.9086442627860.4144293608410.00.0-0.4144293608410.9086442627860.00.00.00.00.9986921905280.0-0.006667090222030.586675000630.01027725191771.090.00.9275929246060.4230717769420.00.0-0.4230717769420.9275929246060.00.00.00.01.019518691450.0-0.006667090222030.586675000630.01027725191771.0105.00.8950444801750.4082265491950.00.0-0.4082265491950.8950444801750.00.00.00.00.9837446502820.0-0.006667090222030.586675000630.01027725191771.0120.00.9098341525090.4149720652380.00.0-0.4149720652380.9098341525090.00.00.00.01.00.0-0.006667090222030.586675000630.01027725191771.0neck	upperbody1.00.9574846572060.216279797922-0.1909088269980.0-0.116997579130.8960245656690.4283124375910.00.263694326243-0.3877667168910.8832339868790.00.07134940489010.1813818373330.01.015.00.9542952641810.20305759785-0.2192901290920.0-0.2047891410340.9786903410230.01505403939840.00.2176739683020.03054223866910.9755435485820.00.07134940489010.156962692098-1.11022302463e-161.022.00.9562139547460.170268423475-0.2380410399840.0-0.1567042833130.9847988089750.07493379365780.00.247181391575-0.03435068860770.9683601550310.00.07134940489010.1813818373330.01.030.00.957352748010.168895696294-0.2344140773330.0-0.1049137834740.9591788893430.2626194133640.00.269200323023-0.2268261493120.9359920320560.00.07134940489010.213210484698-5.55111512313e-171.045.00.9582821504440.203971981774-0.2002267484430.0-0.1089651653940.908328833370.4038134757530.00.264238363739-0.3651495051630.8926611484810.00.07134940489010.162758578603-1.11022302463e-161.060.00.9430294628240.237737804946-0.2327577460490.0-0.2058941889340.9665355337350.153024981590.00.261348455534-0.09638359884640.9604203177060.00.07134940489010.157831685783-1.11022302463e-161.075.00.9606403604440.177316883721-0.2138429812610.0-0.08480716689680.9202326288280.3820728376680.00.264533253731-0.3488991710920.89905034680.00.07134940489010.1569626920980.01.083.00.9573728195590.217203432603-0.1904204643280.0-0.1178768018060.8956117053470.4289344155490.00.263708824208-0.3882039954860.8830375495540.00.07134940489010.1813818373330.01.090.00.9950446476220.00336202021493-0.09937226001070.00.0123690682230.9874791009610.1572642086330.00.0986567554243-0.1577140513260.9825442089920.00.07134940489010.2132104846980.01.0105.00.9897981222910.114527919335-0.08475277460260.0-0.09384095518690.9716381077080.217055897820.00.107207985895-0.2068882387710.9724729839020.00.07134940489010.1627585786030.01.0120.00.9574846572060.216279797922-0.1909088269980.0-0.116997579130.8960245656690.4283124375910.00.263694326243-0.3877667168910.8832339868790.00.07134940489010.1813818373330.01.0headneck1.01.00.00.00.00.01.00.00.00.00.01.00.00.05227925438660.326411853034-0.01027725191771.015.01.00.00.00.00.01.00.00.00.00.01.00.00.06368415586520.320907293466-0.01040565693531.022.01.00.00.00.00.01.00.00.00.00.01.00.00.05227925438660.326411853034-0.01027725191771.030.01.00.00.00.00.01.00.00.00.00.01.00.00.05582451493030.315348711291-0.01028794204291.045.01.00.00.00.00.01.00.00.00.00.01.00.00.05801241312050.308701681754-0.01020081660451.060.01.00.00.00.00.01.00.00.00.00.01.00.00.06102084021250.304604025681-0.01021960063941.075.01.00.00.00.00.01.00.00.00.00.01.00.00.06168177291940.303881290792-0.01025841959931.083.01.00.00.00.00.01.00.00.00.00.01.00.00.05495689939790.311293888273-0.01018617734481.090.01.00.00.00.00.01.00.00.00.00.01.00.00.05734820414070.309765064234-0.01025496077321.0105.01.00.00.00.00.01.00.00.00.00.01.00.00.05801241312050.308701681754-0.01020081660451.0120.01.00.00.00.00.01.00.00.00.00.01.00.00.05227925438660.326411853034-0.01027725191771.0	rightArm1	upperbody1.00.5167398295140.091435070452-0.8512458966040.0-0.8112870345650.369905922186-0.4527504348740.00.2734836304810.9245589416710.2653252103290.0-0.002278510327240.03340022073940.2348751096641.015.00.5520354735590.0875638758157-0.8292101082260.0-0.8158268562510.262204140801-0.5154372213620.00.1722886431290.9610315063510.2161829485640.0-0.002278510327240.008981075503960.2348751096641.022.00.517226598450.0905785923006-0.8510418112370.0-0.8105080121250.371203257245-0.4530837716050.00.2748698021560.9241231846610.2654108728650.0-0.002278510327240.03340022073940.2348751096641.030.00.5706255055360.034928572849-0.8204672615220.0-0.7164417308140.509485768877-0.4765873452570.00.4013698777680.8597698797410.3157498616160.0-0.002278510327240.06522886810380.2348751096641.045.00.4660966090610.116527344598-0.8770264129330.0-0.8594168827440.295075036738-0.417532447060.00.2101346536770.9483417636350.2376790412910.0-0.002278510327240.01477696200910.2348751096641.060.00.5113648643020.0791158475482-0.8557141217860.0-0.8160992304750.35667419353-0.4547148179780.00.2692359960630.9308728174870.2469570328770.0-0.002278510327240.009850069189350.2348751096641.075.00.4953286272610.00195390134275-0.8687034783430.0-0.8354787256160.274995289643-0.4757655827370.00.237959765630.9614435880190.1378454823260.0-0.002278510327240.008981075503960.2348751096641.083.00.517226598450.0905785923006-0.8510418112370.0-0.8105080121250.371203257245-0.4530837716050.00.2748698021560.9241231846610.2654108728650.0-0.002278510327240.03340022073940.2348751096641.090.00.5706255055360.034928572849-0.8204672615220.0-0.7164417308140.509485768877-0.4765873452570.00.4013698777680.8597698797410.3157498616160.0-0.002278510327240.06522886810380.2348751096641.0105.00.4660966090610.116527344598-0.8770264129330.0-0.8594168827440.295075036738-0.417532447060.00.2101346536770.9483417636350.2376790412910.0-0.002278510327240.01477696200910.2348751096641.0120.00.5167398295140.091435070452-0.8512458966040.0-0.8112870345650.369905922186-0.4527504348740.00.2734836304810.9245589416710.2653252103290.0-0.002278510327240.03340022073940.2348751096641.0	rightArm2	rightArm11.00.8845531252720.3644177516-0.291145102810.0-0.3756512303620.9265770271420.01847067676950.00.2764994063280.09303072122210.9565005819180.0-0.019609472157-0.2536316280110.1927051774161.015.00.9577022686670.233691786392-0.1679122198160.0-0.2355227785360.9718251664190.009212312693390.00.1653341627760.0307244997950.9857589054790.0-0.0259772063777-0.2425208991710.1719708733181.022.00.8837023482720.365614246132-0.2922265947580.0-0.376996856230.9260290629090.01853496802660.00.2773869680630.09378911276020.9561694788460.0-0.019609472157-0.2536316280110.1927051774161.030.00.7967893278320.43752906242-0.416767425060.0-0.4677262745520.8832555593540.03304162471520.00.3825688162250.1686058611310.9084124418150.00.000809969515859-0.2535352418910.216984815221.045.00.9302286611690.295796054711-0.2172080384260.0-0.3003593177170.9537444633950.01248113792210.00.2108528354090.05363014600510.9760455364580.0-0.0334842550872-0.2519297944390.1805592067231.060.00.8924405789880.363850283052-0.2667635366750.0-0.3738472384270.927381383530.01421308559390.00.2525629729340.08704447716240.963657202380.0-0.031411067491-0.2466737269350.1732585465761.075.00.9586483326510.231153599194-0.1660162277740.0-0.2329054433240.9724567122920.009110279276360.00.1635494688930.02993252909040.986080937310.0-0.0259772063777-0.2425208991710.1719708733181.083.00.8837023482720.365614246132-0.2922265947580.0-0.376996856230.9260290629090.01853496802660.00.2773869680630.09378911276020.9561694788460.0-0.019609472157-0.2536316280110.1927051774161.090.00.7967893278320.43752906242-0.416767425060.0-0.4677262745520.8832555593540.03304162471520.00.3825688162250.1686058611310.9084124418150.00.000809969515859-0.2535352418910.216984815221.0105.00.9302286611690.295796054711-0.2172080384260.0-0.3003593177170.9537444633950.01248113792210.00.2108528354090.05363014600510.9760455364580.0-0.0334842550872-0.2519297944390.1805592067231.0120.00.8845531252720.3644177516-0.291145102810.0-0.3756512303620.9265770271420.01847067676950.00.2764994063280.09303072122210.9565005819180.0-0.019609472157-0.2536316280110.1927051774161.0	rightArm3	rightArm21.01.00.00.00.00.01.00.00.00.00.01.00.00.279255170129-0.05729699179930.0295169399931.015.01.00.00.00.00.01.00.00.00.00.01.00.00.261009142683-0.05459477320320.01373413848671.022.01.00.00.00.00.01.00.00.00.00.01.00.00.279255170129-0.05729699179930.0295169399931.030.01.00.00.00.00.01.00.00.00.00.01.00.00.297687418332-0.05884364457110.05536120657331.045.01.00.00.00.00.00.2437625630210.9698349410440.00.0-0.9698349410440.2437625630210.00.264509548518-0.06517239968980.02141236076961.060.01.00.00.00.00.00.7489741055650.6625992674260.00.0-0.6625992674260.7489741055650.00.261533968453-0.06037876663940.0148853559431.075.01.00.00.00.00.01.00.00.00.00.01.00.00.261009142683-0.05459477320320.01373413848671.083.01.00.00.00.00.01.00.00.00.00.01.00.00.279255170129-0.05729699179930.0295169399931.090.01.00.00.00.00.01.00.00.00.00.01.00.00.297687418332-0.05884364457110.05536120657331.0105.01.00.00.00.00.00.2437625630210.9698349410440.00.0-0.9698349410440.2437625630210.00.264509548518-0.06517239968980.02141236076961.0120.01.00.00.00.00.01.00.00.00.00.01.00.00.279255170129-0.05729699179930.0295169399931.0leftArm1	upperbody1.00.2593611449470.8351861805530.4849699375260.0-0.6962941032280.509683135178-0.5053687995160.0-0.669258035664-0.2066086772790.7137272141170.0-3.08148791102e-33-0.0122571463204-0.2035330523991.015.00.039508236920.8571398873450.513566269080.0-0.7665178386250.355712041474-0.5347142663330.0-0.641006632014-0.3725320886470.6710665694570.0-5.55111512313e-17-0.0366762915558-0.2035330523991.022.00.2615946643570.8348113184420.4844154148890.0-0.6955151432940.511028901307-0.5050823175260.0-0.669198712662-0.2047914173740.7143063476840.0-3.08148791102e-33-0.0122571463204-0.2035330523991.030.00.4434098756320.7912815786150.4210239251360.0-0.5961846451220.611120209977-0.5206687602290.0-0.669291828064-0.0201383291760.742726663440.0-2.22044604925e-160.019571501044-0.2035330523991.045.0-0.02550927676710.8000608872580.5993762203150.0-0.7326636310950.392946163395-0.5556953449010.0-0.680112696889-0.4533165443190.5761517423180.0-5.55111512313e-17-0.0308804050506-0.2035330523991.060.00.2650767401330.8344223562060.4831911146780.0-0.7105880182190.507779101031-0.4870575457990.0-0.651766054811-0.2142421901020.7275309572640.0-5.55111512313e-17-0.0358072978704-0.2035330523991.075.00.039508236920.8571398873450.513566269080.0-0.7665178386250.355712041474-0.5347142663330.0-0.641006632014-0.3725320886470.6710665694570.00.0-0.0366762915558-0.2035330523991.083.00.2615946643570.8348113184420.4844154148890.0-0.6955151432940.511028901307-0.5050823175260.0-0.669198712662-0.2047914173740.7143063476840.00.0-0.0122571463204-0.2035330523991.090.00.4434098756320.7912815786150.4210239251360.0-0.5961846451220.611120209977-0.5206687602290.0-0.669291828064-0.0201383291760.742726663440.00.00.019571501044-0.2035330523991.0105.0-0.02064877273380.7496385349340.661525279280.0-0.737805204890.435094583862-0.5160776905960.0-0.674697789994-0.4987331651650.5441030436810.00.0-0.0308804050506-0.2035330523991.0120.00.2593611449470.8351861805530.4849699375260.0-0.6962941032280.509683135178-0.5053687995160.0-0.669258035664-0.2066086772790.7137272141170.0-3.08148791102e-33-0.0122571463204-0.2035330523991.0leftArm2leftArm11.00.9637426180810.1351715739890.2300626255610.0-0.113155220430.987863852707-0.1063997396820.0-0.2416527719350.0765091765760.9673418649660.0-0.0638021239676-0.117537476576-0.2459671281151.015.00.9988542184420.02731016732740.03929891934520.0-0.02661896480190.999483483315-0.01800547951970.0-0.03977035345620.01693875262250.9990652619550.0-0.077993815737-0.1218502576-0.2266459174551.022.00.9631507443460.1362136272580.2319191484440.0-0.1138662857050.987693207998-0.1072221798590.0-0.2436700897640.07686335032410.9668075882670.0-0.0638021239676-0.117537476576-0.2459671281151.030.00.9013973996760.1834474153290.3922113890060.0-0.1201251545060.976208052539-0.1805208725160.0-0.4159960037210.115606591370.9019880492110.0-0.0443654426441-0.113074296208-0.2706355788841.045.00.995837227846-0.0552556209076-0.07249159947260.00.05574198899330.9984341353390.004701920120780.00.0721182799231-0.008723173038530.9973579397350.0-0.0680216393762-0.115829842813-0.2279837503211.060.00.9631971281130.1489579635580.2237472178320.0-0.1290058982030.986448957329-0.1013702757870.0-0.2358151195820.0687748477070.9693612586130.0-0.0755698758893-0.11934868204-0.2268465025121.075.00.9988542184420.02731016732740.03929891934520.0-0.02661896480190.999483483315-0.01800547951970.0-0.03977035345620.01693875262250.9990652619550.0-0.077993815737-0.1218502576-0.2266459174551.083.00.9631507443460.1362136272580.2319191484440.0-0.1138662857050.987693207998-0.1072221798590.0-0.2436700897640.07686335032410.9668075882670.0-0.0638021239676-0.117537476576-0.2459671281151.090.00.9013973996760.1834474153290.3922113890060.0-0.1201251545060.976208052539-0.1805208725160.0-0.4159960037210.115606591370.9019880492110.0-0.0443654426441-0.113074296208-0.2706355788841.0105.00.9994601634160.01785099195630.02758122242030.0-0.01750102305910.99976390263-0.01287840009620.0-0.02780460278280.01238874825520.9995366041230.0-0.0680216393762-0.115829842813-0.2279837503211.0120.00.9637426180810.1351715739890.2300626255610.0-0.113155220430.987863852707-0.1063997396820.0-0.2416527719350.0765091765760.9673418649660.0-0.0638021239676-0.117537476576-0.2459671281151.0leftArm3leftArm21.01.00.00.00.00.01.00.00.00.00.01.00.00.218296982593-0.121958496745-0.03155363401921.015.01.00.00.00.00.01.00.00.00.00.01.00.00.19842791916-0.131217334517-0.02082666961821.022.01.00.00.00.00.01.00.00.00.00.01.00.00.218296982593-0.121958496745-0.03155363401921.030.01.00.00.00.00.01.00.00.00.00.01.00.00.236427354334-0.117010425544-0.05713812466311.045.01.00.00.00.00.01.00.00.00.00.01.00.00.203536715303-0.121191549982-0.02062106909911.060.01.00.00.00.00.01.00.00.00.00.01.00.00.199193895515-0.127014744923-0.02064224530761.075.01.00.00.00.00.01.00.00.00.00.01.00.00.19842791916-0.131217334517-0.02082666961821.083.01.00.00.00.00.01.00.00.00.00.01.00.00.218296982593-0.121958496745-0.03155363401921.090.01.00.00.00.00.01.00.00.00.00.01.00.00.236427354334-0.117010425544-0.05713812466311.0105.01.00.00.00.00.01.00.00.00.00.01.00.00.203536715303-0.121191549982-0.02062106909911.0120.01.00.00.00.00.01.00.00.00.00.01.00.00.218296982593-0.121958496745-0.03155363401921.0