hiproot1.01.00.00.00.00.01.00.00.00.00.01.00.0-0.1108697933490.67472895897-0.005675854323141.020.01.00.00.00.00.01.00.00.00.00.01.00.0-0.1108697933490.53968839869-0.005675854323141.050.01.00.00.00.00.01.00.00.00.00.01.00.0-0.1108697933490.397602935847-0.005675854323141.0	rightLeg1hip1.01.00.00.00.00.01.00.00.00.00.01.00.00.121607207002-0.1342198000020.2716112275821.020.01.00.0-0.00.0-0.00.842401946974-0.5388496633880.00.00.5388496633880.8424019469740.00.104533195261-0.02047969541420.3022735522271.050.01.00.0-0.00.0-0.00.60817707263-0.7938013909830.00.00.7938013909830.608177072630.00.0865684529951-0.01976939387550.3163343412661.0	rightLeg2	rightLeg11.01.00.00.00.00.01.00.00.00.00.01.00.0-0.0191217791805-0.2834002211560.01027725191771.020.01.00.00.00.00.01.00.00.00.00.01.00.0-0.0191217791805-0.2834002211560.01027725191771.050.01.00.00.00.00.01.00.00.00.00.01.00.0-0.0191217791805-0.2834002211560.01027725191771.0	rightLeg3	rightLeg21.01.00.00.00.00.01.00.00.00.00.01.00.0-2.50814163414e-18-0.229525292828-0.003425750639221.020.01.00.00.00.00.01.00.00.00.00.01.00.00.0-0.229525292828-0.003425750639221.050.01.00.00.00.00.01.00.00.00.00.01.00.00.0-0.229525292828-0.003425750639221.0	LefttLeg1hip1.00.995819868317-0.07175683316560.05651324409780.00.06300052453270.9875923477370.1438481442340.0-0.0661341347037-0.1396864760280.9879847998030.00.141209814822-0.0805295558853-0.1905252252951.020.00.496170816285-0.6262132918970.6013912487870.00.6109851684380.743963381980.2705838321510.0-0.6168562596070.2331853325650.7517399521510.00.141209814822-0.0805295558853-0.1905252252951.050.00.483152240403-0.4191440582090.7686886047430.00.7682913533540.624002284245-0.1426518335620.0-0.4198717768030.6594993614280.6235128573820.00.141209814822-0.0805295558853-0.1905252252951.0	LefttLeg2	LefttLeg11.00.990823024279-0.130274134572-0.03603310172230.00.1210093234450.973721744747-0.1929318725490.00.06022024740540.1868010001780.9805503088240.00.0741314720388-0.156221308436-0.1532339278511.020.00.854060145325-0.499449375682-0.1453670846470.00.2677857483020.661735370342-0.7002835801620.00.4459507385070.5591570627010.6989072313670.00.0741314720388-0.156221308436-0.1532339278511.050.00.900944573038-0.41721907624-0.1192774862890.00.2708973964620.755510130896-0.5965056937740.00.3389889038070.5051066070990.7936963138130.00.0741314720388-0.156221308436-0.1532339278511.0	LefttLeg3	LefttLeg21.00.9777588286980.168975946133-0.1242368807240.0-0.1702952940170.985393075293-1.73472347598e-180.00.1224221619610.02115695613060.9922525875340.0-0.0702793648886-0.3788381221653.83384713321e-171.020.00.9427683266470.183071730350.2786980872150.0-0.2092331511190.9755711994470.06695015521410.0-0.259633146466-0.1214313647990.9580423022490.0-0.0545962227229-0.393971311657-0.02156345471481.050.00.7407106950680.1606244756720.65233997580.0-0.3007249610010.9475592865660.1081475671150.0-0.600759655805-0.2762809733890.7501710869530.0-0.0380949100149-0.409893981326-0.04425184875951.0	upperbodyhip1.00.9098341525090.4149720652380.00.0-0.4149720652380.9098341525090.00.00.00.01.00.0-0.006667090222030.586675000630.01027725191771.020.00.9999938316530.003512357591850.00.0-0.003512357591850.9999938316530.00.00.00.01.00.00.1288037351160.4487835040950.01027725191771.050.00.903457862598-0.4286769069-0.00.00.42867690690.9034578625980.00.00.0-0.01.00.00.2713419094250.3036983751040.01027725191771.0neck	upperbody1.00.9574846572060.216279797922-0.1909088269980.0-0.116997579130.8960245656690.4283124375910.00.263694326243-0.3877667168910.8832339868790.00.07134940489010.1813818373330.01.020.00.93658087593-0.321709549917-0.1389936269570.00.3450010800680.9160732265480.2044115905550.00.0615671795209-0.2394009379550.9689668071260.00.07134940489010.1813818373330.01.050.00.905356596973-0.4246358518350.003718286429080.00.4246485257160.90535028451-0.003806828758020.0-0.001749835704010.005025502379920.99998584110.00.07134940489010.1813818373330.01.0headneck1.01.00.00.00.00.01.00.00.00.00.01.00.00.05227925438660.326411853034-0.01027725191771.020.01.00.00.00.00.01.00.00.00.00.01.00.00.05227925438660.326411853034-0.01027725191771.050.01.00.00.00.00.01.00.00.00.00.01.00.00.05227925438660.326411853034-0.01027725191771.0	rightArm1	upperbody1.00.5167398295140.091435070452-0.8512458966040.0-0.8112870345650.369905922186-0.4527504348740.00.2734836304810.9245589416710.2653252103290.0-0.002278510327240.03340022073940.2348751096641.020.00.34491435854-0.338407936199-0.8755079405640.0-0.1752312629430.893133325959-0.4142545914640.00.9221323602180.2962987188290.2487548581630.0-0.002278510327240.03340022073940.2348751096641.050.00.7620321831940.220038937762-0.6090072394030.0-0.1780369341080.9754436695310.1296630157970.00.6225831686380.009618390745560.7824945269380.0-0.002278510327240.03340022073940.2348751096641.0	rightArm2	rightArm11.00.8845531252720.3644177516-0.291145102810.0-0.3756512303620.9265770271420.01847067676950.00.2764994063280.09303072122210.9565005819180.0-0.019609472157-0.2536316280110.1927051774161.020.00.992588387781-0.112311566770.04641556216780.00.112213365560.9936729051130.004724217715250.0-0.04665247079510.0005192427997080.9989110457670.0-0.019609472157-0.2536316280110.1927051774161.050.00.82895815564-0.5116521513910.2259213406790.00.5206282413690.8534840666840.02260933890270.0-0.2043883814850.09887883440870.9738831375580.0-0.019609472157-0.2536316280110.1927051774161.0	rightArm3	rightArm21.01.00.00.00.00.01.00.00.00.00.01.00.00.279255170129-0.05729699179930.0295169399931.020.01.00.00.00.00.01.00.00.00.00.01.00.00.279255170129-0.05729699179930.0295169399931.050.01.00.00.00.00.01.00.00.00.00.01.00.00.279255170129-0.05729699179930.0295169399931.0leftArm1	upperbody1.00.2593611449470.8351861805530.4849699375260.0-0.6962941032280.509683135178-0.5053687995160.0-0.669258035664-0.2066086772790.7137272141170.0-3.08148791102e-33-0.0122571463204-0.2035330523991.020.00.7335995589990.4749087928620.4861001188010.0-0.1654207529830.818567105853-0.5500762380780.0-0.6591416096090.3231246379930.6790602379790.00.0-0.0122571463204-0.2035330523991.050.00.7397620817830.42483364460.5217934809590.0-0.1176236447670.845183515968-0.5213727098030.0-0.6625079173470.3243165101430.6752051989590.00.0-0.0122571463204-0.2035330523991.0leftArm2leftArm11.00.9637426180810.1351715739890.2300626255610.0-0.113155220430.987863852707-0.1063997396820.0-0.2416527719350.0765091765760.9673418649660.0-0.0638021239676-0.117537476576-0.2459671281151.020.00.969849774622-0.133905492551-0.2036190897970.00.1424385639720.9894137938620.02777768905210.00.197743951004-0.05594339621460.9786560510520.0-0.0638021239676-0.117537476576-0.2459671281151.050.00.863353076994-0.26444671154-0.4297550479060.00.3175619196210.9466136106110.05547160907490.00.392142692973-0.184365422360.9012399787990.0-0.0638021239676-0.117537476576-0.2459671281151.0leftArm3leftArm21.01.00.00.00.00.01.00.00.00.00.01.00.00.218296982593-0.121958496745-0.03155363401921.020.01.00.00.00.00.01.00.00.00.00.01.00.00.218296982593-0.121958496745-0.03155363401921.050.01.00.00.00.00.01.00.00.00.00.01.00.00.218296982593-0.121958496745-0.03155363401921.0