hiproot1.01.00.00.00.00.01.00.00.00.00.01.00.0-0.1108697933490.67472895897-0.005675854323141.030.01.00.00.00.00.00.9986389902120.05215522244170.00.0-0.05215522244170.9986389902120.00.09043256637790.466211211821-0.008586249689851.055.01.00.00.00.00.00.9942724230710.106875388750.00.0-0.106875388750.9942724230710.00.3022366265340.246815346215-0.01164847685981.075.00.9658716961230.25788522910.02422963557080.0-0.2589809914950.9598445221330.1078301413110.00.00455111772009-0.1104250965250.9938740289320.00.3512516376830.162184979342-0.01164847685981.0	rightLeg1hip1.01.00.00.00.00.01.00.00.00.00.01.00.00.121607207002-0.1342198000020.2716112275821.030.00.745312806816-0.636253372086-0.1992246633980.00.4003335516950.666030875551-0.6293932953250.00.5331433835130.3893385664460.7511149135080.00.0847678168191-0.09669208751820.2921269632381.055.00.436712076581-0.8987373004760.03941861110180.00.4235146585090.166739678602-0.8904118224770.00.7936736710990.4055479556260.4534456521910.00.0945443808202-0.06826717210780.3142906327941.075.00.9967743355750.0472485948340.06487290826030.00.0466043934360.317303440111-0.9471782078390.0-0.06533723633880.947146291330.314077933590.00.1131002094120.01077376026930.340223444481.0	rightLeg2	rightLeg11.01.00.00.00.00.01.00.00.00.00.01.00.0-0.0191217791805-0.2834002211560.01027725191771.030.01.00.00.00.00.01.00.00.00.00.01.00.0-0.0191217791805-0.2834002211560.01027725191771.055.01.00.00.00.00.01.00.00.00.00.01.00.0-0.0191217791805-0.2834002211560.01027725191771.065.00.998377055212-0.03128890076140.04758424439880.00.04567820314930.938962507289-0.340973476480.0-0.03401113616030.3425936581350.9388678437470.0-0.0168726825251-0.2795105934050.056677065161.075.01.00.0-0.00.0-0.00.935311737577-0.3538247497710.00.00.3538247497710.9353117375770.0-0.00058755337145-0.2769421724010.06681286673411.0	rightLeg3	rightLeg21.01.00.00.00.00.01.00.00.00.00.01.00.0-2.50814163414e-18-0.229525292828-0.003425750639221.030.01.00.00.00.00.01.00.00.00.00.01.00.0-2.50814163414e-18-0.229525292828-0.003425750639221.055.01.00.00.00.00.01.00.00.00.00.01.00.00.0-0.229525292828-0.003425750639221.075.01.00.00.00.00.01.00.00.00.00.01.00.00.0-0.229525292828-0.003425750639221.0	LefttLeg1hip1.00.995819869543-0.07175680000590.05651326460540.00.06300048490380.9875923418490.1438482020140.0-0.0661341540004-0.139686534690.9879847902170.00.141209814822-0.0805295558853-0.1905252252951.030.00.995819869543-0.07175680000590.05651326460540.00.06300048490380.9875923418490.1438482020140.0-0.0661341540004-0.139686534690.9879847902170.00.141209814822-0.0805295558853-0.1905252252951.055.00.995819869543-0.07175680000590.05651326460540.00.06300048490380.9875923418490.1438482020140.0-0.0661341540004-0.139686534690.9879847902170.00.141209814822-0.0805295558853-0.1905252252951.075.00.942618544522-0.3327750680110.02703763364390.00.2337571526930.7156196703750.6582143123160.0-0.238385975023-0.6141247768020.7523449245060.00.125140801307-0.0637952256238-0.2565071159661.0	LefttLeg2	LefttLeg11.00.99082301585-0.130274194097-0.03603311829550.00.1210093734640.973721721186-0.192931960090.00.06022028558280.1868010814820.9805502909910.00.0741314720388-0.156221308436-0.1532339278511.030.00.790264670124-0.6100843184030.05726146691370.00.6105435863980.776002453557-0.1582931495110.00.05213712940770.1600541049530.9857303907380.00.0771395156615-0.166335170691-0.1175747224491.055.00.347269117599-0.9248889188170.1548697769460.00.9358299403030.331188532117-0.1205673215560.00.06022028558280.1868010814820.9805502909910.00.0803044852787-0.176976660898-0.08005521946751.075.00.420433240436-0.5497944068670.721776974220.00.9070064965650.275699126865-0.3183224884220.0-0.02398135786910.7884897599990.6145801760970.00.0844411403643-0.212269372006-0.07097030593121.0	LefttLeg3	LefttLeg21.00.9777588286980.168975946133-0.1242368807240.0-0.1702952940170.985393075293-1.73472347598e-180.00.1224221619610.02115695613060.9922525875340.0-0.0702793648886-0.3788381221653.83384713321e-171.030.00.08364456462910.0927900515835-0.9921661116640.00.2383972868320.9648796041990.1103362271950.00.967558949335-0.2457587347940.05858603787020.0-0.0997880961708-0.368011484948-0.04977046158091.055.00.05957584517880.0102958771737-0.9981706835930.00.2352318098170.9716414016120.02406205151630.00.970111701981-0.2362350134640.05546443989050.0-0.100992736634-0.3823670260520.001151459579231.065.00.01186328355680.1084415264-0.9940320406580.00.2340650979570.9661816610930.1081967082920.00.972148544422-0.233951775199-0.01392028948640.0-0.153192631447-0.365787729922-0.05320184034251.075.0-0.1456907408820.0597267569894-0.9875256566390.00.2352318098170.9716414016120.02406205151630.00.960957961449-0.22879182934-0.1556087888130.0-0.136308417323-0.380960989654-0.016977600881.0	upperbodyhip1.01.00.00.00.00.01.00.00.00.00.01.00.00.2125627312320.4703212737820.01027725191771.030.00.9562299521410.2926162651450.00.0-0.2926162651450.9562299521410.00.00.00.01.00.00.06773045792780.5290531747680.006783817224261.043.00.8872422872420.4613037217820.00.0-0.4613037217820.8872422872420.00.00.00.01.00.0-0.002489760673840.589321603806-0.0002774482021171.055.00.9169677931620.3989612340870.00.0-0.3989612340870.9169677931620.00.00.00.01.00.00.003043106506370.581757295837-0.001701123325831.075.00.9692837129480.2459452862220.00.0-0.2459452862220.9692837129480.00.00.00.01.00.00.09623926154420.5469385304630.002847115614781.0neck	upperbody1.00.999718644495-0.02361177504350.002261841667620.00.02358738028390.9996690789630.01026489435090.0-0.00250346555289-0.01020865534680.9999447564820.00.07134940489010.1813818373330.01.030.00.999718644495-0.02361177504350.002261841667620.00.02358738028390.9996690789630.01026489435090.0-0.00250346555289-0.01020865534680.9999447564820.00.07134940489010.1813818373330.01.055.00.999718644495-0.02361177504350.002261841667620.00.02358738028390.9996690789630.01026489435090.0-0.00250346555289-0.01020865534680.9999447564820.00.07134940489010.1813818373330.01.075.00.9589780819670.283430779010.005294508219020.0-0.2834691711060.9589383592630.009080317532030.0-0.00250346555289-0.01020865534680.9999447564820.00.06890245831030.246982536554-0.006382264773631.0headneck1.01.00.00.00.00.01.00.00.00.00.01.00.00.05227925438660.326411853034-0.01027725191771.030.01.00.00.00.00.01.00.00.00.00.01.00.00.05227925438660.326411853034-0.01027725191771.055.01.00.00.00.00.01.00.00.00.00.01.00.00.05227925438660.326411853034-0.01027725191771.075.01.00.00.00.00.01.00.00.00.00.01.00.00.05227925438660.326411853034-0.01027725191771.0	rightArm1	upperbody1.00.996387335229-0.04086250634130.07444819521640.00.02473886881460.9782709550440.205849281970.0-0.0812420246255-0.2032638533860.9757476822120.0-0.002278510327240.03340022073940.2348751096641.030.00.893501049171-0.1896690443730.4070399596310.00.1993140263850.9797511047520.01901819192280.0-0.4024050124140.06413599881720.9132123409370.0-0.002278510327240.03340022073940.2348751096641.055.00.798132159115-0.3911967649560.4582031729210.00.3940948071440.9142416901070.09408195923290.0-0.4557130013160.1054856538090.8838543077180.0-0.002278510327240.03340022073940.2348751096641.075.00.500588269264-0.8627906952630.07073613533250.00.8051904354770.4940587521220.3279852314770.0-0.317930412655-0.1072294997570.9420308312850.0-0.002278510327240.03340022073940.2348751096641.0	rightArm2	rightArm11.00.999973944533-0.006673886835290.00275127067010.00.006673131982520.9999776942330.0002834538195250.0-0.00275310103961-0.0002650868417020.9999961750750.0-0.019609472157-0.2536316280110.1927051774161.030.00.843035049172-0.4924796711070.2162306162720.00.5000936131010.8656938325010.02192182716980.0-0.1979855651390.08965468150830.9760961807530.0-0.019609472157-0.2536316280110.1927051774161.055.00.641361834334-0.6913255190350.3327521963740.00.7247464813310.6882272891740.03295051190740.0-0.2517886718240.2200277827180.9424384539980.0-0.019609472157-0.2536316280110.1927051774161.075.00.746186383565-0.6052555712670.2772572351320.00.6234569421530.7813630993560.02780554343620.0-0.2334680326380.1521098301050.9603932930430.0-0.019609472157-0.2536316280110.1927051774161.0	rightArm3	rightArm21.01.00.00.00.00.01.00.00.00.00.01.00.00.279255170129-0.05729699179930.0295169399931.030.01.00.00.00.00.01.00.00.00.00.01.00.00.279255170129-0.05729699179930.0295169399931.055.01.00.00.00.00.01.00.00.00.00.01.00.00.279255170129-0.05729699179930.0295169399931.075.01.00.00.00.00.01.00.00.00.00.01.00.00.279255170129-0.05729699179930.0295169399931.0leftArm1	upperbody1.00.9622857347530.267114514486-0.05153640307770.0-0.2717811913760.93568537885-0.2250063461770.0-0.0118806020770.2305270221830.9729933932650.0-3.08148791102e-33-0.0122571463204-0.2035330523991.030.00.9490691964990.2847345508790.1348847500370.0-0.2190789671870.904068129915-0.3669676043040.0-0.2264333597190.3187272376310.9204025649670.0-3.08148791102e-33-0.0122571463204-0.2035330523991.055.00.6878629809190.515038128012-0.5114491628450.00.02933644978880.6843271737540.7285847184620.00.725247469623-0.5161705589790.455613939480.00.0-0.0122571463204-0.2035330523991.075.00.603899932220.7648220108370.2243928777920.0-0.5151495067280.589345954163-0.6223281546170.0-0.6082153052850.2602280500840.7499036633910.00.0-0.0122571463204-0.2035330523991.0leftArm2leftArm11.00.918243363594-0.212880504821-0.3339326517170.00.2409153464510.9695302519580.04439466615220.00.314307049014-0.1212146080530.9415509002360.0-0.0638021239676-0.117537476576-0.2459671281151.030.00.9991609413660.02107125936940.03512001247470.0-0.02049933749840.9996526102-0.01656611246840.0-0.03545688099310.015832275540.9992457899040.0-0.0638021239676-0.117537476576-0.2459671281151.055.00.9627804400920.1368606314230.233072932240.0-0.1143065775980.987586775006-0.1077328554850.0-0.2449241321190.07708131680140.9664733002550.0-0.0638021239676-0.117537476576-0.2459671281151.075.00.741554723937-0.329172974371-0.5845868150670.00.4503144629090.8901207546920.07001375980610.00.497306219448-0.3151669319750.8083046016740.0-0.0638021239676-0.117537476576-0.2459671281151.0leftArm3leftArm21.01.00.00.00.00.01.00.00.00.00.01.00.00.218296982593-0.121958496745-0.03155363401921.030.01.00.00.00.00.01.00.00.00.00.01.00.00.218296982593-0.121958496745-0.03155363401921.055.01.00.00.00.00.01.00.00.00.00.01.00.00.218296982593-0.121958496745-0.03155363401921.075.01.00.00.00.00.01.00.00.00.00.01.00.00.218296982593-0.121958496745-0.03155363401921.0