hiproot1.01.00.00.00.00.01.00.00.00.00.01.00.0-0.1108697933490.67472895897-0.005675854323141.0180.01.00.00.00.00.01.00.00.00.00.01.00.0-0.1108697933490.67472895897-0.005675854323141.0	rightLeg1hip1.01.00.00.00.00.01.00.00.00.00.01.00.00.121607207002-0.1342198000020.2716112275821.0180.01.00.00.00.00.01.00.00.00.00.01.00.00.121607207002-0.1342198000020.2716112275821.0	rightLeg2	rightLeg11.01.00.00.00.00.01.00.00.00.00.01.00.0-0.0191217791805-0.2834002211560.01027725191771.0180.01.00.00.00.00.01.00.00.00.00.01.00.0-0.0191217791805-0.2834002211560.01027725191771.0	rightLeg3	rightLeg21.01.00.00.00.00.01.00.00.00.00.01.00.0-2.50814163414e-18-0.229525292828-0.003425750639221.0180.01.00.00.00.00.01.00.00.00.00.01.00.0-2.50814163414e-18-0.229525292828-0.003425750639221.0	LefttLeg1hip1.00.995819869543-0.07175680000590.05651326460540.00.06300048490380.9875923418490.1438482020140.0-0.0661341540004-0.139686534690.9879847902170.00.141209814822-0.0805295558853-0.1905252252951.0180.00.995819869543-0.07175680000590.05651326460540.00.06300048490380.9875923418490.1438482020140.0-0.0661341540004-0.139686534690.9879847902170.00.141209814822-0.0805295558853-0.1905252252951.0	LefttLeg2	LefttLeg11.00.99082301585-0.130274194097-0.03603311829550.00.1210093734640.973721721186-0.192931960090.00.06022028558280.1868010814820.9805502909910.00.0741314720388-0.156221308436-0.1532339278511.0180.00.99082301585-0.130274194097-0.03603311829550.00.1210093734640.973721721186-0.192931960090.00.06022028558280.1868010814820.9805502909910.00.0741314720388-0.156221308436-0.1532339278511.0	LefttLeg3	LefttLeg21.00.9777588286980.168975946133-0.1242368807240.0-0.1702952940170.985393075293-1.73472347598e-180.00.1224221619610.02115695613060.9922525875340.0-0.0702793648886-0.3788381221653.83384713321e-171.0180.00.9777588286980.168975946133-0.1242368807240.0-0.1702952940170.985393075293-1.73472347598e-180.00.1224221619610.02115695613060.9922525875340.0-0.0702793648886-0.3788381221653.83384713321e-171.0	upperbodyhip1.01.00.00.00.00.01.00.00.00.00.01.00.00.2125627312320.4703212737820.01027725191771.030.01.032255587290.00.00.00.01.032255587290.00.00.00.01.032255587290.00.2125627312320.4703212737820.01027725191771.060.01.000712430850.00.00.00.01.000712430850.00.00.00.01.000712430850.00.2125627312320.4703212737820.01027725191771.090.01.045781258910.00.00.00.01.045781258910.00.00.00.01.045781258910.00.2125627312320.4703212737820.01027725191771.0120.00.9780430385660.00.00.00.00.9780430385660.00.00.00.00.9780430385660.00.2125627312320.4703212737820.01027725191771.0150.01.034998778350.00.00.00.01.034998778350.00.00.00.01.034998778350.00.2125627312320.4703212737820.01027725191771.0180.01.00.00.00.00.01.00.00.00.00.01.00.00.2125627312320.4703212737820.01027725191771.0neck	upperbody1.00.999718644495-0.02361177504350.002261841667620.00.02358738028390.9996690789630.01026489435090.0-0.00250346555289-0.01020865534680.9999447564820.00.07134940489010.1813818373330.01.0180.00.999718644495-0.02361177504350.002261841667620.00.02358738028390.9996690789630.01026489435090.0-0.00250346555289-0.01020865534680.9999447564820.00.07134940489010.1813818373330.01.0headneck1.01.00.00.00.00.01.00.00.00.00.01.00.00.05227925438660.326411853034-0.01027725191771.0180.01.00.00.00.00.01.00.00.00.00.01.00.00.05227925438660.326411853034-0.01027725191771.0	rightArm1	upperbody1.00.811528805396-0.18571696774-0.5540128210670.00.1755033834040.981838578128-0.07205254273050.00.557332540255-0.03875841061870.8293842445930.0-0.002278510327240.03340022073940.2348751096641.020.00.830656268406-0.299285269865-0.4186186700170.00.2022232132650.92078371534-0.2570335026210.00.4732008407240.1318665108920.8446865025150.0-0.002278510327240.03340022073940.2348751096641.040.00.956830215352-0.182941314909-0.06736440692510.00.1048068980710.767227286498-0.5949011296010.00.1643806622990.5756946370980.7714170284030.0-0.002278510327240.03340022073940.2348751096641.050.00.990936600659-0.0115385067514-0.01911210230540.0-0.00697366442440.646096308489-0.7516413268840.00.02120796070060.751585111040.6458512207810.0-0.002278510327240.03340022073940.2348751096641.060.00.9718279788150.20660720581-0.1069602805990.0-0.198563386870.4971643595-0.8437872009950.0-0.1212419915420.8418537412620.5245563052110.0-0.002278510327240.03340022073940.2348751096641.070.00.863239969130.404464836769-0.2586206199590.0-0.4075061197580.336026995699-0.83467616120.0-0.253801480710.8361541290530.4605331197760.0-0.002278510327240.03340022073940.2348751096641.080.00.6399095447280.694556709042-0.2079638018270.0-0.5265575336950.254538583471-0.7701230184930.0-0.4983925447420.6228509274530.5466294758760.0-0.002278510327240.03340022073940.2348751096641.0180.00.811528805396-0.18571696774-0.5540128210670.00.1755033834040.981838578128-0.07205254273050.00.557332540255-0.03875841061870.8293842445930.0-0.002278510327240.03340022073940.2348751096641.0	rightArm2	rightArm11.00.968455182376-0.2299802927140.09593552362190.00.2301214598820.9731131600910.009741219597070.0-0.0955964090910.0126428881490.9953398836320.0-0.019609472157-0.2536316280110.1927051774161.020.00.999967405918-0.007464807617120.00307632080810.00.007463878673430.9999720957780.0003133360881570.0-0.00307857395938-0.0002903645899820.9999952190240.0-0.019609472157-0.2536316280110.1927051774161.040.00.9920267389220.100400363106-0.07617556269570.0-0.1003139936110.9949434213390.004969005924660.00.076289264970.002712088166440.9970820390660.0-0.019609472157-0.2536316280110.1927051774161.050.00.998956526462-0.04222365551470.01740750279540.00.0421991498420.9991076462260.001772852250250.0-0.0174668254472-0.001036420507010.9998469062020.0-0.019609472157-0.2536316280110.1927051774161.060.00.943988344036-0.3041073032090.128081046450.00.3050118430080.9522601877730.01297345009610.0-0.1259118022650.02681945035960.9916788467710.0-0.019609472157-0.2536316280110.1927051774161.070.00.828496387166-0.5122611794430.2262348790270.00.5212817943570.8530842516980.02263957547680.0-0.2045947881190.09917531719580.9738096472790.0-0.019609472157-0.2536316280110.1927051774161.080.00.9924674483180.0976041719841-0.07403910886040.0-0.09751476806410.9952223568250.004830164079540.00.07415682058280.002426125909220.997243641180.0-0.019609472157-0.2536316280110.1927051774161.0180.00.968455182376-0.2299802927140.09593552362190.00.2301214598820.9731131600910.009741219597070.0-0.0955964090910.0126428881490.9953398836320.0-0.019609472157-0.2536316280110.1927051774161.0	rightArm3	rightArm21.01.00.00.00.00.01.00.00.00.00.01.00.00.279255170129-0.05729699179930.0295169399931.020.01.00.00.00.00.01.00.00.00.00.01.00.00.279255170129-0.05729699179930.0295169399931.040.01.00.00.00.00.01.00.00.00.00.01.00.00.279255170129-0.05729699179930.0295169399931.050.01.00.0-0.00.0-0.00.826285195614-0.5632519644970.00.00.5632519644970.8262851956140.00.279255170129-0.05729699179930.0295169399931.060.01.00.0-0.00.0-0.00.85168964591-0.5240465122950.00.00.5240465122950.851689645910.00.279255170129-0.05729699179930.0295169399931.070.01.00.0-0.00.0-0.00.826285195614-0.5632519644970.00.00.5632519644970.8262851956140.00.279255170129-0.05729699179930.0295169399931.080.01.00.00.00.00.00.828134955990.5605287634610.00.0-0.5605287634610.828134955990.00.279255170129-0.05729699179930.0295169399931.0180.01.00.00.00.00.01.00.00.00.00.01.00.00.279255170129-0.05729699179930.0295169399931.0leftArm1	upperbody1.00.9656568989190.189276656948-0.1779918557280.0-0.2394405996310.914253422712-0.3268162760750.00.1008709711430.3582108683360.9281756412380.0-3.08148791102e-33-0.0122571463204-0.2035330523991.020.00.1282492178690.7629228019550.5969120841970.0-0.874034600790.350732564921-0.2604866300090.0-0.417634714344-0.4997384976650.7284543768930.0-3.08148791102e-33-0.0122571463204-0.2035330523991.040.0-0.447240666650.214912249440.8410220331040.0-0.735193245774-0.59678865194-0.2384612029570.00.461515142216-0.7424187356120.4351410616670.0-3.08148791102e-33-0.0122571463204-0.2035330523991.050.0-0.4211358503520.5647696047270.6972328486550.0-0.807309852959-0.574642279455-0.02215418912890.00.391598203497-0.5773000089710.7041514771550.00.0-0.0122571463204-0.2035330523991.060.0-0.5199079697640.1602709077370.8382037930210.0-0.758725604719-0.536108884985-0.3681024038360.00.390650507801-0.8279354800350.4006141300320.00.0-0.0122571463204-0.2035330523991.070.0-0.4033402226220.660525448990.6137446289840.0-0.843579821056-0.513839333142-0.001377961699170.00.318354242751-0.5247236839590.7739349489260.00.0-0.0122571463204-0.2035330523991.080.0-0.1292012984590.9084608666340.3052016852030.0-0.952723479573-0.1550987533630.05834842376130.00.103765053494-0.2928914831110.9157453702710.0-3.20474996653e-34-0.0122571463204-0.2035330523991.0180.00.9656568989190.189276656948-0.1779918557280.0-0.2394405996310.914253422712-0.3268162760750.00.1008709711430.3582108683360.9281756412380.0-3.08148791102e-33-0.0122571463204-0.2035330523991.0leftArm2leftArm11.00.998436073746-0.0310699656762-0.04647648733250.00.03140181036290.999486178730.006426883731040.00.0462529236678-0.007876278400390.9988987092250.0-0.0638021239676-0.117537476576-0.2459671281151.020.00.997628799682-0.0382377329465-0.05722459107830.00.03875235979080.9992175356950.007910181428880.00.0568773474734-0.01010901274650.9983299931410.0-0.0638021239676-0.117537476576-0.2459671281151.040.00.874343942345-0.255680554711-0.4124925749960.00.3034671507660.9513348753410.05356905231550.00.378722007401-0.1720157228350.9093845348410.0-0.0638021239676-0.117537476576-0.2459671281151.050.00.990377672939-0.076669273585-0.1152123579810.00.07900879328090.9967475582470.0158718528540.00.113620753069-0.02482191806990.9932140740320.0-0.0638021239676-0.117537476576-0.2459671281151.060.00.782720459459-0.312765653234-0.5380765080370.00.4091589435410.9100583326790.06620264376320.00.468975096636-0.2719769793170.8402921405420.0-0.0638021239676-0.117537476576-0.2459671281151.070.00.999880129125-0.00860975479936-0.01286854702310.00.008633370072360.9999611462760.001780690887290.00.0128527157202-0.001891576363060.9999156112580.0-0.0638021239676-0.117537476576-0.2459671281151.080.00.994834850512-0.0563339860308-0.08443993264470.00.05751829090250.9982763954940.01165694692420.00.0836377093111-0.01645357766040.9963603832770.0-0.0638021239676-0.117537476576-0.2459671281151.0180.00.998436073746-0.0310699656762-0.04647648733250.00.03140181036290.999486178730.006426883731040.00.0462529236678-0.007876278400390.9988987092250.0-0.0638021239676-0.117537476576-0.2459671281151.0leftArm3leftArm21.01.00.00.00.00.01.00.00.00.00.01.00.00.218296982593-0.121958496745-0.03155363401921.020.01.00.00.00.00.01.00.00.00.00.01.00.00.218296982593-0.121958496745-0.03155363401921.040.01.00.00.00.00.01.00.00.00.00.01.00.00.218296982593-0.121958496745-0.03155363401921.050.01.00.00.00.00.01.00.00.00.00.01.00.00.218296982593-0.121958496745-0.03155363401921.060.01.00.00.00.00.01.00.00.00.00.01.00.00.218296982593-0.121958496745-0.03155363401921.070.01.00.00.00.00.01.00.00.00.00.01.00.00.218296982593-0.121958496745-0.03155363401921.080.01.00.00.00.00.01.00.00.00.00.01.00.00.218296982593-0.121958496745-0.03155363401921.0180.01.00.00.00.00.01.00.00.00.00.01.00.00.218296982593-0.121958496745-0.03155363401921.0