joint1root1.00.05400083066640.00.9985408906440.0-0.01.00.00.0-0.998540890644-0.00.05400083066640.00.01.21431494098-0.1716288476671.012.00.05400083066640.00.9985408906440.0-0.3393565680810.940478767570.01835231460240.0-0.9391065062-0.339852449970.05078663467290.0-0.3674000323181.28967061086-0.1716288476671.022.00.2589512941290.6875055470090.6784396436680.0-0.9634396561780.2338539344110.1307530736340.0-0.06876231652-0.6874943346620.7229268867840.0-1.258967019750.691914071162-0.1716288476671.030.00.006334586096920.8769442487550.4805503694660.0-0.991986722324-0.05512906115260.1136799425990.00.126183262566-0.4774197013020.8695678311990.0-1.653899428990.321872728101-0.1716288476671.046.00.1510041791310.9090559523370.3883490870410.0-0.774146842197-0.1355531007810.6183219416980.00.614731164494-0.3940084166480.683273710170.0-2.043301556040.321872728101-0.122827826591.056.00.1510041791310.9090559523370.3883490870410.0-0.774146842197-0.1355531007810.6183219416980.00.614731164494-0.3940084166480.683273710170.0-2.100448888650.321872728101-0.122827826591.0joint2joint11.01.00.00.00.00.01.00.00.00.00.01.00.00.0-0.0909753093958-0.4153220646331.010.01.00.0-0.00.0-0.00.922822809702-0.385224690140.00.00.385224690140.9228228097020.00.0-0.0909753093958-0.4153220646331.018.00.8744775340650.1028647260640.4740336386240.00.2780849795140.694400904155-0.6636837563760.0-0.3974390350530.712198169360.5786328550780.00.0-0.0909753093958-0.4153220646331.024.00.9946600555220.0641542977805-0.08084305799320.0-0.1022390712720.719454741467-0.6869731052130.00.01409064422880.6915700261420.7221719689160.00.0-0.0909753093958-0.4153220646331.028.00.9154630233840.0833999007004-0.393664716960.0-0.1341356003770.985581954956-0.1031302612090.00.3793877877950.1472163938850.9134507320290.00.0-0.0909753093958-0.4153220646331.035.00.8532477147770.0945746849662-0.5128586220310.0-0.1155979210550.993253866555-0.009158450790520.00.5085326517310.06709981770990.8584242287980.00.0-0.0909753093958-0.4153220646331.047.00.7013756168110.0232660835525-0.7124120531680.0-0.07111217063270.996764745275-0.03745800000980.00.7092357177490.07693329534710.7007609897370.00.0-0.0909753093958-0.4153220646331.0joint3joint21.01.00.00.00.00.01.00.00.00.00.01.00.00.0-0.0474653788152-0.249193238781.0joint4joint31.01.00.00.00.00.01.00.00.00.00.01.00.00.0-0.1067971023340.00395544823461.013.01.00.0-0.00.0-0.00.924599230092-0.3809412864380.00.00.3809412864380.9245992300920.00.0-0.1067971023340.00395544823461.031.01.00.0-0.00.0-0.00.771668192442-0.636025314570.00.00.636025314570.7716681924420.00.0-0.1067971023340.00395544823461.046.01.00.0-0.00.0-0.00.86483551383-0.5020553097210.00.00.5020553097210.864835513830.00.0-0.1067971023340.00395544823461.057.01.00.0-0.00.0-0.00.949157475671-0.3148016619670.00.00.3148016619670.9491574756710.00.0-0.1067971023340.00395544823461.0joint5joint11.01.00.00.00.00.01.00.00.00.00.01.00.00.00.00.4034557199291.017.00.973550741605-0.055989820613-0.2215041613810.00.04657344484670.997784297437-0.04751220920060.00.2236735741130.03593933465920.9740012815540.00.00.00.4034557199291.028.00.964864625949-0.0572477107811-0.2564350857480.00.1246147889810.9589305447210.2548006372980.00.231316683272-0.2778037256960.9323720727420.00.00.00.4034557199291.039.00.993853425688-0.0510670621791-0.09822180719580.00.08717523797890.9078848686590.4100555366580.00.068233760938-0.4160976092470.9067562701450.00.00.00.4034557199291.049.00.989916129373-0.0214023829211-0.1400285499880.00.09823064900160.8159482020530.5697185894480.00.10206270819-0.5777287162420.809822655910.00.00.00.4034557199291.0joint6joint51.01.00.00.00.00.01.00.00.00.00.01.00.00.0-0.0988862058650.3836784787561.015.00.9389152809330.0-0.3441483622380.00.1355684434350.9191428357960.3698616559610.00.316321501601-0.3939244183920.8629972538880.00.0-0.0988862058650.3836784787561.030.00.954462952949-0.0303658726667-0.2967800283450.00.0302690571260.999529666026-0.004922490659950.00.296789918339-0.004284916660670.954933182930.00.0-0.0988862058650.3836784787561.051.00.9116653433790.0595404901134-0.4065971368790.00.0471410908560.9677623095520.2474142877120.00.408220552194-0.2447264641350.8794685545930.00.0-0.0988862058650.3836784787561.0joint12joint11.00.980040530887-0.01096490890120.1984951601210.00.01222510992560.999912140028-0.005124345079040.0-0.1984215323650.007448691023880.980088471770.0	-0.299453-0.0810249409820.05870584766731.010.00.578410507329-0.03891821478160.8148169472770.00.2025896868120.974420831252-0.09727004892950.0-0.7901890304280.2213355285070.5714996763010.0	-0.299453-0.0810249409820.05870584766731.017.00.94122852438-0.1904039987710.2789895735440.00.09941057577090.9455471823090.3099323530250.0-0.322810164523-0.2639826571550.9089041502830.0	-0.299453-0.0810249409820.05870584766731.023.00.924107494671-0.1604281930550.3468257965690.00.110724507850.9810841246140.1587892433150.0-0.365739554402-0.1083362141860.924390525180.0	-0.299453-0.0810249409820.05870584766731.030.00.9713449290420.1059963754360.2127293990470.0-0.01506240652040.920700335496-0.3899795073170.0-0.2371964433420.3756004001760.8959141625480.0	-0.299453-0.0810249409820.05870584766731.046.00.9345595296350.3509162268550.05879019730110.0-0.2309988621140.7240740098-0.649889493710.0-0.2706252229020.5937799508760.757751515120.0	-0.299453-0.0810249409820.05870584766731.0joint13joint121.01.00.00.00.00.00.9425531881540.3340561142990.00.0-0.3340561142990.9425531881540.0-0.0728537417472	-0.449533-0.09340558395211.010.00.838147065351-0.500574229088-0.2166447276430.00.5440511940170.7388640212660.3976031392830.0-0.0389588902773-0.4511157271160.8916147181470.0-0.0728537417472	-0.449533-0.09340558395211.023.00.9679011582910.0897450405231-0.2347619549240.0-0.137936514550.970511068224-0.1976911338650.00.2100972768320.2237277232630.9517379051560.0-0.0728537417472	-0.449533-0.09340558395211.033.00.979097898040.0204768660796-0.2023561316350.0-0.02520397335930.999465688379-0.02081099422190.00.201821866460.02547617924950.9790908530410.0-0.0728537417472	-0.449533-0.09340558395211.042.00.98164874731-0.0215266465637-0.1894791291720.00.03185846982780.9981568884530.05165136913830.00.188018017233-0.05674001693120.9805252651890.0-0.0728537417472	-0.449533-0.09340558395211.0joint14joint131.00.966541845972-0.2534694741830.03937112701270.00.2471762907170.9613649862990.1211661851550.0-0.0685619522212-0.1073805791330.9918511329490.00.190541511999	-0.3189240.2442900513351.05.00.955180391667-0.2947227011030.0277299265970.00.2826555015670.9358658136060.2103830942760.0-0.0879561641272-0.193115790080.9772256672920.00.190541511999	-0.3189240.2442900513351.010.01.00.00.00.00.01.00.00.00.00.01.00.00.190541511999	-0.3189240.2442900513351.024.00.997648347398-0.06569727807060.01953567476120.00.06330077813090.9924616747270.1049420587070.0-0.0262828161026-0.1034586480280.994286438470.00.190541511999	-0.3189240.2442900513351.033.00.9981910301740.0575578400869-0.01737130750350.0-0.05990430963280.976726645949-0.2059527440490.00.005112823806250.2066207979330.9784077395920.00.190541511999	-0.3189240.2442900513351.046.00.9859061120160.150812837313-0.07241979281020.0-0.167113983580.908145592433-0.3838547895180.00.007877485722010.3905471431790.9205492241990.00.190541511999	-0.3189240.2442900513351.0joint15joint140.00.9688601195560.239166500318-0.06410502210840.0-0.2471533876570.91841279268-0.3089225553620.0-0.01500905405580.3151465173010.9489243388850.0-0.0579097510806	-0.194392-0.07424487443581.0joint16joint151.01.00.00.00.00.01.00.00.00.00.01.00.0-0.145708168996
-0.1245327-0.1868100861981.0joint7joint11.00.980022957258-0.01322707524460.1984440670020.00.01279121720860.9999121396110.00347819213450.0-0.198472637938-0.0008703669767930.9801060424520.00.299452595253-0.08102609730430.05870557307681.010.00.980022957258-0.01322707524460.1984440670020.00.01279121720860.9999121396110.00347819213450.0-0.198472637938-0.0008703669767930.9801060424520.00.299452595253-0.08102609730430.05870557307681.019.00.980022957258-0.01322707524460.1984440670020.00.05896445204760.972249482516-0.2263937656880.0-0.1899426140770.2335722334270.9536067402910.00.299452595253-0.08102609730430.05870557307681.025.00.980022957258-0.01322707524460.1984440670020.00.07426539459640.949950631013-0.3034443108780.0-0.1844983859370.3121199178510.9319557406160.00.299452595253-0.08102609730430.05870557307681.033.00.980022957258-0.01322707524460.1984440670020.00.02773696188230.997124825885-0.07051767543590.0-0.1969407631580.07461317634180.9775720995010.00.299452595253-0.08102609730430.05870557307681.044.00.9628660356-0.02708891964380.2686171772640.0-0.002793683193440.9939005430960.1102447539230.0-0.269965169648-0.106901360450.9569173978520.00.299452595253-0.08102609730430.05870557307681.066.00.918741346702-0.2019652117350.3392998542720.00.144485598230.9716504536740.1871344644350.0-0.367475509068-0.1229042274450.9218765107710.00.299452595253-0.08102609730430.05870557307681.0joint8joint71.01.00.00.00.00.00.9859020717740.1673233542360.00.0-0.1673233542360.9859020717740.00.0-0.449531600892-0.1184576515861.010.01.00.0-0.00.0-0.00.995581872199-0.09389747466710.00.00.09389747466710.9955818721990.00.0-0.449531600892-0.1184576515861.017.01.00.0-0.00.0-0.00.812749065198-0.582613900470.00.00.582613900470.8127490651980.00.0-0.449531600892-0.1184576515861.027.01.00.0-0.00.0-0.00.953007891485-0.3029454716080.00.00.3029454716080.9530078914850.00.0-0.449531600892-0.1184576515861.040.01.00.0-0.00.0-0.00.999980848386-0.00618893052770.00.00.00618893052770.9999808483860.00.0-0.449531600892-0.1184576515861.060.01.00.0-0.00.0-0.00.927235690861-0.374478268520.00.00.374478268520.9272356908610.00.0-0.449531600892-0.1184576515861.0joint9joint810.01.00.00.00.00.01.00.00.00.00.01.00.00.0-0.3189244465790.3098123195341.026.01.00.0-0.00.0-0.00.918456063011-0.3955230212250.00.00.3955230212250.9184560630110.00.0-0.3189244465790.3098123195341.042.01.00.0-0.00.0-0.00.829030572142-0.559203281870.00.00.559203281870.8290305721420.00.0-0.3189244465790.3098123195341.059.01.00.0-0.00.0-0.00.704696269065-0.7095091037940.00.00.7095091037940.7046962690650.00.0-0.3189244465790.3098123195341.0joint10joint91.01.00.0-0.00.0-0.00.994998337666-0.09989148133170.00.00.09989148133170.9949983376660.00.0-0.194392043629-0.09415864613281.015.01.00.0-0.00.0-0.00.948604586886-0.3164638016260.00.00.3164638016260.9486045868860.00.0-0.194392043629-0.09415864613281.0joint11joint101.01.00.00.00.00.01.00.00.00.00.01.00.00.0-0.12453240295-0.2369153031731.0