	joint1root0.0188074375664-0.3156679906040.9486832980510.00.9982298347180.0594743396611-3.33066907388e-160.0-0.05642231269910.9470039718130.3162277660170.00.012.00.01.0joint2joint10.314981284158-0.0887012192925-0.9449438524730.00.02804978841980.996058278263-0.08414936525950.00.948683298051-6.93889390391e-180.3162277660170.03.162277660170.0-2.22044604925e-161.0joint7joint20.990163904541-0.139912265884-0.00.00.1399122658840.9901639045410.00.00.0-0.01.00.06.00.0-8.881784197e-161.0joint8joint70.3760563456920.9265967973530.00.0-0.9265967973530.3760563456920.00.00.00.01.00.04.00.0-4.4408920985e-161.0joint9joint81.00.00.00.00.01.00.00.00.00.01.00.02.00.08.881784197e-161.0joint3joint10.2852170417830.431870803328-0.8556511253480.0-0.1365695393440.9019354795290.4097086180330.00.9486832980510.00.3162277660170.0-2.529822128130.0-1.89736659611.0joint4joint30.213629375263-0.976914781352-0.00.00.9769147813520.2136293752630.00.00.0-0.01.00.05.00.06.66133814775e-161.0joint5joint40.07799770665110.9969535384140.00.0-0.9969535384140.07799770665110.00.00.00.01.00.05.00.06.66133814775e-161.0joint6joint50.3162277660170.00.9486832980510.0-0.01.00.00.0-0.948683298051-0.00.3162277660170.02.00.0-1.99840144433e-151.0