hiproot1.04.4408920985e-16-0.9998405993450.01785429641690.0-4.99600361081e-160.01785429641690.9998405993450.0-1.0-4.99600361081e-16-6.66133814775e-160.00.00.777072279440.01.043.01.11022302463e-16-0.9156285937830.4020252209080.0-6.10622663544e-160.4020252209080.9156285937830.0-1.0-4.4408920985e-16-6.66133814775e-160.00.00.777072279440.01.068.00.0-0.8490538903380.5283062476460.0-6.66133814775e-160.5283062476460.8490538903380.0-1.0-4.4408920985e-16-4.4408920985e-160.00.00.686908378992-0.02265438575661.080.00.0-0.8160172479430.5780275521630.0-7.21644966006e-160.5780275521630.8160172479430.0-1.0-5.55111512313e-16-6.66133814775e-160.00.00.62099767916-0.03921496499511.099.00.0-0.7703363029490.6376378128360.0-7.21644966006e-160.6376378128360.7703363029490.0-1.0-4.4408920985e-16-4.4408920985e-160.00.00.523451064517-0.06372431553391.0107.0-2.22044604925e-16-0.755908744660.6546769965010.0-7.21644966006e-160.6546769965010.755908744660.0-1.0-4.4408920985e-16-6.66133814775e-160.00.00.488811536342-0.07242776796231.0118.00.0-0.7469427459750.6648883622340.0-7.21644966006e-160.6648883622340.7469427459750.0-1.0-4.4408920985e-16-4.4408920985e-160.00.00.464923037018-0.07842994050841.0132.00.0-0.7469427459750.6648883622340.0-7.21644966006e-160.6648883622340.7469427459750.0-1.0-4.4408920985e-16-4.4408920985e-160.00.00.464923037018-0.07842994050841.0149.00.0-0.7469427459750.6648883622340.0-7.21644966006e-160.6648883622340.7469427459750.0-1.0-4.4408920985e-16-4.4408920985e-160.00.00.464923037018-0.07842994050841.0162.00.0-0.7469427459750.6648883622340.0-7.21644966006e-160.6648883622340.7469427459750.0-1.0-4.4408920985e-16-4.4408920985e-160.00.00.464923037018-0.07842994050841.0179.00.0-0.7469427459750.6648883622340.0-7.21644966006e-160.6648883622340.7469427459750.0-1.0-4.4408920985e-16-4.4408920985e-160.00.00.464923037018-0.07842994050841.0208.00.0-0.7469427459750.6648883622340.0-7.21644966006e-160.6648883622340.7469427459750.0-1.0-4.4408920985e-16-4.4408920985e-160.00.00.464923037018-0.07842994050841.0237.00.0-0.7469427459750.6648883622340.0-7.21644966006e-160.6648883622340.7469427459750.0-1.0-4.4408920985e-16-4.4408920985e-160.00.00.464923037018-0.07842994050841.0248.00.0-0.7469427459750.6648883622340.0-7.21644966006e-160.6648883622340.7469427459750.0-1.0-4.4408920985e-16-4.4408920985e-160.00.00.464923037018-0.07842994050841.0264.00.0-0.7469427459750.6648883622340.0-7.21644966006e-160.6648883622340.7469427459750.0-1.0-4.4408920985e-16-4.4408920985e-160.00.00.464923037018-0.07842994050841.0278.00.0-0.7469427459750.6648883622340.0-7.21644966006e-160.6648883622340.7469427459750.0-1.0-4.4408920985e-16-4.4408920985e-160.00.00.464923037018-0.07842994050841.0294.00.0-0.7469427459750.6648883622340.0-7.21644966006e-160.6648883622340.7469427459750.0-1.0-4.4408920985e-16-4.4408920985e-160.00.00.464923037018-0.07842994050841.0310.00.0-0.7469427459750.6648883622340.0-7.21644966006e-160.6648883622340.7469427459750.0-1.0-4.4408920985e-16-4.4408920985e-160.00.00.464923037018-0.07842994050841.0343.00.0-0.7469427459750.6648883622340.0-7.21644966006e-160.6648883622340.7469427459750.0-1.0-4.4408920985e-16-4.4408920985e-160.00.00.464923037018-0.07842994050841.0370.04.4408920985e-16-0.9278188691510.3730310255820.0-5.55111512313e-160.3730310255820.9278188691510.0-1.0-5.55111512313e-16-4.4408920985e-160.00.00.616741489145-0.04028436605181.0398.04.4408920985e-16-0.9998405993450.01785429641690.0-4.99600361081e-160.01785429641690.9998405993450.0-1.0-4.99600361081e-16-6.66133814775e-160.00.00.777072279440.01.0428.04.4408920985e-16-0.9998405993450.01785429641690.0-4.99600361081e-160.01785429641690.9998405993450.0-1.0-4.99600361081e-16-6.66133814775e-160.00.00.777072279440.01.0468.04.4408920985e-16-0.9998405993450.01785429641690.0-4.99600361081e-160.01785429641690.9998405993450.0-1.0-4.99600361081e-16-6.66133814775e-160.00.00.777072279440.01.0leftBackLeghip1.00.930317585946-0.3667549444510.00.0-0.366754944451-0.9303175859461.49011613163e-080.0-5.46507459081e-09-1.38628124236e-08-1.00.00.1969086592190.0363181440257-0.1813650762551.043.00.681359214949-0.7319491923656.42319542452e-090.0-0.731949192365-0.6813592149491.34457119229e-080.0-5.46507459081e-09-1.38628124236e-08-1.00.00.1969086592190.0363181440257-0.1813650762551.068.00.617546144027-0.7865346527637.52864661553e-090.0-0.786534652763-0.6175461440271.28593969032e-080.0-5.46507459081e-09-1.38628124236e-08-1.00.00.1969086592190.0363181440257-0.1813650762551.080.00.613896287174-0.7893866914227.58813063243e-090.0-0.789386691422-0.6138962871741.28243862262e-080.0-5.46507459081e-09-1.38628124236e-08-1.00.00.1969086592190.0363181440257-0.1813650762551.099.00.660816702221-0.7465158387160.07768776359480.0-0.748778844753-0.6628199164561.32806804165e-080.00.0514929870613-0.058170962652-0.9969777386620.00.165429068220.0724828552886-0.2072047806771.0107.00.683407935354-0.7201289974990.1198658452450.0-0.72535876405-0.6883710216271.35068981e-080.00.0825121646225-0.0869457505892-0.992790098230.00.1482702232030.0921954582746-0.2212894455371.0118.00.700505169924-0.6966323513280.1549060166440.0-0.705143997215-0.7090641319321.36832875863e-080.00.109838290691-0.109231057354-0.9879292110310.00.1339494434480.108647605352-0.2330445128221.0132.00.700505169924-0.6966323513280.1549060166440.0-0.705143997215-0.7090641319321.36832875863e-080.00.109838290691-0.109231057354-0.9879292110310.00.1339494434480.108647605352-0.2330445128221.0149.00.700505169924-0.6966323513280.1549060166440.0-0.705143997215-0.7090641319321.36832875863e-080.00.109838290691-0.109231057354-0.9879292110310.00.1339494434480.108647605352-0.2330445128221.0162.00.700505169924-0.6966323513280.1549060166440.0-0.705143997215-0.7090641319321.36832875863e-080.00.109838290691-0.109231057354-0.9879292110310.00.1339494434480.108647605352-0.2330445128221.0179.00.700505169924-0.6966323513280.1549060166440.0-0.705143997215-0.7090641319321.36832875863e-080.00.109838290691-0.109231057354-0.9879292110310.00.1339494434480.108647605352-0.2330445128221.0208.00.700505169924-0.6966323513280.1549060166440.0-0.705143997215-0.7090641319321.36832875863e-080.00.109838290691-0.109231057354-0.9879292110310.00.1339494434480.108647605352-0.2330445128221.0237.00.700505169924-0.6966323513280.1549060166440.0-0.705143997215-0.7090641319321.36832875863e-080.00.109838290691-0.109231057354-0.9879292110310.00.1339494434480.108647605352-0.2330445128221.0248.00.700505169924-0.6966323513280.1549060166440.0-0.705143997215-0.7090641319321.36832875863e-080.00.109838290691-0.109231057354-0.9879292110310.00.1339494434480.108647605352-0.2330445128221.0264.00.700505169924-0.6966323513280.1549060166440.0-0.705143997215-0.7090641319321.36832875863e-080.00.109838290691-0.109231057354-0.9879292110310.00.1339494434480.108647605352-0.2330445128221.0278.00.700505169924-0.6966323513280.1549060166440.0-0.705143997215-0.7090641319321.36832875863e-080.00.109838290691-0.109231057354-0.9879292110310.00.1339494434480.108647605352-0.2330445128221.0294.00.700505169924-0.6966323513280.1549060166440.0-0.705143997215-0.7090641319321.36832875863e-080.00.109838290691-0.109231057354-0.9879292110310.00.1339494434480.108647605352-0.2330445128221.0310.00.700505169924-0.6966323513280.1549060166440.0-0.705143997215-0.7090641319321.36832875863e-080.00.109838290691-0.109231057354-0.9879292110310.00.1339494434480.108647605352-0.2330445128221.0343.00.700505169924-0.6966323513280.1549060166440.0-0.705143997215-0.7090641319321.36832875863e-080.00.109838290691-0.109231057354-0.9879292110310.00.1339494434480.108647605352-0.2330445128221.0370.00.63159370296-0.7715404317230.07625455132490.0-0.772438155866-0.634654006318-0.02352844291410.00.066548401502-0.0440415086168-0.9968107422060.00.164570599570.0734690901761-0.2079094460011.0398.00.930317585946-0.3667549444510.00.0-0.366754944451-0.9303175859461.49011613163e-080.0-5.46507459081e-09-1.38628124236e-08-1.00.00.1969086592190.0363181440257-0.1813650762551.0428.00.930317585946-0.3667549444510.00.0-0.366754944451-0.9303175859461.49011613163e-080.0-5.46507459081e-09-1.38628124236e-08-1.00.00.1969086592190.0363181440257-0.1813650762551.0468.00.930317585946-0.3667549444510.00.0-0.366754944451-0.9303175859461.49011613163e-080.0-5.46507459081e-09-1.38628124236e-08-1.00.00.1969086592190.0363181440257-0.1813650762551.0leftBackLeg2leftBackLeg1.00.451388233590.8923276654770.00.0-0.8923276654770.451388233590.00.00.00.01.00.00.2494141577370.0156966848036-0.01054804541441.043.00.5543758710010.8322664198760.00.0-0.8322664198760.5543758710010.00.00.00.01.00.00.2494141577370.0156966848036-0.01054804541441.068.00.502861128580.8643672167330.00.0-0.8643672167330.502861128580.00.00.00.01.00.00.2067210707120.0609369753774-0.01054804515821.080.00.4323955751760.901684017030.00.0-0.901684017030.4323955751760.00.00.00.01.00.00.191629044080.0769294396794-0.01054804506771.099.00.1470225821960.951997531384-0.2684866115160.0-0.9875053385150.1568359548040.01535218825830.00.05672359939250.2628748438320.9631610715510.00.202401660070.045327769706-0.01054804536141.0107.00.02870961659530.912643311264-0.4077474025920.0-0.9988868547450.04146757266320.02248314555860.00.03742738745550.4066480380170.9128179248050.00.2082735803370.0281023819808-0.01054804548041.0118.0-0.05112591174570.854301272688-0.5172576501430.0-0.998691783058-0.04325215923820.02727587165540.00.0009293016177750.5179754687280.8553949673650.00.2131742876180.0137260658278-0.01054804565521.0132.0-0.05112591174570.854301272688-0.5172576501430.0-0.998691783058-0.04325215923820.02727587165540.00.0009293016177750.5179754687280.8553949673650.00.2131742876180.0137260658278-0.01054804565521.0149.0-0.05112591174570.854301272688-0.5172576501430.0-0.998691783058-0.04325215923820.02727587165540.00.0009293016177750.5179754687280.8553949673650.00.2131742876180.0137260658278-0.01054804565521.0162.0-0.05112591174570.854301272688-0.5172576501430.0-0.998691783058-0.04325215923820.02727587165540.00.0009293016177750.5179754687280.8553949673650.00.2131742876180.0137260658278-0.01054804565521.0179.0-0.05112591174570.854301272688-0.5172576501430.0-0.998691783058-0.04325215923820.02727587165540.00.0009293016177750.5179754687280.8553949673650.00.2131742876180.0137260658278-0.01054804565521.0208.0-0.05112591174570.854301272688-0.5172576501430.0-0.998691783058-0.04325215923820.02727587165540.00.0009293016177750.5179754687280.8553949673650.00.2131742876180.0137260658278-0.01054804565521.0237.0-0.05112591174570.854301272688-0.5172576501430.0-0.998691783058-0.04325215923820.02727587165540.00.0009293016177750.5179754687280.8553949673650.00.2131742876180.0137260658278-0.01054804565521.0248.0-0.05112591174570.854301272688-0.5172576501430.0-0.998691783058-0.04325215923820.02727587165540.00.0009293016177750.5179754687280.8553949673650.00.2131742876180.0137260658278-0.01054804565521.0264.0-0.05112591174570.854301272688-0.5172576501430.0-0.998691783058-0.04325215923820.02727587165540.00.0009293016177750.5179754687280.8553949673650.00.2131742876180.0137260658278-0.01054804565521.0278.0-0.05112591174570.854301272688-0.5172576501430.0-0.998691783058-0.04325215923820.02727587165540.00.0009293016177750.5179754687280.8553949673650.00.2131742876180.0137260658278-0.01054804565521.0294.0-0.05112591174570.854301272688-0.5172576501430.0-0.998691783058-0.04325215923820.02727587165540.00.0009293016177750.5179754687280.8553949673650.00.2131742876180.0137260658278-0.01054804565521.0310.0-0.05112591174570.854301272688-0.5172576501430.0-0.998691783058-0.04325215923820.02727587165540.00.0009293016177750.5179754687280.8553949673650.00.2131742876180.0137260658278-0.01054804565521.0343.0-0.05112591174570.854301272688-0.5172576501430.0-0.998691783058-0.04325215923820.02727587165540.00.0009293016177750.5179754687280.8553949673650.00.2131742876180.0137260658278-0.01054804565521.0370.00.1882155268080.942660421159-0.2756197486540.0-0.9796289878060.200198321540.01573779855460.00.07001401087750.2670429973480.9611379067790.00.2308000904040.0146845058365-0.01054804553811.0398.00.451388233590.8923276654770.00.0-0.8923276654770.451388233590.00.00.00.01.00.00.2494141577370.0156966848036-0.01054804541441.0428.00.451388233590.8923276654770.00.0-0.8923276654770.451388233590.00.00.00.01.00.00.2494141577370.0156966848036-0.01054804541441.0468.00.451388233590.8923276654770.00.0-0.8923276654770.451388233590.00.00.00.01.00.00.2494141577370.0156966848036-0.01054804541441.0leftBackLeg3leftBackLeg21.00.0776239578441-0.996982708560.00.0-0.99698270856-0.07762395784415.24918831769e-090.0-5.23334998671e-09-4.07462772688e-10-1.00.00.221704190548-0.00581093006430.005084526771141.043.00.252935941225-0.967483028087-9.29488987494e-100.0-0.967483028087-0.2529359412255.16623927211e-090.0-5.23334998671e-09-4.07462772688e-10-1.00.00.221704190548-0.00581093006430.005084526771141.068.0-0.122102225457-0.9925175295871.04341762452e-090.0-0.9925175295870.1221022254575.14443948894e-090.0-5.23334998671e-09-4.07462772688e-10-1.00.00.175678131449-0.03262345022220.005084526122681.080.0-0.349573501454-0.9369089427912.21119599478e-090.0-0.9369089427910.3495735014544.76073421514e-090.0-5.23334998671e-09-4.07462772688e-10-1.00.00.159407897599-0.04210168889030.005084525893441.099.0-0.476939442033-0.8789361573142.8541247863e-090.0-0.8789361573140.4769394420334.40544545974e-090.0-5.23334998671e-09-4.07462772688e-10-1.00.00.185260470570.01130751573410.02455314428221.0107.0-0.502414811355-0.8646267156012.98161574521e-090.0-0.8646267156010.5024148113554.32017887853e-090.0-5.23334998671e-09-4.07462772688e-10-1.00.00.1988122402350.01395083545960.03730220140371.0118.0-0.512426101812-0.8587313259583.03160618018e-090.0-0.8587313259580.5124261018124.28524701305e-090.0-5.23334998671e-09-4.07462772688e-10-1.00.00.2099762445010.01452810517340.04852170539221.0132.0-0.512426101812-0.8587313259583.03160618018e-090.0-0.8587313259580.5124261018124.28524701305e-090.0-5.23334998671e-09-4.07462772688e-10-1.00.00.2099762445010.01452810517340.04852170539221.0149.0-0.512426101812-0.8587313259583.03160618018e-090.0-0.8587313259580.5124261018124.28524701305e-090.0-5.23334998671e-09-4.07462772688e-10-1.00.00.2099762445010.01452810517340.04852170539221.0162.0-0.512426101812-0.8587313259583.03160618018e-090.0-0.8587313259580.5124261018124.28524701305e-090.0-5.23334998671e-09-4.07462772688e-10-1.00.00.2099762445010.01452810517340.04852170539221.0179.0-0.512426101812-0.8587313259583.03160618018e-090.0-0.8587313259580.5124261018124.28524701305e-090.0-5.23334998671e-09-4.07462772688e-10-1.00.00.2099762445010.01452810517340.04852170539221.0208.0-0.512426101812-0.8587313259583.03160618018e-090.0-0.8587313259580.5124261018124.28524701305e-090.0-5.23334998671e-09-4.07462772688e-10-1.00.00.2099762445010.01452810517340.04852170539221.0237.0-0.512426101812-0.8587313259583.03160618018e-090.0-0.8587313259580.5124261018124.28524701305e-090.0-5.23334998671e-09-4.07462772688e-10-1.00.00.2099762445010.01452810517340.04852170539221.0248.0-0.512426101812-0.8587313259583.03160618018e-090.0-0.8587313259580.5124261018124.28524701305e-090.0-5.23334998671e-09-4.07462772688e-10-1.00.00.2099762445010.01452810517340.04852170539221.0264.0-0.512426101812-0.8587313259583.03160618018e-090.0-0.8587313259580.5124261018124.28524701305e-090.0-5.23334998671e-09-4.07462772688e-10-1.00.00.2099762445010.01452810517340.04852170539221.0278.0-0.512426101812-0.8587313259583.03160618018e-090.0-0.8587313259580.5124261018124.28524701305e-090.0-5.23334998671e-09-4.07462772688e-10-1.00.00.2099762445010.01452810517340.04852170539221.0294.0-0.512426101812-0.8587313259583.03160618018e-090.0-0.8587313259580.5124261018124.28524701305e-090.0-5.23334998671e-09-4.07462772688e-10-1.00.00.2099762445010.01452810517340.04852170539221.0310.0-0.512426101812-0.8587313259583.03160618018e-090.0-0.8587313259580.5124261018124.28524701305e-090.0-5.23334998671e-09-4.07462772688e-10-1.00.00.2099762445010.01452810517340.04852170539221.0343.0-0.512426101812-0.8587313259583.03160618018e-090.0-0.8587313259580.5124261018124.28524701305e-090.0-5.23334998671e-09-4.07462772688e-10-1.00.00.2099762445010.01452810517340.04852170539221.0370.0-0.176971581633-0.9842159617151.32718558907e-090.0-0.9842159617150.1769715816335.07863725882e-090.0-5.23334998671e-09-4.07462772688e-10-1.00.00.2242632137490.02199334380810.02834396587631.0398.00.0776239578441-0.996982708560.00.0-0.99698270856-0.07762395784415.24918831769e-090.0-5.23334998671e-09-4.07462772688e-10-1.00.00.221704190548-0.00581093006430.005084526771141.0428.00.0776239578441-0.996982708560.00.0-0.99698270856-0.07762395784415.24918831769e-090.0-5.23334998671e-09-4.07462772688e-10-1.00.00.221704190548-0.00581093006430.005084526771141.0468.00.0776239578441-0.996982708560.00.0-0.99698270856-0.07762395784415.24918831769e-090.0-5.23334998671e-09-4.07462772688e-10-1.00.00.221704190548-0.00581093006430.005084526771141.0leftBackLeg4leftBackLeg31.00.1112146512980.9937964083940.00.0-0.9937964083940.1112146512980.00.00.00.01.00.00.271575336702-0.0169407173217-0.01155036585751.043.00.1087340085920.9940708804590.00.0-0.9940708804590.1087340085920.00.00.00.01.00.00.271575336702-0.0169407173217-0.01155036585751.068.00.3015285762280.9534571399480.00.0-0.9534571399480.3015285762280.00.00.00.01.00.00.271575336702-0.0169407173217-0.01155036585751.080.00.4148392344160.9098947244540.00.0-0.9098947244540.4148392344160.00.00.00.01.00.00.271575336702-0.0169407173217-0.01155036585751.099.00.4743634023470.88032912170.00.0-0.88032912170.4743634023470.00.00.00.01.00.00.252695344543-0.0143936235899-0.01155036589351.0107.00.4852377834580.8743822353550.00.0-0.8743822353550.4852377834580.00.00.00.01.00.00.242404268524-0.0130052577925-0.01155036590811.0118.00.4886303113120.872490927670.00.0-0.872490927670.4886303113120.00.00.00.01.00.00.233815332128-0.0118465271255-0.01155036592951.0132.00.4886303113120.872490927670.00.0-0.872490927670.4886303113120.00.00.00.01.00.00.233815332128-0.0118465271255-0.01155036592951.0149.00.4886303113120.872490927670.00.0-0.872490927670.4886303113120.00.00.00.01.00.00.233815332128-0.0118465271255-0.01155036592951.0162.00.4886303113120.872490927670.00.0-0.872490927670.4886303113120.00.00.00.01.00.00.233815332128-0.0118465271255-0.01155036592951.0179.00.4886303113120.872490927670.00.0-0.872490927670.4886303113120.00.00.00.01.00.00.233815332128-0.0118465271255-0.01155036592951.0208.00.4886303113120.872490927670.00.0-0.872490927670.4886303113120.00.00.00.01.00.00.233815332128-0.0118465271255-0.01155036592951.0237.00.4886303113120.872490927670.00.0-0.872490927670.4886303113120.00.00.00.01.00.00.233815332128-0.0118465271255-0.01155036592951.0248.00.4886303113120.872490927670.00.0-0.872490927670.4886303113120.00.00.00.01.00.00.233815332128-0.0118465271255-0.01155036592951.0264.00.4886303113120.872490927670.00.0-0.872490927670.4886303113120.00.00.00.01.00.00.233815332128-0.0118465271255-0.01155036592951.0278.00.4886303113120.872490927670.00.0-0.872490927670.4886303113120.00.00.00.01.00.00.233815332128-0.0118465271255-0.01155036592951.0294.00.4886303113120.872490927670.00.0-0.872490927670.4886303113120.00.00.00.01.00.00.233815332128-0.0118465271255-0.01155036592951.0310.00.4886303113120.872490927670.00.0-0.872490927670.4886303113120.00.00.00.01.00.00.233815332128-0.0118465271255-0.01155036592951.0343.00.4886303113120.872490927670.00.0-0.872490927670.4886303113120.00.00.00.01.00.00.233815332128-0.0118465271255-0.01155036592951.0370.00.123509698060.9923433652140.00.0-0.9923433652140.123509698060.00.00.00.01.00.00.260045182569-0.0135870932077-0.01164177014511.0398.00.1112146512980.9937964083940.00.0-0.9937964083940.1112146512980.00.00.00.01.00.00.271575336702-0.0169407173217-0.01155036585751.0428.00.1112146512980.9937964083940.00.0-0.9937964083940.1112146512980.00.00.00.01.00.00.271575336702-0.0169407173217-0.01155036585751.0468.00.1112146512980.9937964083940.00.0-0.9937964083940.1112146512980.00.00.00.01.00.00.271575336702-0.0169407173217-0.01155036585751.0rightBackLeghip1.00.930317585946-0.3667549444510.00.0-0.366754944451-0.9303175859461.49011613163e-080.0-5.46507459081e-09-1.38628124236e-08-1.00.00.1969086592190.03631814402570.1842045892931.043.00.806356696845-0.5914295202763.79207700629e-090.0-0.591429520276-0.8063566968451.44105780784e-080.0-5.46507459081e-09-1.38628124236e-08-1.00.00.1951901182560.01026172530750.1842045892931.068.00.825362778099-0.562838178283-0.04460347067180.0-0.564285246984-0.819671433313-0.09859463193440.00.01893263229020.106545419783-0.9941275717720.00.1441456900450.0009747815880230.2102577354821.080.00.862074587514-0.503174702778-0.06035415517840.0-0.503160802332-0.835613802056-0.2204059454980.00.0604699310380.220374209694-0.9735392108910.00.104942755634-0.005340209350040.2293028424611.099.00.979970246483-0.199143958002-2.59491513693e-090.0-0.157077928394-0.772966933847-0.6146939430250.00.1224125827680.602381775265-0.788765717060.00.0341656178441-0.02689057443230.2574892479191.0107.00.978410883898-0.206333837675-0.01176816466860.0-0.178877714682-0.816946775616-0.5482706712940.00.1035128275120.538539054518-0.8362181421730.00.0355548859478-0.01524226944550.2435035608441.0118.00.975776499886-0.216829807589-0.02906986088410.0-0.206952620187-0.871801749013-0.4439958596830.00.0709283812630.439256809803-0.8955571560610.00.03759780925390.001886601268730.2229375620971.0132.00.975776499886-0.216829807589-0.02906986088410.0-0.206952620187-0.871801749013-0.4439958596830.00.0709283812630.439256809803-0.8955571560610.00.03759780925390.001886601268730.2229375620971.0149.00.975776499886-0.216829807589-0.02906986088410.0-0.206952620187-0.871801749013-0.4439958596830.00.0709283812630.439256809803-0.8955571560610.00.03759780925390.001886601268730.2229375620971.0162.00.975776499886-0.216829807589-0.02906986088410.0-0.206952620187-0.871801749013-0.4439958596830.00.0709283812630.439256809803-0.8955571560610.00.03759780925390.001886601268730.2229375620971.0179.00.975776499886-0.216829807589-0.02906986088410.0-0.206952620187-0.871801749013-0.4439958596830.00.0709283812630.439256809803-0.8955571560610.00.03759780925390.001886601268730.2229375620971.0208.00.975776499886-0.216829807589-0.02906986088410.0-0.206952620187-0.871801749013-0.4439958596830.00.0709283812630.439256809803-0.8955571560610.00.03759780925390.001886601268730.2229375620971.0237.00.975776499886-0.216829807589-0.02906986088410.0-0.206952620187-0.871801749013-0.4439958596830.00.0709283812630.439256809803-0.8955571560610.00.03759780925390.001886601268730.2229375620971.0248.00.975776499886-0.216829807589-0.02906986088410.0-0.206952620187-0.871801749013-0.4439958596830.00.0709283812630.439256809803-0.8955571560610.00.03759780925390.001886601268730.2229375620971.0264.00.975776499886-0.216829807589-0.02906986088410.0-0.206952620187-0.871801749013-0.4439958596830.00.0709283812630.439256809803-0.8955571560610.00.03759780925390.001886601268730.2229375620971.0278.00.975776499886-0.216829807589-0.02906986088410.0-0.206952620187-0.871801749013-0.4439958596830.00.0709283812630.439256809803-0.8955571560610.00.03759780925390.001886601268730.2229375620971.0294.00.975776499886-0.216829807589-0.02906986088410.0-0.206952620187-0.871801749013-0.4439958596830.00.0709283812630.439256809803-0.8955571560610.00.03759780925390.001886601268730.2229375620971.0310.00.975776499886-0.216829807589-0.02906986088410.0-0.206952620187-0.871801749013-0.4439958596830.00.0709283812630.439256809803-0.8955571560610.00.03759780925390.001886601268730.2229375620971.0343.00.975776499886-0.216829807589-0.02906986088410.0-0.206952620187-0.871801749013-0.4439958596830.00.0709283812630.439256809803-0.8955571560610.00.03759780925390.001886601268730.2229375620971.0370.00.956709890837-0.290659929855-0.01493284804920.0-0.285953360084-0.929186758079-0.2341850645710.00.05419280977370.228317265637-0.9720773454730.00.1150810235680.01863289699940.2040992015371.0398.00.930317585946-0.3667549444510.00.0-0.366754944451-0.9303175859461.49011613163e-080.0-5.46507459081e-09-1.38628124236e-08-1.00.00.1969086592190.03631814402570.1842045892931.0428.00.930317585946-0.3667549444510.00.0-0.366754944451-0.9303175859461.49011613163e-080.0-5.46507459081e-09-1.38628124236e-08-1.00.00.1969086592190.03631814402570.1842045892931.0468.00.930317585946-0.3667549444510.00.0-0.366754944451-0.9303175859461.49011613163e-080.0-5.46507459081e-09-1.38628124236e-08-1.00.00.1969086592190.03631814402570.1842045892931.0rightBackLeg2rightBackLeg1.00.451388233590.8923276654770.00.0-0.8923276654770.451388233590.00.00.00.01.00.00.2494141577370.0156966848036-0.01054804541441.043.00.2316611538880.9727965407930.00.0-0.9727965407930.2316611538880.00.00.00.01.00.00.17802151738-0.131799643884-0.01054804761231.068.0-0.0322793352570.9994522912130.007291234825170.0-0.998771752026-0.0319812735094-0.03784422675530.0-0.0375903161646-0.008503865863750.9992570502110.00.191670783939-0.146263541609-0.01369646300081.080.0-0.1755486184340.9843885208270.01272488228340.0-0.982501751614-0.174365780207-0.06547429090190.0-0.0622333563457-0.02399614044330.9977731177990.00.200651405728-0.14891162177-0.01972579626231.099.0-0.3570047556530.9338600900310.02128230929460.0-0.9295888454-0.352950339275-0.1062574068620.0-0.0917179532524-0.05771819689770.9941108724880.00.208985645364-0.152031330247-0.04718079335841.0107.0-0.4262270811830.9043391985940.0223850207140.0-0.899066957615-0.420746041732-0.1210428605530.0-0.100045394649-0.07171737762110.9923948492190.00.20777893989-0.14768644455-0.06142077349991.0118.0-0.4756204512120.8793595725980.02262583632060.0-0.87337257068-0.469002192138-0.1313670299350.0-0.104907288464-0.0822416308830.9910755647160.00.206004475531-0.141297275872-0.07310896265181.0132.0-0.4756204512120.8793595725980.02262583632060.0-0.87337257068-0.469002192138-0.1313670299350.0-0.104907288464-0.0822416308830.9910755647160.00.206004475531-0.141297275872-0.07310896265181.0149.0-0.4756204512120.8793595725980.02262583632060.0-0.87337257068-0.469002192138-0.1313670299350.0-0.104907288464-0.0822416308830.9910755647160.00.206004475531-0.141297275872-0.07310896265181.0162.0-0.4756204512120.8793595725980.02262583632060.0-0.87337257068-0.469002192138-0.1313670299350.0-0.104907288464-0.0822416308830.9910755647160.00.206004475531-0.141297275872-0.07310896265181.0179.0-0.4756204512120.8793595725980.02262583632060.0-0.87337257068-0.469002192138-0.1313670299350.0-0.104907288464-0.0822416308830.9910755647160.00.206004475531-0.141297275872-0.07310896265181.0208.0-0.4756204512120.8793595725980.02262583632060.0-0.87337257068-0.469002192138-0.1313670299350.0-0.104907288464-0.0822416308830.9910755647160.00.206004475531-0.141297275872-0.07310896265181.0237.0-0.4756204512120.8793595725980.02262583632060.0-0.87337257068-0.469002192138-0.1313670299350.0-0.104907288464-0.0822416308830.9910755647160.00.206004475531-0.141297275872-0.07310896265181.0248.0-0.4756204512120.8793595725980.02262583632060.0-0.87337257068-0.469002192138-0.1313670299350.0-0.104907288464-0.0822416308830.9910755647160.00.206004475531-0.141297275872-0.07310896265181.0264.0-0.4756204512120.8793595725980.02262583632060.0-0.87337257068-0.469002192138-0.1313670299350.0-0.104907288464-0.0822416308830.9910755647160.00.206004475531-0.141297275872-0.07310896265181.0278.0-0.4756204512120.8793595725980.02262583632060.0-0.87337257068-0.469002192138-0.1313670299350.0-0.104907288464-0.0822416308830.9910755647160.00.206004475531-0.141297275872-0.07310896265181.0294.0-0.4756204512120.8793595725980.02262583632060.0-0.87337257068-0.469002192138-0.1313670299350.0-0.104907288464-0.0822416308830.9910755647160.00.206004475531-0.141297275872-0.07310896265181.0310.0-0.4756204512120.8793595725980.02262583632060.0-0.87337257068-0.469002192138-0.1313670299350.0-0.104907288464-0.0822416308830.9910755647160.00.206004475531-0.141297275872-0.07310896265181.0343.0-0.4756204512120.8793595725980.02262583632060.0-0.87337257068-0.469002192138-0.1313670299350.0-0.104907288464-0.0822416308830.9910755647160.00.206004475531-0.141297275872-0.07310896265181.0370.0-0.0268844849230.9995709829920.01162215259130.0-0.997370520431-0.0260389403603-0.06763149089150.0-0.0672998472934-0.01340983017570.9976426750140.00.227117423647-0.0649409153115-0.04268152497841.0398.00.451388233590.8923276654770.00.0-0.8923276654770.451388233590.00.00.00.01.00.00.2494141577370.0156966848036-0.01054804541441.0428.00.451388233590.8923276654770.00.0-0.8923276654770.451388233590.00.00.00.01.00.00.2494141577370.0156966848036-0.01054804541441.0468.00.451388233590.8923276654770.00.0-0.8923276654770.451388233590.00.00.00.01.00.00.2494141577370.0156966848036-0.01054804541441.0rightBackLeg3rightBackLeg21.00.0776239578441-0.996982708560.00.0-0.99698270856-0.07762395784415.24918831769e-090.0-5.23334998671e-09-4.07462772688e-10-1.00.00.221704190548-0.00581093006430.005084526771141.043.0-0.097287519118-0.9952563180539.14669535772e-100.0-0.9952563180530.0972875191185.16888359657e-090.0-5.23334998671e-09-4.07462772688e-10-1.00.00.21585617344-0.03968898693470.005084526569421.068.0-0.0696223432755-0.9975734205147.70832121138e-100.0-0.9975734205140.06962234327555.19228233396e-090.0-5.23334998671e-09-4.07462772688e-10-1.00.00.219215084171-0.04207043082050.00508452663581.080.0-0.0493636657294-0.9987808711156.65303362442e-100.0-0.9987808711150.04936366572945.20685600247e-090.0-5.23334998671e-09-4.07462772688e-10-1.00.00.221670480976-0.04248761489530.005084526659271.099.0-0.0193463382521-0.9998128420845.08632671839e-100.0-0.9998128420840.01934633825215.22448761121e-090.0-5.23334998671e-09-4.07462772688e-10-1.00.00.22530442284-0.04283744341920.005084526704191.0107.0-0.00868136193151-0.9999623162674.52880023319e-100.0-0.9999623162670.008681361931515.22961544275e-090.0-5.23334998671e-09-4.07462772688e-10-1.00.00.226594862587-0.04287846118960.005084526722371.0118.0-0.00132581291194-0.999999121114.14400857558e-100.0-0.999999121110.001325812911945.23280516777e-090.0-5.23334998671e-09-4.07462772688e-10-1.00.00.227484790071-0.04288741898470.005084526749111.0132.0-0.00132581291194-0.999999121114.14400857558e-100.0-0.999999121110.001325812911945.23280516777e-090.0-5.23334998671e-09-4.07462772688e-10-1.00.00.227484790071-0.04288741898470.005084526749111.0149.0-0.00132581291194-0.999999121114.14400857558e-100.0-0.999999121110.001325812911945.23280516777e-090.0-5.23334998671e-09-4.07462772688e-10-1.00.00.227484790071-0.04288741898470.005084526749111.0162.0-0.00132581291194-0.999999121114.14400857558e-100.0-0.999999121110.001325812911945.23280516777e-090.0-5.23334998671e-09-4.07462772688e-10-1.00.00.227484790071-0.04288741898470.005084526749111.0179.0-0.00132581291194-0.999999121114.14400857558e-100.0-0.999999121110.001325812911945.23280516777e-090.0-5.23334998671e-09-4.07462772688e-10-1.00.00.227484790071-0.04288741898470.005084526749111.0208.0-0.00132581291194-0.999999121114.14400857558e-100.0-0.999999121110.001325812911945.23280516777e-090.0-5.23334998671e-09-4.07462772688e-10-1.00.00.227484790071-0.04288741898470.005084526749111.0237.0-0.00132581291194-0.999999121114.14400857558e-100.0-0.999999121110.001325812911945.23280516777e-090.0-5.23334998671e-09-4.07462772688e-10-1.00.00.227484790071-0.04288741898470.005084526749111.0248.0-0.00132581291194-0.999999121114.14400857558e-100.0-0.999999121110.001325812911945.23280516777e-090.0-5.23334998671e-09-4.07462772688e-10-1.00.00.227484790071-0.04288741898470.005084526749111.0264.0-0.00132581291194-0.999999121114.14400857558e-100.0-0.999999121110.001325812911945.23280516777e-090.0-5.23334998671e-09-4.07462772688e-10-1.00.00.227484790071-0.04288741898470.005084526749111.0278.0-0.00132581291194-0.999999121114.14400857558e-100.0-0.999999121110.001325812911945.23280516777e-090.0-5.23334998671e-09-4.07462772688e-10-1.00.00.227484790071-0.04288741898470.005084526749111.0294.0-0.00132581291194-0.999999121114.14400857558e-100.0-0.999999121110.001325812911945.23280516777e-090.0-5.23334998671e-09-4.07462772688e-10-1.00.00.227484790071-0.04288741898470.005084526749111.0310.0-0.00132581291194-0.999999121114.14400857558e-100.0-0.999999121110.001325812911945.23280516777e-090.0-5.23334998671e-09-4.07462772688e-10-1.00.00.227484790071-0.04288741898470.005084526749111.0343.0-0.00132581291194-0.999999121114.14400857558e-100.0-0.999999121110.001325812911945.23280516777e-090.0-5.23334998671e-09-4.07462772688e-10-1.00.00.227484790071-0.04288741898470.005084526749111.0370.00.0371020881084-0.9993114804992.13014014314e-100.0-0.999311480499-0.03710208810845.24486444289e-090.0-5.23334998671e-09-4.07462772688e-10-1.00.00.22525027275-0.005607561625610.006666946093621.0398.00.0776239578441-0.996982708560.00.0-0.99698270856-0.07762395784415.24918831769e-090.0-5.23334998671e-09-4.07462772688e-10-1.00.00.221704190548-0.00581093006430.005084526771141.0428.00.0776239578441-0.996982708560.00.0-0.99698270856-0.07762395784415.24918831769e-090.0-5.23334998671e-09-4.07462772688e-10-1.00.00.221704190548-0.00581093006430.005084526771141.0468.00.0776239578441-0.996982708560.00.0-0.99698270856-0.07762395784415.24918831769e-090.0-5.23334998671e-09-4.07462772688e-10-1.00.00.221704190548-0.00581093006430.005084526771141.0rightBackLeg4rightBackLeg31.00.1112146512980.9937964083940.00.0-0.9937964083940.1112146512980.00.00.00.01.00.00.271575336702-0.0169407173217-0.01155036585751.043.00.1034395428110.9946357428640.00.0-0.9946357428640.1034395428110.00.00.00.01.00.00.256128041518-0.0594751247551-0.01155036674061.068.0-0.04743108239140.9988745128510.00.0-0.998874512851-0.04743108239140.00.00.00.01.00.00.267540889496-0.0280496408686-0.01155036608811.080.0-0.09863652854270.9951235276270.00.0-0.995123527627-0.09863652854270.00.00.00.01.00.00.271575336702-0.0169407173217-0.01155036585751.099.0-0.0508887773520.9987043267850.00.0-0.998704326785-0.0508887773520.00.00.00.01.00.00.271575336702-0.0169407173217-0.01155036585751.0107.0-0.08931793602690.996003165810.00.0-0.99600316581-0.08931793602690.00.00.00.01.00.00.266857380974-0.0170314478061-0.01339154096651.0118.0-0.1455711579020.9893477841420.00.0-0.989347784142-0.1455711579020.00.00.00.01.00.00.259919611591-0.0171648672812-0.01609899500721.0132.0-0.1455711579020.9893477841420.00.0-0.989347784142-0.1455711579020.00.00.00.01.00.00.259919611591-0.0171648672812-0.01609899500721.0149.0-0.1455711579020.9893477841420.00.0-0.989347784142-0.1455711579020.00.00.00.01.00.00.259919611591-0.0171648672812-0.01609899500721.0162.0-0.1455711579020.9893477841420.00.0-0.989347784142-0.1455711579020.00.00.00.01.00.00.259919611591-0.0171648672812-0.01609899500721.0179.0-0.1455711579020.9893477841420.00.0-0.989347784142-0.1455711579020.00.00.00.01.00.00.259919611591-0.0171648672812-0.01609899500721.0208.0-0.1455711579020.9893477841420.00.0-0.989347784142-0.1455711579020.00.00.00.01.00.00.259919611591-0.0171648672812-0.01609899500721.0237.0-0.1455711579020.9893477841420.00.0-0.989347784142-0.1455711579020.00.00.00.01.00.00.259919611591-0.0171648672812-0.01609899500721.0248.0-0.1455711579020.9893477841420.00.0-0.989347784142-0.1455711579020.00.00.00.01.00.00.259919611591-0.0171648672812-0.01609899500721.0264.0-0.1455711579020.9893477841420.00.0-0.989347784142-0.1455711579020.00.00.00.01.00.00.259919611591-0.0171648672812-0.01609899500721.0278.0-0.1455711579020.9893477841420.00.0-0.989347784142-0.1455711579020.00.00.00.01.00.00.259919611591-0.0171648672812-0.01609899500721.0294.0-0.1455711579020.9893477841420.00.0-0.989347784142-0.1455711579020.00.00.00.01.00.00.259919611591-0.0171648672812-0.01609899500721.0310.0-0.1455711579020.9893477841420.00.0-0.989347784142-0.1455711579020.00.00.00.01.00.00.259919611591-0.0171648672812-0.01609899500721.0343.0-0.1455711579020.9893477841420.00.0-0.989347784142-0.1455711579020.00.00.00.01.00.00.259919611591-0.0171648672812-0.01609899500721.0370.0-0.07507853849450.9971776236250.00.0-0.997177623625-0.07507853849450.00.00.00.01.00.00.265588547806-0.0170558485963-0.01388670119721.0398.00.1112146512980.9937964083940.00.0-0.9937964083940.1112146512980.00.00.00.01.00.00.271575336702-0.0169407173217-0.01155036585751.0428.00.1112146512980.9937964083940.00.0-0.9937964083940.1112146512980.00.00.00.01.00.00.271575336702-0.0169407173217-0.01155036585751.0468.00.1112146512980.9937964083940.00.0-0.9937964083940.1112146512980.00.00.00.01.00.00.271575336702-0.0169407173217-0.01155036585751.0fronthiphip1.00.985675858126-0.1686508307360.00.0-0.168650830736-0.9856758581261.22464679915e-160.0-2.06537700035e-17-1.20710478465e-16-1.00.0-0.009873284421680.4149864858490.01.043.00.880841486989-0.4734113167213.89530090704e-170.0-0.473411