hiproot1.04.4408920985e-16-0.9998405993450.01785429641690.0-4.99600361081e-160.01785429641690.9998405993450.0-1.0-4.99600361081e-16-6.66133814775e-160.00.00.777072279440.01.040.04.4408920985e-16-0.9998405993450.01785429641690.0-4.99600361081e-160.01785429641690.9998405993450.0-1.0-4.99600361081e-16-6.66133814775e-160.00.00.777072279440.01.080.04.4408920985e-16-0.9998405993450.01785429641690.0-4.99600361081e-160.01785429641690.9998405993450.0-1.0-4.99600361081e-16-6.66133814775e-160.00.00.777072279440.01.0120.04.4408920985e-16-0.9998405993450.01785429641690.0-4.99600361081e-160.01785429641690.9998405993450.0-1.0-4.99600361081e-16-6.66133814775e-160.00.00.777072279440.01.0leftBackLeghip1.00.930317585946-0.3667549444510.00.0-0.366754944451-0.9303175859461.49011613163e-080.0-5.46507459081e-09-1.38628124236e-08-1.00.00.1969086592190.0363181440257-0.1813650762551.040.00.930317585946-0.3667549444510.00.0-0.366754944451-0.9303175859461.49011613163e-080.0-5.46507459081e-09-1.38628124236e-08-1.00.00.1969086592190.0363181440257-0.1813650762551.080.00.930317585946-0.3667549444510.00.0-0.366754944451-0.9303175859461.49011613163e-080.0-5.46507459081e-09-1.38628124236e-08-1.00.00.1969086592190.0363181440257-0.1813650762551.0120.00.930317585946-0.3667549444510.00.0-0.366754944451-0.9303175859461.49011613163e-080.0-5.46507459081e-09-1.38628124236e-08-1.00.00.1969086592190.0363181440257-0.1813650762551.0leftBackLeg2leftBackLeg1.00.451388233590.8923276654770.00.0-0.8923276654770.451388233590.00.00.00.01.00.00.2494141577370.0156966848036-0.01054804541441.040.00.451388233590.8923276654770.00.0-0.8923276654770.451388233590.00.00.00.01.00.00.2494141577370.0156966848036-0.01054804541441.080.00.451388233590.8923276654770.00.0-0.8923276654770.451388233590.00.00.00.01.00.00.2494141577370.0156966848036-0.01054804541441.0120.00.451388233590.8923276654770.00.0-0.8923276654770.451388233590.00.00.00.01.00.00.2494141577370.0156966848036-0.01054804541441.0leftBackLeg3leftBackLeg21.00.0776239578441-0.996982708560.00.0-0.99698270856-0.07762395784415.24918831769e-090.0-5.23334998671e-09-4.07462772688e-10-1.00.00.221704190548-0.00581093006430.005084526771141.040.00.0776239578441-0.996982708560.00.0-0.99698270856-0.07762395784415.24918831769e-090.0-5.23334998671e-09-4.07462772688e-10-1.00.00.221704190548-0.00581093006430.005084526771141.080.00.0776239578441-0.996982708560.00.0-0.99698270856-0.07762395784415.24918831769e-090.0-5.23334998671e-09-4.07462772688e-10-1.00.00.221704190548-0.00581093006430.005084526771141.0120.00.0776239578441-0.996982708560.00.0-0.99698270856-0.07762395784415.24918831769e-090.0-5.23334998671e-09-4.07462772688e-10-1.00.00.221704190548-0.00581093006430.005084526771141.0leftBackLeg4leftBackLeg31.00.1112146512980.9937964083940.00.0-0.9937964083940.1112146512980.00.00.00.01.00.00.271575336702-0.0169407173217-0.01155036585751.040.00.1109760197340.991664034744-0.06547339336580.0-0.9937964083940.1112146512986.93889390391e-180.00.007281600612490.06506722317230.9978543153990.00.271575336702-0.0169407173217-0.01155036585751.080.00.1111549774060.993263171995-0.03275426928630.0-0.9937964083940.1112146512980.00.00.003642754637210.03255107517630.9994634349710.00.271575336702-0.0169407173217-0.01155036585751.0120.00.1112146512980.9937964083940.00.0-0.9937964083940.1112146512980.00.00.00.01.00.00.271575336702-0.0169407173217-0.01155036585751.0rightBackLeghip1.00.930317585946-0.3667549444510.00.0-0.366754944451-0.9303175859461.49011613163e-080.0-5.46507459081e-09-1.38628124236e-08-1.00.00.1969086592190.03631814402570.1842045892931.040.00.930317585946-0.3667549444510.00.0-0.366754944451-0.9303175859461.49011613163e-080.0-5.46507459081e-09-1.38628124236e-08-1.00.00.1969086592190.03631814402570.1842045892931.080.00.930317585946-0.3667549444510.00.0-0.366754944451-0.9303175859461.49011613163e-080.0-5.46507459081e-09-1.38628124236e-08-1.00.00.1969086592190.03631814402570.1842045892931.0120.00.930317585946-0.3667549444510.00.0-0.366754944451-0.9303175859461.49011613163e-080.0-5.46507459081e-09-1.38628124236e-08-1.00.00.1969086592190.03631814402570.1842045892931.0rightBackLeg2rightBackLeg1.00.451388233590.8923276654770.00.0-0.8923276654770.451388233590.00.00.00.01.00.00.2494141577370.0156966848036-0.01054804541441.040.00.451388233590.8923276654770.00.0-0.8923276654770.451388233590.00.00.00.01.00.00.2494141577370.0156966848036-0.01054804541441.080.00.451388233590.8923276654770.00.0-0.8923276654770.451388233590.00.00.00.01.00.00.2494141577370.0156966848036-0.01054804541441.0120.00.451388233590.8923276654770.00.0-0.8923276654770.451388233590.00.00.00.01.00.00.2494141577370.0156966848036-0.01054804541441.0rightBackLeg3rightBackLeg21.00.0776239578441-0.996982708560.00.0-0.99698270856-0.07762395784415.24918831769e-090.0-5.23334998671e-09-4.07462772688e-10-1.00.00.221704190548-0.00581093006430.005084526771141.040.00.0776239578441-0.996982708560.00.0-0.99698270856-0.07762395784415.24918831769e-090.0-5.23334998671e-09-4.07462772688e-10-1.00.00.221704190548-0.00581093006430.005084526771141.080.00.0776239578441-0.996982708560.00.0-0.99698270856-0.07762395784415.24918831769e-090.0-5.23334998671e-09-4.07462772688e-10-1.00.00.221704190548-0.00581093006430.005084526771141.0120.00.0776239578441-0.996982708560.00.0-0.99698270856-0.07762395784415.24918831769e-090.0-5.23334998671e-09-4.07462772688e-10-1.00.00.221704190548-0.00581093006430.005084526771141.0rightBackLeg4rightBackLeg31.00.1112146512980.9937964083940.00.0-0.9937964083940.1112146512980.00.00.00.01.00.00.271575336702-0.0169407173217-0.01155036585751.040.00.1099313984760.9823294655840.1514724683710.0-0.9937964083940.1112146512980.00.0-0.0168459577511-0.1505327950370.9884614769050.00.271575336702-0.0169407173217-0.01155036585751.080.00.1108933740820.9909255263690.07595565005410.0-0.9937964083940.1112146512986.93889390391e-180.0-0.00844738113491-0.0754844522210.9971111970210.00.271575336702-0.0169407173217-0.01155036585751.0120.00.1112146512980.9937964083940.00.0-0.9937964083940.1112146512980.00.00.00.01.00.00.271575336702-0.0169407173217-0.01155036585751.0fronthiphip1.00.985675858126-0.1686508307360.00.0-0.168650830736-0.9856758581261.22464679915e-160.0-2.06537700035e-17-1.20710478465e-16-1.00.0-0.009873284421680.4149864858490.01.040.00.985675858126-0.1686508307360.00.0-0.168650830736-0.9856758581261.22464679915e-160.0-2.06537700035e-17-1.20710478465e-16-1.00.0-0.009873284421680.4149864858490.01.080.00.985675858126-0.1686508307360.00.0-0.168650830736-0.9856758581261.22464679915e-160.0-2.06537700035e-17-1.20710478465e-16-1.00.0-0.009873284421680.4149864858490.01.0120.00.985675858126-0.1686508307360.00.0-0.168650830736-0.9856758581261.22464679915e-160.0-2.06537700035e-17-1.20710478465e-16-1.00.0-0.009873284421680.4149864858490.01.0leftFrontLegfronthip1.00.9909108470180.1345202336520.00.0-0.1345202336520.9909108470180.00.00.00.01.00.00.2100114035580.001526365949320.1401477721311.040.00.9909108470180.1345202336520.00.0-0.1345202336520.9909108470180.00.00.00.01.00.00.2100114035580.001526365949320.1401477721311.080.00.9909108470180.1345202336520.00.0-0.1345202336520.9909108470180.00.00.00.01.00.00.2100114035580.001526365949320.1401477721311.0120.00.9909108470180.1345202336520.00.0-0.1345202336520.9909108470180.00.00.00.01.00.00.2100114035580.001526365949320.1401477721311.0leftFrontLeg2leftFrontLeg1.00.789459513472-0.6138026365110.00.0-0.613802636511-0.7894595134721.22464679915e-160.0-7.51691434112e-17-9.6680906623e-17-1.00.00.3447117486010.02858436874040.02174932218791.040.00.789459513472-0.6138026365110.00.0-0.613802636511-0.7894595134721.22464679915e-160.0-7.51691434112e-17-9.6680906623e-17-1.00.00.3447117486010.02858436874040.02174932218791.080.00.789459513472-0.6138026365110.00.0-0.613802636511-0.7894595134721.22464679915e-160.0-7.51691434112e-17-9.6680906623e-17-1.00.00.3447117486010.02858436874040.02174932218791.0120.00.789459513472-0.6138026365110.00.0-0.613802636511-0.7894595134721.22464679915e-160.0-7.51691434112e-17-9.6680906623e-17-1.00.00.3447117486010.02858436874040.02174932218791.0leftFrontLeg3leftFrontLeg21.00.2303492424140.9731080240750.00.0-0.9731080240750.2303492424140.00.00.00.01.00.00.2604181492090.0322085175265-0.02955294841471.040.00.2272989394160.960222050186-0.1621998966610.0-0.9731080240750.2303492424140.00.00.03736262331540.1578380209450.9867579204260.00.2604181492090.0322085175265-0.02955294841471.080.00.229585400310.9698811809-0.0813697665050.0-0.9731080240750.2303492424146.93889390391e-180.00.01874346406980.07918157270310.9966839825640.00.2604181492090.0322085175265-0.02955294841471.0120.00.2303492424140.9731080240750.00.0-0.9731080240750.2303492424140.00.00.00.01.00.00.2604181492090.0322085175265-0.02955294841471.0rightFrontLegfronthip1.00.9909108470180.1345202336520.00.0-0.1345202336520.9909108470180.00.00.00.01.00.00.2100114035580.00152636594932-0.1525604357031.040.00.9909108470180.1345202336520.00.0-0.1345202336520.9909108470180.00.00.00.01.00.00.2100114035580.00152636594932-0.1525604357031.080.00.9909108470180.1345202336520.00.0-0.1345202336520.9909108470180.00.00.00.01.00.00.2100114035580.00152636594932-0.1525604357031.0120.00.9909108470180.1345202336520.00.0-0.1345202336520.9909108470180.00.00.00.01.00.00.2100114035580.00152636594932-0.1525604357031.0rightFrontLeg2rightFrontLeg1.00.789459513472-0.6138026365110.00.0-0.613802636511-0.7894595134721.22464679915e-160.0-7.51691434112e-17-9.6680906623e-17-1.00.00.3447117486010.0285843687404-0.02163832016141.040.00.789459513472-0.6138026365110.00.0-0.613802636511-0.7894595134721.22464679915e-160.0-7.51691434112e-17-9.6680906623e-17-1.00.00.3447117486010.0285843687404-0.02163832016141.080.00.789459513472-0.6138026365110.00.0-0.613802636511-0.7894595134721.22464679915e-160.0-7.51691434112e-17-9.6680906623e-17-1.00.00.3447117486010.0285843687404-0.02163832016141.0120.00.789459513472-0.6138026365110.00.0-0.613802636511-0.7894595134721.22464679915e-160.0-7.51691434112e-17-9.6680906623e-17-1.00.00.3447117486010.0285843687404-0.02163832016141.0rightFrontLeg3rightFrontLeg21.00.2303492424140.9731080240750.00.0-0.9731080240750.2303492424140.00.00.00.01.00.00.2604181492090.03220851752650.01954572806481.040.00.228363673860.9647200099810.1310165440080.0-0.9731080240750.230349242414-1.38777878078e-170.0-0.030179561656-0.1274932502610.9913801819670.00.2604181492090.03220851752650.01954572806481.080.00.2298523143350.9710087564770.06564989291320.0-0.9731080240750.2303492424140.00.0-0.0151224030971-0.06388443757350.9978427188490.00.2604181492090.03220851752650.01954572806481.0120.00.2303492424140.9731080240750.00.0-0.9731080240750.2303492424140.00.00.00.01.00.00.2604181492090.03220851752650.01954572806481.0headfronthip1.0-0.933213872411-0.3593213997797.65713739785e-160.0-0.3593213997790.9332138724112.46519032882e-320.0-7.14574684264e-16-2.7513733281e-16-1.00.0-0.0867229733134-0.2869027660540.01.040.0-0.753106937176-0.561801955726-0.3423572749630.0-0.610815302520.7903993035610.04662195981540.00.2444066434960.244228383838-0.9384124301940.0-0.0321892967928-0.29631602921-2.56881203009e-171.080.0-0.893027698782-0.3438482562830.2902927933320.0-0.3593213997790.9332138724110.00.0-0.270905261798-0.104308412846-0.956937873710.0-0.0867229733134-0.2869027660540.01.0120.0-0.933213872411-0.3593213997797.65713739785e-160.0-0.3593213997790.9332138724112.46519032882e-320.0-7.14574684264e-16-2.7513733281e-16-1.00.0-0.0867229733134-0.2869027660540.01.0explode1head1.01.11022302463e-160.0-1.00.00.8682431421240.4961389383571.66533453694e-160.00.496138938357-0.8682431421240.00.00.1522118332070.07476860834660.01.040.01.11022302463e-160.0-1.00.00.8682431421240.4961389383571.66533453694e-160.00.496138938357-0.8682431421240.00.00.1522118332070.07476860834660.01.080.00.0-5.55111512313e-17-1.00.00.7297778197110.6836843817575.55111512313e-170.00.683684381757-0.7297778197110.00.00.1522118332070.07476860834660.01.0120.01.11022302463e-160.0-1.00.00.8682431421240.4961389383571.66533453694e-160.00.496138938357-0.8682431421240.00.00.1522118332070.07476860834660.01.0explode2hip1.04.4408920985e-160.0-1.00.0-0.9998405993450.0178542964169-4.4408920985e-160.00.01785429641690.9998405993450.00.0-0.3187733860940.2159780967240.01.040.05.75155366904e-160.0-1.295134748040.0-1.294928302710.0231237196912-5.75155366904e-160.00.02312371969121.294928302710.00.0-0.3187733860940.2159780967240.01.080.03.64265602807e-160.0-0.8202532165330.0-0.8201224676330.0146450440649-3.64265602807e-160.00.01464504406490.8201224676330.00.0-0.2640727715380.2150013000362.47799606748e-171.0120.04.4408920985e-160.0-1.00.0-0.9998405993450.0178542964169-4.4408920985e-160.00.01785429641690.9998405993450.00.0-0.3187733860940.2159780967240.01.0explode3hip1.04.4408920985e-160.0-1.00.0-0.9998405993450.0178542964169-4.4408920985e-160.00.01785429641690.9998405993450.00.0-0.254957000847-0.243181052240.01.040.03.51239796159e-160.0-0.7909217075510.0-0.7907956341130.0141213506092-3.51239796159e-160.00.01412135060920.7907956341130.00.0-0.254957000847-0.243181052240.01.080.06.3658189677e-160.0-1.433454996540.0-1.41278888398-0.242529990723-6.3658189677e-160.0-0.2425299907231.412788883980.00.0-0.254957000847-0.243181052240.01.0120.04.4408920985e-160.0-1.00.0-0.9998405993450.0178542964169-4.4408920985e-160.00.01785429641690.9998405993450.00.0-0.254957000847-0.243181052240.01.0tailhip1.00.358059577859-0.9336987408710.00.0-0.933698740871-0.358059577859-1.22464679915e-160.01.14345117438e-164.38496515929e-17-1.00.00.0587254729665-0.421620098820.01.040.00.734117631454-0.6790223142055.41678748798e-170.0-0.679022314205-0.734117631454-1.09833688628e-160.01.14345117438e-164.38496515929e-17-1.00.00.108542712863-0.4057427630311.41909760092e-171.080.00.230437159363-0.973087208622-1.63201710182e-170.0-0.973087208622-0.230437159363-1.21372360299e-160.01.14345117438e-164.38496515929e-17-1.00.00.0836340912442-0.4136814314587.09548752883e-181.0120.00.358059577859-0.9336987408710.00.0-0.933698740871-0.358059577859-1.22464679915e-160.01.14345117438e-164.38496515929e-17-1.00.00.0587254729665-0.421620098820.01.0explode4tail1.04.4408920985e-160.01.00.0-0.3746730370120.9271570068421.66533453694e-160.0-0.927157006842-0.3746730370124.4408920985e-160.00.3157416242130.01246230289570.01.040.06.22959961413e-160.01.402781125040.0-0.5255842643821.300598349152.3360998553e-160.0-1.30059834915-0.5255842643826.22959961413e-160.00.3513416621310.01671572531650.01110161698461.080.03.66879622649e-160.00.8261394659270.0-0.2628433087520.6504258148781.16827739556e-160.0-0.650425814878-0.2628433087523.11540638817e-160.00.2780398583610.01257959030922.28253339128e-171.0120.04.4408920985e-160.01.00.0-0.3746730370120.9271570068421.66533453694e-160.0-0.927157006842-0.3746730370124.4408920985e-160.00.3157416242130.01246230289570.01.0