	joint6root1.01.00.00.00.00.01.00.00.00.00.01.00.0-0.01903033283231.249658522650.01.021.180.9785202326510.2061508047360.00.0-0.2061508047360.9785202326510.00.00.00.01.00.0-0.0790197261791.249658522650.01.042.680.950189588759-0.311672497044-0.00.00.3116724970440.9501895887590.00.00.0-0.01.00.00.05784291123251.255796707250.01.064.510.99701093313-0.077260592929-0.00.00.0772605929290.997010933130.00.00.0-0.01.00.00.009454291464891.255796707250.01.072.00.993958232389-0.109758973508-0.00.00.1097589735080.9939582323890.00.00.0-0.01.00.00.06076070634831.200884915540.01.082.170.945668599266-0.325132127545-0.00.00.3251321275450.9456685992660.00.00.0-0.01.00.00.3889576161030.8791728480280.01.0109.420.871886531938-0.489707949114-0.00.00.4897079491140.8718865319380.00.00.0-0.01.00.00.5271857820430.8178743850580.01.0129.64-0.205394655251-0.978679230184-0.00.00.978679230184-0.2053946552510.00.00.0-0.01.00.01.37842198620.5727008155460.01.0joint1joint61.00.9985780940960.05212304779210.01117935061820.0-0.05203945327510.998615784356-0.007642678686860.0-0.01156223569270.007050044222770.9999083015870.0-0.0101495108439-0.1953780837450.2868227965911.021.180.993457389401-0.1133298469760.0140982704380.00.11329164390.9935556744920.00348211247740.0-0.0144020438685-0.001862114137330.9998945512720.0-0.0101495108439-0.1953780837450.2868227965911.042.680.9335625078590.3580376974140.01643323311350.0-0.3581692853180.9336385277370.005819156290350.0-0.013259222251-0.01131842549980.9998480315880.0-0.0101495108439-0.1953780837450.2868227965911.064.510.9908062221170.1345528506780.01409115285310.0-0.1346209215160.9908891206280.003994760369640.0-0.0134252636637-0.005854997412420.9998927348980.0-0.0101495108439-0.1953780837450.2868227965911.072.00.9868536991820.1611947092880.01166370900230.0-0.1611663774780.98692161379-0.003335716553030.0-0.01204886637130.001412066491930.9999264127360.0-0.0101495108439-0.1953780837450.2868227965911.082.170.9954185984950.0924024517078-0.02456828625450.0-0.09325749969040.994980379905-0.03629162926760.00.02109152727040.03841653969040.9990391969070.0-0.0101495108439-0.1953780837450.2868227965911.0109.420.9958430052850.08778298427-0.02430753993820.0-0.08856377737450.995518386116-0.03316022078620.00.02128769979010.03517514147920.9991544141220.0-0.0101495108439-0.1953780837450.2868227965911.0129.640.9017295134560.4322081024420.008946549415450.0-0.4320185317610.9002003793240.05476554829950.00.0156164265323-0.05324878636510.9984591598920.0-0.0101495108439-0.1953780837450.2868227965911.0joint2joint11.00.9998948333520.01442856405450.001462455305630.0-0.0144584840190.9996291046460.02307824482470.0-0.00112892695403-0.02309696264970.9997325921670.00.479564387374-0.4338915885760.07064693088291.021.180.999982888430.00582714960335-0.0005168895201740.0-0.005827621545930.999982599473-0.0009162853540910.00.0005115411941860.0009192819115150.9999994466230.00.479564387374-0.4338915885760.07064693088291.042.680.9995379935380.0302751600003-0.002685919060950.0-0.03028770862070.999529881973-0.004761275956250.00.00254050797060.004840426549880.9999850579330.00.479564387374-0.4338915885760.07064693088291.064.510.9999372405040.0111595312863-0.0009899064931620.0-0.01116125654990.999936171483-0.001754797170620.00.0009702605949710.001765735640760.9999979703840.00.479564387374-0.4338915885760.07064693088291.072.00.995951030957-0.0898869893544-0.001368605362380.00.0898973879490.99584551360.01449733362070.05.9797837189e-05-0.01456166841280.9998939714980.00.479564387374-0.4338915885760.07064693088291.082.170.869422991888-0.494006006693-0.007856623175670.00.492879117090.8661176587360.08312867833020.0-0.0342613063531-0.07614634971970.9965078506020.00.479564387374-0.4338915885760.07064693088291.0109.420.882997354385-0.469319180813-0.007428234622080.00.4683954429630.8800152461850.07860582353250.0-0.0303542609877-0.07288808546480.9968780997880.00.479564387374-0.4338915885760.07064693088291.0129.640.8322643497530.551942360499-0.05191996550370.0-0.5543250408520.827219345879-0.09182539348090.0-0.007733124529520.1052035383950.9944206425320.00.479564387374-0.4338915885760.07064693088291.0joint3joint21.00.9992820567010.03788176738410.0005855386784260.0-0.03787819260810.999268657288-0.005233840573050.0-0.0007833775800950.005207903825440.9999861319320.0-0.614045406055-0.13194364097-0.09796683137091.021.180.999989764242-0.00451717243405-0.0002580012662550.00.004517285368290.9999897007250.0004388350583240.00.0002560163154-0.0004399960318590.999999870430.0-0.614045406055-0.13194364097-0.09796683137091.042.680.999723629366-0.0234705672575-0.001340656163810.00.02347358361690.9997218568190.002280322511450.00.00128676280657-0.002311162301840.9999965013790.0-0.614045406055-0.13194364097-0.09796683137091.064.510.999962458553-0.00865085809454-0.0004941039458560.00.00865127133610.9999622238840.0008404226291030.00.000486814903623-0.0008446657057250.9999995247750.0-0.614045406055-0.13194364097-0.09796683137091.072.00.9997153193470.02385674587040.0003687005697610.0-0.02385540317540.99970998719-0.003295641300170.0-0.0004472169188510.003285907594110.9999945013890.0-0.614045406055-0.13194364097-0.09796683137091.082.170.9906325202950.1365383821680.00211658402130.0-0.1364745859870.990462919828-0.01891802913040.0-0.004679435081080.01845195494850.9998187977060.0-0.614045406055-0.13194364097-0.09796683137091.0109.420.9916248359970.1291362843580.002001173588520.0-0.1290803892630.991472804675-0.01788660664770.0-0.004293919112710.01747849111780.9998380191850.0-0.614045406055-0.13194364097-0.09796683137091.0129.640.898423537277-0.438364100026-0.02592418707480.00.4391122757960.8973506633930.0440703545820.00.00394422514535-0.05097747263720.9986920147730.0-0.614045406055-0.13194364097-0.09796683137091.0joint4joint31.00.994414878135-0.101477953015-0.02900474435770.00.1005971747250.9944636764-0.03036782439450.00.0319258293640.02728042105840.9991178709470.00.124331507838-0.3729945235130.01140992493731.021.180.994414878135-0.101477953015-0.02900474435770.00.1005971747250.9944636764-0.03036782439450.00.0319258293640.02728042105840.9991178709470.00.124331507838-0.3729945235130.01140992493731.042.680.998610101926-0.0428121170007-0.03074064034910.00.04193573357610.998710619381-0.02860931639580.00.0319258293640.02728042105840.9991178709470.00.124331507838-0.3729945235130.01140992493731.064.510.998610101926-0.0428121170007-0.03074064034910.00.04193573357610.998710619381-0.02860931639580.00.0319258293640.02728042105840.9991178709470.00.124331507838-0.3729945235130.01140992493731.072.00.9978253388230.0573218084197-0.03253926063470.0-0.05814173762060.997999333504-0.02483684100750.00.03105046778410.02667471844780.9991618126440.00.124331507838-0.3729945235130.01140992493731.082.170.7998511081430.598733699556-0.04190658443660.0-0.5993487684330.800483438706-0.002705205087650.00.0319258293640.02728042105840.9991178709470.00.124331507838-0.3729945235130.01140992493731.0109.420.7303757997030.68176976176-0.04172748683910.0-0.6823155896250.7310560849190.001561043585160.00.03156940547520.02733116632930.9991278096340.00.124331507838-0.3729945235130.01140992493731.0129.640.3877103034090.92101667123-0.03753680789110.0-0.9212282355910.388566686610.01882732076150.00.0319258293640.02728042105840.9991178709470.00.124331507838-0.3729945235130.01140992493731.0joint7joint61.00.992120228694-0.1246578325920.01256489510420.00.1246873365760.992194809987-0.00158969545350.0-0.01226865572070.003143852321770.9999197949230.0-0.0101494671677-0.195378522653	-0.2868231.021.180.951696022578-0.3067962289850.01227821197060.00.306837042670.951760812088-0.001544609674840.0-0.01121204057260.005237409134310.9999234269140.0-0.0101494671677-0.195378522653	-0.2868231.042.680.9857173918270.1681974961180.008415803577430.0-0.1681613722870.985747621508-0.004835241721640.0-0.009109133910230.003350968780230.9999528962340.0-0.0101494671677-0.195378522653	-0.2868231.064.510.997877103998-0.06422224781980.01080685896140.00.06425819324330.99792876084-0.003012123759470.0-0.01059103001330.003700158565470.9999370674750.0-0.0101494671677-0.195378522653	-0.2868231.072.00.998093858619-0.05969056406520.01567437235030.00.059654860780.9982153134170.002735990576080.0-0.015809711329-0.001795722890850.999873406190.0-0.0101494671677-0.195378522653	-0.2868231.082.170.980786045226-0.1922643424910.03306291119630.00.1916283902690.9812328422310.02146320970230.0-0.0365690242267-0.01471502411160.9992227852350.0-0.0101494671677-0.195378522653	-0.2868231.0109.420.982978487068-0.1811152923550.03083090717760.00.1806836308690.9834065656410.01627735205510.0-0.0332673939194-0.01042964664470.9993920666950.0-0.0101494671677-0.195378522653	-0.2868231.0129.640.9679137023020.2451402892230.05522049886340.0-0.2416894899960.968345116157-0.06240133363470.0-0.06876958136130.04705289165940.9965223379660.0-0.0101494671677-0.195378522653	-0.2868231.0joint8joint71.00.9998742929210.0157935292190.001400996099760.0-0.0157969749890.999872135670.002483524005210.0-0.00136159335339-0.002505343309010.9999959346510.0	0.4795648	-0.433891	-0.0706471.021.180.9998816581280.01532390131180.001359333460210.0-0.0153271461430.9998796287970.002409669577270.0-0.00132224429681-0.002430219115070.9999961728450.0	0.4795648	-0.433891	-0.0706471.042.680.9986682351770.05139024903440.004560521172510.0-0.05142592406730.9986440904970.008084234632960.0-0.00413888668747-0.008307997349180.9999569224710.0	0.4795648	-0.433891	-0.0706471.064.510.9995019811790.03143267524280.002788646131220.0-0.03144619193540.9994932216650.004943365109080.0-0.0026318497157-0.005028595521690.9999838931670.0	0.4795648	-0.433891	-0.0706471.072.00.998757636114-0.04982579498340.0007579305247110.00.04983028104940.998725428649-0.008028777036650.0-0.0003569242895820.008056570265070.9999674816120.0	0.4795648	-0.433891	-0.0706471.082.170.942468584999-0.3342545597930.005182233840120.00.3340234989920.940966416311-0.0548680735630.00.01346359577050.05344242353240.9984801645280.0	0.4795648	-0.433891	-0.0706471.0109.420.963351514367-0.2682103890840.004128795704490.00.2681300895370.962390034528-0.0437227232280.00.007753376768170.04322740599580.9990351728140.0	0.4795648	-0.433891	-0.0706471.0129.640.5624644737230.8223351153840.08601554398220.0-0.823178864470.5471936279640.151511354710.00.0775259497847-0.1560259322120.9847058624720.0	0.4795648	-0.433891	-0.0706471.0joint9joint81.00.99992480429-0.01224323291370.000699295569540.00.01224405895130.999924331269-0.001189435230570.0-0.0006846801221680.001197908006320.9999990481140.0	-0.614046	-0.1319440.0979671.021.180.99992921006-0.01187916268450.0006784997452430.00.01187994048520.999928765038-0.001154064063750.0-0.0006647420975780.001162042904220.9999991038870.0	-0.614046	-0.1319440.0979671.042.680.999203294179-0.0398446373810.002276350787080.00.03985324864880.999198042134-0.003871843052440.0-0.002120253067240.003959478306470.9999899134780.0	-0.614046	-0.1319440.0979671.064.510.999702086251-0.02436803799140.001391930051620.00.0243712877760.999700172598-0.002367538865040.0-0.001333820435840.002400756670510.9999962286380.0	-0.614046	-0.1319440.0979671.072.00.9999126881640.0132126589557-0.0002041854582060.0-0.01321226459350.9999110485360.001825124498960.00.000228282043167-0.001822267391690.9999983136130.0	-0.614046	-0.1319440.0979671.082.170.9959209154340.0902196271744-0.001396092458590.0-0.09019533991770.9958459126950.01247873493650.00.00251611978221-0.01230191208750.9999211629420.0	-0.614046	-0.1319440.0979671.0109.420.9974101053890.0719155370408-0.001112294810420.0-0.07190099715610.9973622211470.009942154545110.00.00182435620615-0.009836430306630.9999499569290.0	-0.614046	-0.1319440.0979671.0129.640.729216500732-0.6829323155560.04297379932880.00.6840287667240.725794693594-0.07298430684390.00.01865318615570.08261667580140.9964068162780.0	-0.614046	-0.1319440.0979671.0joint10joint91.00.9891794639050.145430863118-0.01933525903170.0-0.1463969510410.987067835111-0.06530713295320.00.009587539560620.06743109773360.9976778669210.0	0.1243316	-0.372994-0.011411.021.180.9891794639050.145430863118-0.01933525903170.0-0.1463969510410.987067835111-0.06530713295320.00.009587539560620.06743109773360.9976778669210.0	0.1243316	-0.372994-0.011411.042.680.9891794639050.145430863118-0.01933525903170.0-0.1463969510410.987067835111-0.06530713295320.00.009587539560620.06743109773360.9976778669210.0	0.1243316	-0.372994-0.011411.064.510.9891794639050.145430863118-0.01933525903170.0-0.1463969510410.987067835111-0.06530713295320.00.009587539560620.06743109773360.9976778669210.0	0.1243316	-0.372994-0.011411.072.00.9724868571860.231678506423-0.02437995615310.0-0.2327735138420.970543095334-0.06214974942480.00.009263036987590.06611482255410.9977690245670.0	0.1243316	-0.372994-0.011411.082.170.7320561019050.679184255495-0.05293968975380.0-0.6811768806620.730863731585-0.04285164063560.00.009587539560620.06743109773360.9976778669210.0	0.1243316	-0.372994-0.011411.0109.420.6629974198950.746457556877-0.05688178085870.0-0.748563881880.661973941473-0.03798177926630.00.009302470516070.06776146834440.9976581816690.0	0.1243316	-0.372994-0.011411.0129.640.3377367034220.938874180096-0.06670227215540.0-0.9411917967380.337591944524-0.01377246331250.00.009587539560620.06743109773360.9976778669210.0	0.1243316	-0.372994-0.011411.0