	joint6root1.01.00.00.00.00.01.00.00.00.00.01.00.0-0.01903033283231.249658522650.01.010.00.920458220184-0.390840971362-0.00.00.3908409713620.9204582201840.00.00.0-0.01.00.0-0.3365916702010.9913368399230.01.016.00.940400708255-0.340068387114-0.00.00.3400683871140.9404007082550.00.00.0-0.01.00.0-0.1906678081361.217866291410.01.023.00.96012660372-0.279565564456-0.00.00.2795655644560.960126603720.00.00.0-0.01.00.0-0.0204233023941.482150651490.01.035.00.926542489593-0.376190131422-0.00.00.3761901314220.9265424895930.00.00.0-0.01.00.0-0.1318608673291.313947769710.01.048.471.00.00.00.00.01.00.00.00.00.01.00.0-0.01903033283231.249658522650.01.053.01.00.00.00.00.01.00.00.00.00.01.00.0-0.01903033283231.152162571640.01.062.471.00.00.00.00.01.00.00.00.00.01.00.0-0.01903033283231.249658522650.01.0joint1joint61.00.9985780940960.05212304779210.01117935061820.0-0.05203945327510.998615784356-0.007642678686860.0-0.01156223569270.007050044222770.9999083015870.0-0.0101495108439-0.1953780837450.2868227965911.010.00.4787364215890.877752678480.01901773028240.0-0.8777370375690.478989963009-0.01209579331640.0-0.0197264169063-0.01090186943080.9997459765960.0-0.0101495108439-0.1953780837450.2868227965911.016.00.9923071628210.1229659640490.01434804167340.0-0.1232676321120.9921188843610.02247688072140.0-0.011471071791-0.02407261886030.999644398540.0-0.0101495108439-0.1953780837450.2868227965911.023.00.554562091387-0.8320947556830.008899683234630.00.8301762534030.5539549398370.06277987667840.0-0.0571688296373-0.02742703402360.9979877167190.0-0.0101495108439-0.1953780837450.2868227965911.035.00.979608664620.200628854177-0.01072040455940.0-0.2008497198980.97925577717-0.02678643118680.00.005123887101880.02839341033770.999583693360.0-0.0101495108439-0.1953780837450.2868227965911.048.470.9971070967470.07490242499230.01292533738270.0-0.07494605284080.9971833028180.002923994691880.0-0.0126699163282-0.003884238876590.9999121890990.0-0.0101495108439-0.1953780837450.2868227965911.053.00.9873272978550.158311742920.0110543640250.0-0.1582038920090.987355460505-0.01003609308680.0-0.01250341807120.008160065255990.9998885327230.0-0.0101495108439-0.1953780837450.2868227965911.062.470.9971070967470.07490242499230.01292533738270.0-0.07494605284080.9971833028180.002923994691880.0-0.0126699163282-0.003884238876590.9999121890990.0-0.0101495108439-0.1953780837450.2868227965911.0joint2joint11.00.9998948333520.01442856405450.001462455305630.0-0.0144584840190.9996291046460.02307824482470.0-0.00112892695403-0.02309696264970.9997325921670.00.479564387374-0.4338915885760.07064693088291.010.00.981091591272-0.193521369864-0.002961239665790.00.1935181322730.9805952552650.03136363871750.0-0.00316575676255-0.03134365578680.9995036534330.00.479564387374-0.4338915885760.07064693088291.016.00.99677650578-0.0779364652439-0.01903956169880.00.07713462266970.996228546903-0.0397357813790.00.02206462122930.038139083910.9990288097790.00.479564387374-0.4338915885760.07064693088291.023.00.7741148571730.630141075417-0.06056742504120.0-0.632697071440.766967444431-0.1070296920230.0-0.02099056203320.1211741072020.9924093067120.00.479564387374-0.4338915885760.07064693088291.035.00.920295863779-0.391175377766-0.006111214287190.00.3907271017740.918230582170.06469103421540.0-0.0196940358946-0.06192270825880.9978866284060.00.479564387374-0.4338915885760.07064693088291.048.470.999999989771-0.000143012868107-2.17455142224e-060.00.0001430129181610.9999999895082.30353631418e-050.02.17125704608e-06-2.30356738951e-050.9999999997320.00.479564387374-0.4338915885760.07064693088291.053.00.98411133681-0.177531721071-0.002713811983450.00.1775357863840.9836944842070.0287438044390.0-0.00243337519288-0.02876890255610.9995831275740.00.479564387374-0.4338915885760.07064693088291.062.470.999999989771-0.000143012868107-2.17455142224e-060.00.0001430129181610.9999999895082.30353631418e-050.02.17125704608e-06-2.30356738951e-050.9999999997320.00.479564387374-0.4338915885760.07064693088291.0joint3joint21.00.9992820567010.03788176738410.0005855386784260.0-0.03787819260810.999268657288-0.005233840573050.0-0.0007833775800950.005207903825440.9999861319320.0-0.614045406055-0.13194364097-0.09796683137091.010.00.9986674802530.05160065379820.0007977551058550.0-0.05159367734660.998642701589-0.007130709659170.0-0.001164621594580.00708004872820.9999742579520.0-0.614045406055-0.13194364097-0.09796683137091.016.00.976533864155-0.214938376862-0.01353167800460.00.2151785341210.9763718573080.01990464042110.00.00893367848172-0.02234928206230.9997103075290.0-0.614045406055-0.13194364097-0.09796683137091.023.00.86259749672-0.504985901215-0.03024563153610.00.5058908495110.8610643516240.05140652432760.08.38650922198e-05-0.05964412743180.9982197007820.0-0.614045406055-0.13194364097-0.09796683137091.035.00.9943288523470.106336366690.001646362499080.0-0.1063009069190.994225110296-0.01471554432080.0-0.003201652454170.01445708046940.9998903651130.0-0.614045406055-0.13194364097-0.09796683137091.048.470.9999999992813.79091238808e-055.85821258828e-070.0-3.79091208127e-050.999999999268-5.23639092488e-060.0-5.86019765391e-075.23636871315e-060.9999999999860.0-0.614045406055-0.13194364097-0.09796683137091.053.00.9988808164720.04729249389420.000731098168530.0-0.04728672439360.998859980516-0.006534907750010.0-0.001039316787240.00649302275130.9999783800040.0-0.614045406055-0.13194364097-0.09796683137091.062.470.9999999992813.79091238808e-055.85821258828e-070.0-3.79091208127e-050.999999999268-5.23639092488e-060.0-5.86019765391e-075.23636871315e-060.9999999999860.0-0.614045406055-0.13194364097-0.09796683137091.0joint4joint31.00.994414878135-0.101477953015-0.02900474435770.00.1005971747250.9944636764-0.03036782439450.00.0319258293640.02728042105840.9991178709470.00.124331507838-0.3729945235130.01140992493731.010.00.866207151191-0.499487772352-0.01404053051940.00.4986641280920.865891300278-0.03957705719780.00.0319258293640.02728042105840.9991178709470.00.124331507838-0.3729945235130.01140992493731.016.00.9493591346540.31188718654-0.03799495126710.0-0.3126381172560.949744158991-0.01560256711450.00.03121924227690.02669110964360.9991561157180.00.124331507838-0.3729945235130.01140992493731.023.00.994236252571-0.103230224706-0.02894468484940.00.1023498026750.994283516189-0.03041064498050.00.03191852074180.02727288292080.9991183102570.00.124331507838-0.3729945235130.01140992493731.035.00.969993819481-0.241928232501-0.02413960412220.00.2410673549820.96991836899-0.03383619153960.00.0315993754720.02700162615220.9991358224260.00.124331507838-0.3729945235130.01140992493731.048.470.994414878135-0.101477953015-0.02900474435770.00.1005971747250.9944636764-0.03036782439450.00.0319258293640.02728042105840.9991178709470.00.124331507838-0.3729945235130.01140992493731.053.00.999161127822-0.0265218903432-0.03120304445020.00.02564726242230.999275921835-0.02810426961770.00.0319258293640.02728042105840.9991178709470.00.124331507838-0.3729945235130.01140992493731.062.470.994414878135-0.101477953015-0.02900474435770.00.1005971747250.9944636764-0.03036782439450.00.0319258293640.02728042105840.9991178709470.00.124331507838-0.3729945235130.01140992493731.0joint7joint61.00.992120228694-0.1246578325920.01256489510420.00.1246873365760.992194809987-0.00158969545350.0-0.01226865572070.003143852321770.9999197949230.0-0.0101494671677-0.195378522653	-0.2868231.010.00.9425776098790.3326683673070.02965142068570.0-0.333436282050.9424041268080.0263573061560.0-0.0191753792144-0.03473066611030.9992127329370.0-0.0101494671677-0.195378522653	-0.2868231.023.00.627265168249-0.7779696276940.0360786236930.00.7782543836360.624405241415-0.06661988326250.00.02930056404180.06986667932810.99712593190.0-0.0101494671677-0.195378522653	-0.2868231.035.00.96229205692-0.2710158805530.02333215968990.00.2710870190.9625548369420.0001183600997080.0-0.02249056063240.006211148633350.9997277611010.0-0.0101494671677-0.195378522653	-0.2868231.048.470.99212002464-0.1246595516440.01256395210110.00.1246890618440.992194591992-0.001590433283120.0-0.01226762262880.003144488108580.9999198055990.0-0.0101494671677-0.195378522653	-0.2868231.053.00.997595201447-0.06732962125040.01644798321020.00.06717494061170.997693249820.009782975863410.0-0.0170687258816-0.008654557481880.9998168618460.0-0.0101494671677-0.195378522653	-0.2868231.062.470.99212002464-0.1246595516440.01256395210110.00.1246890618440.992194591992-0.001590433283120.0-0.01226762262880.003144488108580.9999198055990.0-0.0101494671677-0.195378522653	-0.2868231.0joint8joint71.00.9998742929210.0157935292190.001400996099760.0-0.0157969749890.999872135670.002483524005210.0-0.00136159335339-0.002505343309010.9999959346510.0	0.4795648	-0.433891	-0.0706471.010.00.924978615065-0.3799729425230.00592660290550.00.3795749570050.923031214746-0.06273937057230.00.01836882376920.06028216614510.9980123479990.0	0.4795648	-0.433891	-0.0706471.023.00.5923658223610.8014053592660.08277791154030.0-0.8027055807260.5782590954910.1458772400090.00.0690397216843-0.1528589827960.9858334789450.0	0.4795648	-0.433891	-0.0706471.035.00.999975263689-0.007032821268470.0001069370942990.00.007032937931580.999974626953-0.001132799459830.0-9.89676048448e-050.001133523520490.9999993526650.0	0.4795648	-0.433891	-0.0706471.048.470.999874176820.01580082041530.001401642926060.0-0.01580426935220.9998720175510.002484670669730.0-0.00136220370532-0.002506509982910.9999959308960.0	0.4795648	-0.433891	-0.0706471.053.00.987200645674-0.1594645898850.002435108756550.00.1594740151790.986865129306-0.02579253851410.00.001709872658330.02585074724550.9996643512710.0	0.4795648	-0.433891	-0.0706471.062.470.999874176820.01580082041530.001401642926060.0-0.01580426935220.9998720175510.002484670669730.0-0.00136220370532-0.002506509982910.9999959308960.0	0.4795648	-0.433891	-0.0706471.0joint9joint81.00.99992480429-0.01224323291370.000699295569540.00.01224405895130.999924331269-0.001189435230570.0-0.0006846801221680.001197908006320.9999990481140.0	-0.614046	-0.1319440.0979671.010.00.9946660311160.103135528918-0.001596627333410.0-0.1031024932470.9945683549120.01427106489250.00.00305980884631-0.01403032721760.9998968884280.0	-0.614046	-0.1319440.0979671.023.00.748363375675-0.6619986038170.04135343386990.00.6631035778210.745224773247-0.07024017668260.00.01568129551710.07998678568450.9966725696470.0	-0.614046	-0.1319440.0979671.035.00.999998261890.00186423887378-2.88087060575e-050.0-0.001864231394270.9999982291640.0002575085659720.02.9288712521e-05-0.00025745441230.999999966430.0	-0.614046	-0.1319440.0979671.048.470.999924734839-0.01224888532170.0006996181658090.00.01224971211930.999924261377-0.001189984476790.0-0.0006849891943020.001198465033540.9999990472350.0	-0.614046	-0.1319440.0979671.053.00.9990988587920.0424386616763-0.0006560155484020.0-0.04243409790920.9990820602560.005863804933580.00.00090426539937-0.00583068338930.9999825925660.0	-0.614046	-0.1319440.0979671.062.470.999924734839-0.01224888532170.0006996181658090.00.01224971211930.999924261377-0.001189984476790.0-0.0006849891943020.001198465033540.9999990472350.0	-0.614046	-0.1319440.0979671.0joint10joint91.00.9891794639050.145430863118-0.01933525903170.0-0.1463969510410.987067835111-0.06530713295320.00.009587539560620.06743109773360.9976778669210.0	0.1243316	-0.372994-0.011411.010.00.9357012198060.350745679233-0.03795649816350.0-0.3506067674770.9364641866560.01047481314050.00.03921889663080.00350650969310.9992244905610.0	0.1243316	-0.372994-0.011411.023.00.9889186548610.147179506323-0.01944445900720.0-0.1481445721170.986838911983-0.06482397356830.00.009647788343040.06698622780360.9977072543910.0	0.1243316	-0.372994-0.011411.035.00.9580889491170.285081525252-0.02817959437180.0-0.2858035020630.957931730625-0.02613728507960.00.01954287050850.03309567075280.9992611034110.0	0.1243316	-0.372994-0.011411.048.470.9891794639050.145430863118-0.01933525903170.0-0.1463969510410.987067835111-0.06530713295320.00.009587539560620.06743109773360.9976778669210.0	0.1243316	-0.372994-0.011411.053.00.9774818431440.209699451696-0.02356663492550.0-0.2108016257260.975437946267-0.06390217190890.00.009587539560620.06743109773360.9976778669210.0	0.1243316	-0.372994-0.011411.062.470.9891794639050.145430863118-0.01933525903170.0-0.1463969510410.987067835111-0.06530713295320.00.009587539560620.06743109773360.9976778669210.0	0.1243316	-0.372994-0.011411.0