	joint6root1.01.00.00.00.00.01.00.00.00.00.01.00.0-0.01903033283231.249658522650.01.0101.01.00.00.00.00.01.00.00.00.00.01.00.0-0.01903033283231.156066814650.01.0200.01.00.00.00.00.01.00.00.00.00.01.00.0-0.01903033283231.249658522650.01.0joint1joint61.00.9971070967470.07490242499230.01292533738270.0-0.07494605284080.9971833028180.002923994691880.0-0.0126699163282-0.003884238876590.9999121890990.0-0.0101495108439-0.1953780837450.2868227965911.0101.00.9878341317120.1551028438260.01126215173320.0-0.1549999971110.987868806661-0.009498511574930.0-0.01259877455050.007637320448070.9998914652180.0-0.0101495108439-0.1953780837450.2868227965911.0200.00.9971070967470.07490242499230.01292533738270.0-0.07494605284080.9971833028180.002923994691880.0-0.0126699163282-0.003884238876590.9999121890990.0-0.0101495108439-0.1953780837450.2868227965911.0joint2joint11.00.999999989771-0.000143012868107-2.17455142224e-060.00.0001430129181610.9999999895082.30353631418e-050.02.17125704608e-06-2.30356738951e-050.9999999997320.00.479564387374-0.4338915885760.07064693088291.0101.00.985326876264-0.170657982393-0.002607672975960.00.1706644228790.9849420263280.02761991193980.0-0.00214515174057-0.02765967855780.9996150961780.00.479564387374-0.4338915885760.07064693088291.0200.00.999999989771-0.000143012868107-2.17455142224e-060.00.0001430129181610.9999999895082.30353631418e-050.02.17125704608e-06-2.30356738951e-050.9999999997320.00.479564387374-0.4338915885760.07064693088291.0joint3joint21.00.9999999992813.79091238808e-055.85821258828e-070.0-3.79091208127e-050.999999999268-5.23639092488e-060.0-5.86019765391e-075.23636871315e-060.9999999999860.0-0.614045406055-0.13194364097-0.09796683137091.0101.00.9989666339510.04544414967280.0007025043672990.0-0.04543885824920.998947386114-0.006279326088580.0-0.0009871235360610.006240916249820.9999800380770.0-0.614045406055-0.13194364097-0.09796683137091.0200.00.9999999992813.79091238808e-055.85821258828e-070.0-3.79091208127e-050.999999999268-5.23639092488e-060.0-5.86019765391e-075.23636871315e-060.9999999999860.0-0.614045406055-0.13194364097-0.09796683137091.0joint4joint31.00.994414878135-0.101477953015-0.02900474435770.00.1005971747250.9944636764-0.03036782439450.00.0319258293640.02728042105840.9991178709470.00.124331507838-0.3729945235130.01140992493731.0101.00.998993689985-0.0323768536119-0.03103782725230.00.03150156805250.999103357004-0.02828662640130.00.0319258293640.02728042105840.9991178709470.00.124331507838-0.3729945235130.01140992493731.0200.00.994414878135-0.101477953015-0.02900474435770.00.1005971747250.9944636764-0.03036782439450.00.0319258293640.02728042105840.9991178709470.00.124331507838-0.3729945235130.01140992493731.0joint7joint61.00.99212002464-0.1246595516440.01256395210110.00.1246890618440.992194591992-0.001590433283120.0-0.01226762262880.003144488108580.9999198055990.0-0.0101494671677-0.195378522653	-0.2868231.0101.00.997443829157-0.06958188642220.01625326914560.00.0694369037240.9975427977290.009321110489120.0-0.0168619120271-0.00816870745340.9998244586630.0-0.0101494671677-0.195378522653	-0.2868231.0200.00.99212002464-0.1246595516440.01256395210110.00.1246890618440.992194591992-0.001590433283120.0-0.01226762262880.003144488108580.9999198055990.0-0.0101494671677-0.195378522653	-0.2868231.0joint8joint71.00.999874176820.01580082041530.001401642926060.0-0.01580426935220.9998720175510.002484670669730.0-0.00136220370532-0.002506509982910.9999959308960.0	0.4795648	-0.433891	-0.0706471.0101.00.98828601776-0.1525952855380.002329362897170.00.1526060452150.987979074582-0.02467272080340.00.00146357907650.02473917984970.9996928682930.0	0.4795648	-0.433891	-0.0706471.0200.00.999874176820.01580082041530.001401642926060.0-0.01580426935220.9998720175510.002484670669730.0-0.00136220370532-0.002506509982910.9999959308960.0	0.4795648	-0.433891	-0.0706471.0joint9joint81.00.999924734839-0.01224888532170.0006996181658090.00.01224971211930.999924261377-0.001189984476790.0-0.0006849891943020.001198465033540.9999990472350.0	-0.614046	-0.1319440.0979671.0101.00.9991754140930.0405967742619-0.0006275276844610.0-0.04059262659890.9991600351770.005609168529050.00.000854714731851-0.005579070290750.9999840715920.0	-0.614046	-0.1319440.0979671.0200.00.999924734839-0.01224888532170.0006996181658090.00.01224971211930.999924261377-0.001189984476790.0-0.0006849891943020.001198465033540.9999990472350.0	-0.614046	-0.1319440.0979671.0joint10joint91.00.9891794639050.145430863118-0.01933525903170.0-0.1463969510410.987067835111-0.06530713295320.00.009587539560620.06743109773360.9976778669210.0	0.1243316	-0.372994-0.011411.0101.00.978795844240.203524497937-0.02316190922560.0-0.2046137199330.976745015753-0.06404997905870.00.009587539560620.06743109773360.9976778669210.0	0.1243316	-0.372994-0.011411.0200.00.9891794639050.145430863118-0.01933525903170.0-0.1463969510410.987067835111-0.06530713295320.00.009587539560620.06743109773360.9976778669210.0	0.1243316	-0.372994-0.011411.0