	joint6root1.01.00.00.00.00.01.00.00.00.00.01.00.0-0.01903033283231.249658522650.01.07.00.9779038342020.0617813115153-0.1997177022710.0-0.06053181472290.998089710170.01236243741760.00.2000999511738.67361737988e-190.9797754893550.0-0.01903033283231.249658522650.01.017.01.00.00.00.00.01.00.00.00.00.01.00.0-0.01903033283231.249658522650.01.021.00.999050747625-0.0435614929718-0.00.00.04356149297180.9990507476250.00.00.0-0.01.00.0-0.01903033283231.249658522650.01.041.01.00.00.00.00.01.00.00.00.00.01.00.0-0.01903033283231.249658522650.01.0joint1joint61.00.9971070966560.07490242558360.01292534098330.0-0.07494605344410.9971833027730.002923994533780.0-0.0126699199282-0.003884238996330.9999121890530.0-0.0101495108439-0.1953780837450.2868227965911.07.00.97568644162-0.05748518276430.2114980411270.00.05977589720260.998201912782-0.004447857007560.0-0.210862063330.01698219894150.9773683006770.0-0.0101495108439-0.1953780837450.2868227965911.017.00.9971070968380.0749024244010.01292533378210.0-0.07494605223750.9971833028630.002923994849980.0-0.0126699127282-0.003884238756850.9999121891450.0-0.0101495108439-0.1953780837450.2868227965911.021.00.9918541656440.1266766163070.0133547360450.0-0.1267285286620.9919325560740.00311194852470.0-0.0128527863516-0.004779025157140.9999059789810.0-0.0101495108439-0.1953780837450.2868227965911.041.00.9971070968380.0749024244010.01292533378210.0-0.07494605223750.9971833028630.002923994849980.0-0.0126699127282-0.003884238756850.9999121891450.0-0.0101495108439-0.1953780837450.2868227965911.0joint2joint11.00.999999989771-0.000143014386046-2.17457450294e-060.00.0001430144361010.9999999895082.30356076393e-050.02.17128005684e-06-2.30359183992e-050.9999999997320.00.479564387374-0.4338915885760.07064693088291.07.00.999990383566-0.00438501192377-6.66755697014e-050.00.004385057932560.9999901361520.0007063046728670.06.35777576114e-05-0.000706590256970.9999997483440.00.479564387374-0.4338915885760.07064693088291.017.00.999999989772-0.0001430113502-2.17452834204e-060.00.0001430114002530.9999999895092.30351186495e-050.02.1712340358e-06-2.30354293963e-050.9999999997320.00.479564387374-0.4338915885760.07064693088291.021.00.9999981767630.00190210495949-0.0001687228169870.0-0.001902155365290.999998146172-0.0002990934390440.00.000168153597090.0002994138307380.9999999410380.00.479564387374-0.4338915885760.07064693088291.041.00.999999989772-0.0001430113502-2.17452834204e-060.00.0001430114002530.9999999895092.30351186495e-050.02.1712340358e-06-2.30354293963e-050.9999999997320.00.479564387374-0.4338915885760.07064693088291.0joint3joint21.00.9999999992813.79095262484e-055.85827476737e-070.0-3.79095231802e-050.999999999268-5.23644650396e-060.0-5.86025987514e-075.23642429176e-060.9999999999860.0-0.614045406055-0.13194364097-0.09796683137091.07.00.9999993242980.001162360125711.79623097448e-050.0-0.001162357226950.999999311573-0.00016055695130.0-1.81489223772e-050.000160535964190.9999999869490.0-0.614045406055-0.13194364097-0.09796683137091.017.00.9999999992813.79087215217e-055.8581504105e-070.0-3.79087184537e-050.999999999268-5.23633534699e-060.0-5.86013543399e-075.23631313573e-060.9999999999860.0-0.614045406055-0.13194364097-0.09796683137091.021.00.999998909382-0.00147449758231-8.42166025032e-050.00.001474509635950.9999989026510.0001432443296280.08.40052966705e-05-0.0001433683515950.9999999861940.0-0.614045406055-0.13194364097-0.09796683137091.041.00.9999999992813.79087215217e-055.8581504105e-070.0-3.79087184537e-050.999999999268-5.23633534699e-060.0-5.86013543399e-075.23631313573e-060.9999999999860.0-0.614045406055-0.13194364097-0.09796683137091.0joint4joint31.00.996472894492-0.0784842613666-0.02969833766540.00.07760484496320.996542020862-0.02968987527120.00.0319258293640.02728042105840.9991178709470.00.124331507838-0.3729945235130.01140992493731.07.00.999417016560.0112342562146-0.03224001392080.0-0.01210381081810.999564739229-0.02690408619070.00.031923733710.02727862858320.9991179868510.00.124331507838-0.3729945235130.01140992493731.017.00.995216342057-0.0932127820692-0.02925422639990.00.09233254770630.995272448627-0.03012397115870.00.03192386470040.02727875113010.9991179793190.00.124331507838-0.3729945235130.01140992493731.021.00.995216342057-0.0932127820692-0.02925422639990.00.09233254770630.995272448627-0.03012397115870.00.03192386470040.02727875113010.9991179793190.00.124331507838-0.3729945235130.01140992493731.041.00.995216342057-0.0932127820692-0.02925422639990.00.09233254770630.995272448627-0.03012397115870.00.03192386470040.02727875113010.9991179793190.00.124331507838-0.3729945235130.01140992493731.0joint7joint61.00.992120126691-0.1246586919060.01256442384630.00.1246881989970.992194701017-0.001590064290930.0-0.01226813942710.00314417016660.9999198002580.0-0.0101494671677-0.195378522653	-0.2868231.07.00.967778581536-0.1353391853250.2123391674560.00.1341852596730.9907563379890.01990464321780.0-0.2130702541570.00922949894450.9769932871530.0-0.0101494671677-0.195378522653	-0.2868231.017.00.99211992254-0.1246604117830.01256348014430.00.1246899250920.992194482916-0.001590802445420.0-0.01226710559740.003144806197020.9999198109420.0-0.0101494671677-0.195378522653	-0.2868231.021.00.997312274484-0.07219187956960.0125123813750.00.07221641075810.997387829061-0.001519361334970.0-0.01237001134550.002418876981680.9999205627720.0-0.0101494671677-0.195378522653	-0.2868231.041.00.99211992254-0.1246604117830.01256348014430.00.1246899250920.992194482916-0.001590802445420.0-0.01226710559740.003144806197020.9999198109420.0-0.0101494671677-0.195378522653	-0.2868231.0joint8joint71.00.9998742348910.01579717397130.001401319433710.0-0.01580062132410.9998720766310.00248409722180.0-0.00136189845623-0.002505926526760.9999959327740.0	0.4795648	-0.433891	-0.0706471.07.00.9999752732340.007004772858430.0006213510828610.0-0.007005454338740.9999748548810.001101460915030.0-0.000613619975391-0.001105786526110.9999992003530.0	0.4795648	-0.433891	-0.0706471.017.00.9998741187090.01580446853840.001401966567380.0-0.01580791906030.999871958430.002485244381750.0-0.00136250909074-0.002507093710.9999959290170.0	0.4795648	-0.433891	-0.0706471.021.00.9998861699170.01502896771290.001333168838860.0-0.01503208940810.9998842188760.002363288096970.0-0.00129749670256-0.002383059396870.9999963187580.0	0.4795648	-0.433891	-0.0706471.041.00.9998741187090.01580446853840.001401966567380.0-0.01580791906030.999871958430.002485244381750.0-0.00136250909074-0.002507093710.9999959290170.0	0.4795648	-0.433891	-0.0706471.0joint9joint81.00.999924769576-0.01224605847960.0006994566972710.00.01224688489690.999924296335-0.001189709834260.0-0.0006848344896310.001198186497550.9999990476750.0	-0.614046	-0.1319440.0979671.07.00.999985209-0.005430063846660.0003101420561260.00.00543022695680.999985117067-0.0005275225384240.0-0.0003072729592380.0005291988775920.9999998127660.0	-0.614046	-0.1319440.0979671.017.00.999924700078-0.01225171346550.0006997797087060.00.01225254064360.999924226395-0.001190259245790.0-0.0006851439686460.001198743698680.9999990467950.0	-0.614046	-0.1319440.0979671.021.00.999931908951-0.01165052148040.0006654398909720.00.01165126972480.999931481067-0.001131850499770.0-0.000652207647180.001139526650540.9999991380520.0	-0.614046	-0.1319440.0979671.041.00.999924700078-0.01225171346550.0006997797087060.00.01225254064360.999924226395-0.001190259245790.0-0.0006851439686460.001198743698680.9999990467950.0	-0.614046	-0.1319440.0979671.0joint10joint91.00.9891794639050.145430863118-0.01933525903170.0-0.1463969510410.987067835111-0.06530713295320.00.009587539560620.06743109773360.9976778669210.0	0.1243316	-0.372994-0.011411.07.00.9945296675620.103138539556-0.01652821819510.0-0.1040135540380.992378702269-0.06607338238420.00.009587539560620.06743109773360.9976778669210.0	0.1243316	-0.372994-0.011411.017.00.9891794639050.145430863118-0.01933525903170.0-0.1463969510410.987067835111-0.06530713295320.00.009587539560620.06743109773360.9976778669210.0	0.1243316	-0.372994-0.011411.021.00.9891794639050.145430863118-0.01933525903170.0-0.1463969510410.987067835111-0.06530713295320.00.009587539560620.06743109773360.9976778669210.0	0.1243316	-0.372994-0.011411.041.00.9891794639050.145430863118-0.01933525903170.0-0.1463969510410.987067835111-0.06530713295320.00.009587539560620.06743109773360.9976778669210.0	0.1243316	-0.372994-0.011411.0