	joint6root1.00.833718454907-0.552189766247-0.00.00.5521897662470.8337184549070.00.00.0-0.01.00.00.5853732270661.035114494070.01.0100.00.911743982922-0.410758943428-0.00.00.4107589434280.9117439829220.00.00.0-0.01.00.00.4992338999331.071142313560.01.0200.00.833718454907-0.552189766247-0.00.00.5521897662470.8337184549070.00.00.0-0.01.00.00.5853732270661.035114494070.01.0joint1joint61.00.5382986999870.8427265587530.006815919902810.0-0.8424110366290.538292712047-0.02417853435030.0-0.02404485305830.007273467457430.9996844210610.0-0.0101495108439-0.1953780837450.2868227965911.0100.00.631664154320.7750274168270.01824552859050.0-0.7749775807240.63188849889-0.01125496978760.0-0.0202520498335-0.007030514633260.9997701867640.0-0.0101495108439-0.1953780837450.2868227965911.0200.00.5382986999870.8427265587530.006815919902810.0-0.8424110366290.538292712047-0.02417853435030.0-0.02404485305830.007273467457430.9996844210610.0-0.0101495108439-0.1953780837450.2868227965911.0joint2joint11.00.962702891122-0.270549936817-0.002423863308890.00.2703069647030.9613731567420.05192107787860.0-0.0117170072188-0.05063975891780.9986482496650.00.479564387374-0.4338915885760.07064693088291.0100.00.982822551159-0.184531485263-0.002822034611020.00.1845326724340.9823717714390.02988972203660.0-0.00274330766163-0.0298970504540.9995492187170.00.479564387374-0.4338915885760.07064693088291.0200.00.962702891122-0.270549936817-0.002423863308890.00.2703069647030.9613731567420.05192107787860.0-0.0117170072188-0.05063975891780.9986482496650.00.479564387374-0.4338915885760.07064693088291.0joint3joint21.00.9963718707340.08509619114340.001316610451230.0-0.08507493397870.996305054981-0.01176830609910.0-0.002313183673240.01161359861610.9999298842960.0-0.614045406055-0.13194364097-0.09796683137091.0100.00.998789792170.04917695672150.0007602533039440.0-0.04917067539330.998767273079-0.006795506367240.0-0.001093498441750.00674990022380.9999766212810.0-0.614045406055-0.13194364097-0.09796683137091.0200.00.9963718707340.08509619114340.001316610451230.0-0.08507493397870.996305054981-0.01176830609910.0-0.002313183673240.01161359861610.9999298842960.0-0.614045406055-0.13194364097-0.09796683137091.0joint4joint31.00.963404268322-0.267021083719-0.02349375720950.00.2661446170750.963304479112-0.03480694364470.00.0319258293640.02728042105840.9991178709470.00.124331507838-0.3729945235130.01140992493731.0100.00.947473908714-0.319105385983-0.02156258202490.00.3182356575340.947326517766-0.03603519127360.00.0319258293640.02728042105840.9991178709470.00.124331507838-0.3729945235130.01140992493731.0200.00.963404268322-0.267021083719-0.02349375720950.00.2661446170750.963304479112-0.03480694364470.00.0319258293640.02728042105840.9991178709470.00.124331507838-0.3729945235130.01140992493731.0joint7joint61.00.98827548186-0.1511651597050.02146314157180.00.1513343812750.988461370266-0.006482633405140.0-0.02023553801430.009654738902180.9997486229140.0-0.0101494671677-0.195378522653	-0.2868231.0100.00.979852255272-0.1989713430510.01731942500370.00.1990698131560.979976553305-0.004143001729030.0-0.0161482918020.007507304287230.9998414239540.0-0.0101494671677-0.195378522653	-0.2868231.0200.00.98827548186-0.1511651597050.02146314157180.00.1513343812750.988461370266-0.006482633405140.0-0.02023553801430.009654738902180.9997486229140.0-0.0101494671677-0.195378522653	-0.2868231.0joint8joint71.00.9933042216140.1155146789430.001755640134430.0-0.1155188538820.9933021447010.002498745588470.0-0.00145523931644-0.002684824077920.9999953369880.0	0.4795648	-0.433891	-0.0706471.0100.00.9990337634390.04377728382920.003884447073170.0-0.04380329840180.9990164445640.006885821606710.0-0.00357918393726-0.00704931986840.9999687477780.0	0.4795648	-0.433891	-0.0706471.0200.00.9933042216140.1155146789430.001755640134430.0-0.1155188538820.9933021447010.002498745588470.0-0.00145523931644-0.002684824077920.9999953369880.0	0.4795648	-0.433891	-0.0706471.0joint9joint81.00.999913749624-0.01311229984280.0007489364645460.00.01311324684730.999913206239-0.001273870174530.0-0.0007321680938440.001283581291480.9999989081740.0	-0.614046	-0.1319440.0979671.0100.00.999421980266-0.03394033087370.001938891959930.00.03394660063140.99941820696-0.003297863455710.0-0.001825833349220.003361776016580.9999926823710.0	-0.614046	-0.1319440.0979671.0200.00.999913749624-0.01311229984280.0007489364645460.00.01311324684730.999913206239-0.001273870174530.0-0.0007321680938440.001283581291480.9999989081740.0	-0.614046	-0.1319440.0979671.0joint10joint91.00.7959168543640.603465281005-0.04843568477640.0-0.6053300257080.794533008552-0.04788379993940.00.009587539560620.06743109773360.9976778669210.0	0.1243316	-0.372994-0.011411.0100.00.8165857538680.575329267327-0.04673265171040.0-0.5771445102090.815137584224-0.04954728166610.00.009587539560620.06743109773360.9976778669210.0	0.1243316	-0.372994-0.011411.0200.00.7959168543640.603465281005-0.04843568477640.0-0.6053300257080.794533008552-0.04788379993940.00.009587539560620.06743109773360.9976778669210.0	0.1243316	-0.372994-0.011411.0