joint1root1.01.00.0-0.00.0-0.00.11806865769-0.9930054340590.00.00.9930054340590.118068657690.00.00.563062065504-0.2202221216931.0200.01.00.0-0.00.0-0.00.11806865769-0.9930054340590.00.00.9930054340590.118068657690.00.00.563062065504-0.2202221216931.0joint2joint11.00.9930126601150.0117761371941-0.1174188206560.0-6.67868538251e-170.9950084082730.09979111917140.00.118007867753-0.09909384470430.9880559463360.00.00.159466194021-0.003752145741661.065.00.986677402330.0162349152431-0.1618769015580.0-7.1123662515e-170.9950084082730.09979111917140.00.162688978518-0.09846164223970.9817523115720.00.00.159466194021-0.003752145741661.0200.00.9930126601150.0117761371941-0.1174188206560.0-6.67868538251e-170.9950084082730.09979111917140.00.118007867753-0.09909384470430.9880559463360.00.00.159466194021-0.003752145741661.0joint3joint21.00.58182331358-0.02705757145810.8128650069980.0-0.02722701640550.9982382900540.0527162768730.0-0.812859349059-0.05280344777080.580061612720.00.00367082740541-0.00375214574166-0.3883470842621.0130.00.599591505144-0.02588760455350.7998874038820.0-0.02722701640550.9982382900540.0527162768730.0-0.799842932416-0.05338677926390.5978303565930.00.00367082740541-0.00375214574166-0.3883470842621.0200.00.58182331358-0.02705757145810.8128650069980.0-0.02722701640550.9982382900540.0527162768730.0-0.812859349059-0.05280344777080.580061612720.00.00367082740541-0.00375214574166-0.3883470842621.0joint4joint31.00.988852774166-0.148896578283-0.00.00.1488965782830.9888527741660.00.00.0-0.01.00.00.00856526394596-0.00187607287083-0.36020599121.0200.00.988852774166-0.148896578283-0.00.00.1488965782830.9888527741660.00.00.0-0.01.00.00.00856526394596-0.00187607287083-0.36020599121.0joint5joint41.01.00.00.00.00.01.00.00.00.00.01.00.0-0.001861316746940.011256437225-0.1931243558021.0200.01.00.00.00.00.01.00.00.00.00.01.00.0-0.001861316746940.011256437225-0.1931243558021.0joint6joint41.01.00.00.00.00.01.00.00.00.00.01.00.0-0.00191312283540.011256437225-0.4761140004651.0200.01.00.00.00.00.01.00.00.00.00.01.00.0-0.00191312283540.011256437225-0.4761140004651.0