joint1root1.01.00.0-0.00.0-0.00.11806865769-0.9930054340590.00.00.9930054340590.118068657690.00.00.563062065504-0.2202221216931.025.01.00.0-0.00.0-0.00.11806865769-0.9930054340590.00.00.9930054340590.118068657690.00.00.563062065504-0.2202221216931.055.01.00.0-0.00.0-0.00.11806865769-0.9930054340590.00.00.9930054340590.118068657690.00.00.563062065504-0.2202221216931.095.01.00.0-0.00.0-0.00.11806865769-0.9930054340590.00.00.9930054340590.118068657690.00.00.563062065504-0.2202221216931.0125.01.00.0-0.00.0-0.00.11806865769-0.9930054340590.00.00.9930054340590.118068657690.00.00.563062065504-0.2202221216931.0155.01.00.0-0.00.0-0.00.11806865769-0.9930054340590.00.00.9930054340590.118068657690.00.00.563062065504-0.2202221216931.0200.01.00.0-0.00.0-0.00.11806865769-0.9930054340590.00.00.9930054340590.118068657690.00.00.563062065504-0.2202221216931.0joint2joint11.00.9930126601150.0117761371941-0.1174188206560.0-6.67868538251e-170.9950084082730.09979111917140.00.118007867753-0.09909384470430.9880559463360.00.00.159466194021-0.003752145741661.025.00.9997827482360.0020800077717-0.02073957321360.0-5.48606299278e-170.9950084082730.09979111917140.00.0208436160349-0.09976943937480.9947922409420.00.00.159466194021-0.003752145741661.055.00.989094424584-0.0146975141190.1465476111560.0-5.55111512313e-170.9950084082730.09979111917140.0-0.147282786696-0.09870283959540.9841572690370.00.00.159466194021-0.003752145741661.095.00.9930126601150.0117761371941-0.1174188206560.0-6.67868538251e-170.9950084082730.09979111917140.00.118007867753-0.09909384470430.9880559463360.00.00.159466194021-0.003752145741661.0125.00.9372946716250.0347809915248-0.3467981850750.0-4.16333634234e-170.9950084082730.09979111917140.00.348537944194-0.09353368427490.9326160792970.00.00.159466194021-0.003752145741661.0155.00.878834740850.0476129666395-0.4747446720960.0-1.04083408559e-170.9950084082730.09979111917140.00.477126291746-0.08769990235610.8744479566280.00.00.159466194021-0.003752145741661.0200.00.9930126601150.0117761371941-0.1174188206560.0-6.67868538251e-170.9950084082730.09979111917140.00.118007867753-0.09909384470430.9880559463360.00.00.159466194021-0.003752145741661.0joint3joint21.00.58182331358-0.02705757145810.8128650069980.0-0.02722701640550.9982382900540.0527162768730.0-0.812859349059-0.05280344777080.580061612720.00.00367082740541-0.00375214574166-0.3883470842621.025.00.530062231648-0.03029404813310.847417430330.0-0.02722701640550.9982382900540.0527162768730.0-0.847521516044-0.05101555564140.5283035991970.00.00367082740541-0.00375214574166-0.3883470842621.055.00.530062231648-0.03029404813310.847417430330.0-0.02722701640550.9982382900540.0527162768730.0-0.847521516044-0.05101555564140.5283035991970.00.00367082740541-0.00375214574166-0.3883470842621.095.00.58182331358-0.02705757145810.8128650069980.0-0.02722701640550.9982382900540.0527162768730.0-0.812859349059-0.05280344777080.580061612720.00.00367082740541-0.00375214574166-0.3883470842621.0125.00.407111113454-0.03709112654690.9126252186050.0-0.02722701640550.9982382900540.0527162768730.0-0.912972743777-0.0463094439740.4053840210450.00.00367082740541-0.00375214574166-0.3883470842621.0155.00.349509601727-0.03990098870650.9360827684560.0-0.02722701640550.9982382900540.0527162768730.0-0.936537093701-0.04391158582810.3478074823110.00.00367082740541-0.00375214574166-0.3883470842621.0200.00.58182331358-0.02705757145810.8128650069980.0-0.02722701640550.9982382900540.0527162768730.0-0.812859349059-0.05280344777080.580061612720.00.00367082740541-0.00375214574166-0.3883470842621.0joint4joint31.00.988852774166-0.148896578283-0.00.00.1488965782830.9888527741660.00.00.0-0.01.00.00.00856526394596-0.00187607287083-0.36020599121.025.00.988852774166-0.148896578283-0.00.00.1488965782830.9888527741660.00.00.0-0.01.00.00.00856526394596-0.00187607287083-0.36020599121.055.00.988852774166-0.148896578283-0.00.00.1488965782830.9888527741660.00.00.0-0.01.00.00.00856526394596-0.00187607287083-0.36020599121.095.00.988852774166-0.148896578283-0.00.00.1488965782830.9888527741660.00.00.0-0.01.00.00.00856526394596-0.00187607287083-0.36020599121.0125.00.988852774166-0.148896578283-0.00.00.1488965782830.9888527741660.00.00.0-0.01.00.00.00856526394596-0.00187607287083-0.36020599121.0155.00.988852774166-0.148896578283-0.00.00.1488965782830.9888527741660.00.00.0-0.01.00.00.00856526394596-0.00187607287083-0.36020599121.0200.00.988852774166-0.148896578283-0.00.00.1488965782830.9888527741660.00.00.0-0.01.00.00.00856526394596-0.00187607287083-0.36020599121.0joint5joint41.01.00.00.00.00.01.00.00.00.00.01.00.0-0.001861316746940.011256437225-0.1931243558021.025.01.00.00.00.00.01.00.00.00.00.01.00.0-0.001861316746940.011256437225-0.1931243558021.055.01.00.00.00.00.01.00.00.00.00.01.00.0-0.001861316746940.011256437225-0.1931243558021.095.01.00.00.00.00.01.00.00.00.00.01.00.0-0.001861316746940.011256437225-0.1931243558021.0125.01.00.00.00.00.01.00.00.00.00.01.00.0-0.001861316746940.011256437225-0.1931243558021.0155.01.00.00.00.00.01.00.00.00.00.01.00.0-0.001861316746940.011256437225-0.1931243558021.0200.01.00.00.00.00.01.00.00.00.00.01.00.0-0.001861316746940.011256437225-0.1931243558021.0joint6joint41.01.00.00.00.00.01.00.00.00.00.01.00.0-0.00191312283540.011256437225-0.4761140004651.025.01.00.00.00.00.01.00.00.00.00.01.00.0-0.00191312283540.011256437225-0.4761140004651.055.01.00.00.00.00.01.00.00.00.00.01.00.0-0.00191312283540.011256437225-0.4761140004651.095.01.00.00.00.00.01.00.00.00.00.01.00.0-0.00191312283540.011256437225-0.4761140004651.0125.01.00.00.00.00.01.00.00.00.00.01.00.0-0.00191312283540.011256437225-0.4761140004651.0155.01.00.00.00.00.01.00.00.00.00.01.00.0-0.00191312283540.011256437225-0.4761140004651.0200.01.00.00.00.00.01.00.00.00.00.01.00.0-0.00191312283540.011256437225-0.4761140004651.0