joint1root1.00.05400083066640.00.9985408906440.0-0.01.00.00.0-0.998540890644-0.00.05400083066640.00.01.21431494098-0.1716288476671.0joint2joint11.01.00.00.00.00.01.00.00.00.00.01.00.00.0-0.0909753093958-0.4153220646331.0joint3joint21.01.00.00.00.00.01.00.00.00.00.01.00.00.0-0.0474653788152-0.249193238781.0joint4joint31.01.00.00.00.00.01.00.00.00.00.01.00.00.0-0.1067971023340.00395544823461.0joint5joint11.01.00.00.00.00.01.00.00.00.00.01.00.00.00.00.4034557199291.0joint6joint51.01.00.00.00.00.01.00.00.00.00.01.00.00.0-0.0988862058650.3836784787561.0joint12joint11.00.980040530887-0.01096490890120.1984951601210.00.01222510992560.999912140028-0.005124345079040.0-0.1984215323650.007448691023880.980088471770.0	-0.299453-0.0810249409820.05870584766731.0joint13joint121.01.00.00.00.00.00.9425531881540.3340561142990.00.0-0.3340561142990.9425531881540.0-0.0728537417472	-0.449533-0.09340558395211.0joint14joint131.00.966541845972-0.2534694741830.03937112701270.00.2471762907170.9613649862990.1211661851550.0-0.0685619522212-0.1073805791330.9918511329490.00.190541511999	-0.3189240.2442900513351.0joint15joint141.00.9688601195560.239166500318-0.06410502210840.0-0.2471533876570.91841279268-0.3089225553620.0-0.01500905405580.3151465173010.9489243388850.0-0.0579097510806	-0.194392-0.07424487443581.0joint16joint151.01.00.00.00.00.01.00.00.00.00.01.00.0-0.145708168996
-0.1245327-0.1868100861981.0joint7joint11.00.980022957258-0.01322707524460.1984440670020.00.01279121720860.9999121396110.00347819213450.0-0.198472637938-0.0008703669767930.9801060424520.00.299452595253-0.08102609730430.05870557307681.0joint8joint71.01.00.00.00.00.00.9859020717740.1673233542360.00.0-0.1673233542360.9859020717740.00.0-0.449531600892-0.1184576515861.0joint9joint81.01.00.00.00.00.01.00.00.00.00.01.00.00.0-0.3189244465790.3098123195341.0joint10joint91.01.00.0-0.00.0-0.00.994998337666-0.09989148133170.00.00.09989148133170.9949983376660.00.0-0.194392043629-0.09415864613281.0joint11joint101.01.00.00.00.00.01.00.00.00.00.01.00.00.0-0.12453240295-0.2369153031731.0