joint1root1.00.01679829865210.00.9998588986260.0-0.01.00.00.0-0.999858898626-0.00.01679829865210.04.33680868994e-191.21431494098-0.1184155974271.059.00.01679829865213.46944695195e-180.9998588986260.00.05623618006760.998417046827-0.0009448054611780.0-0.998276168810.05624411618970.0167717077320.04.33680868994e-191.11188264883-0.1184155974271.0105.00.01679829865210.00.9998588986260.0-0.01.00.00.0-0.999858898626-0.00.01679829865210.00.01.21431494098-0.1184155974271.0joint2joint11.01.00.00.00.00.01.00.00.00.00.01.00.00.0-0.0909753093958-0.4153220646331.031.01.00.00.00.00.00.9897492249890.1428162162810.00.0-0.1428162162810.9897492249890.00.0-0.0909753093958-0.4153220646331.075.01.00.0-0.00.0-0.00.994289127042-0.1067198755940.00.00.1067198755940.9942891270420.00.0-0.0909753093958-0.4153220646331.0105.01.00.00.00.00.01.00.00.00.00.01.00.00.0-0.0909753093958-0.4153220646331.0joint3joint21.01.00.00.00.00.01.00.00.00.00.01.00.00.0-0.0474653788152-0.249193238781.037.01.00.00.00.00.00.9993445401680.03620069110130.00.0-0.03620069110130.9993445401680.00.0-0.0474653788152-0.249193238781.073.01.00.00.00.00.00.9828414702980.1844522818020.00.0-0.1844522818020.9828414702980.00.0-0.0474653788152-0.249193238781.0105.01.00.00.00.00.01.00.00.00.00.01.00.00.0-0.0474653788152-0.249193238781.0joint4joint31.01.00.00.00.00.01.00.00.00.00.01.00.00.0-0.1067971023340.00395544823461.050.01.00.0-0.00.0-0.00.948699570964-0.3161789430890.00.00.3161789430890.9486995709640.00.0-0.1067971023340.00395544823461.0105.01.00.00.00.00.01.00.00.00.00.01.00.00.0-0.1067971023340.00395544823461.0joint5joint11.01.00.00.00.00.01.00.00.00.00.01.00.00.00.00.4034557199291.023.01.00.0-0.00.0-0.00.998401550113-0.05651853441350.00.00.05651853441350.9984015501130.00.00.00.4034557199291.078.01.00.00.00.00.00.9903838871770.1383465070740.00.0-0.1383465070740.9903838871770.00.00.00.4034557199291.0105.01.00.00.00.00.01.00.00.00.00.01.00.00.00.00.4034557199291.0joint6joint51.01.00.00.00.00.01.00.00.00.00.01.00.00.0-0.0988862058650.3836784787561.032.01.00.0-0.00.0-0.00.996158828679-0.08756476486350.00.00.08756476486350.9961588286790.00.0-0.0988862058650.3836784787561.076.01.00.00.00.00.00.9831914839770.1825773968340.00.0-0.1825773968340.9831914839770.00.0-0.0988862058650.3836784787561.0105.01.00.00.00.00.01.00.00.00.00.01.00.00.0-0.0988862058650.3836784787561.0joint12joint11.00.9456502016480.00.3251856333270.0-0.01.00.00.0-0.325185633327-0.00.9456502016480.0	-0.299453-0.0810249409820.05870584766731.027.00.948348914707-0.04630935669390.3138308134290.00.02060617210.996190789560.0847307291820.0-0.316559191379-0.07388744331030.9456907126940.0	-0.299453-0.0810249409820.05870584766731.052.00.957246580445-0.09391918962510.2736022113330.00.04538098971570.9828717636140.1786159625080.0-0.285691354434-0.1585631801850.9451127805140.0	-0.299453-0.0810249409820.05870584766731.061.00.957949175184-0.09656033991490.2702026619410.00.04700443117180.981764005320.1842010350360.0-0.283061762191-0.1637545071550.9450187829730.0	-0.299453-0.0810249409820.05870584766731.080.00.950248237569-0.06014901961370.3056311215110.00.0271766959480.9934468557780.1110169894290.0-0.310305839767-0.09718765448330.945655775440.0	-0.299453-0.0810249409820.05870584766731.0105.00.9456502016480.00.3251856333270.0-0.01.00.00.0-0.325185633327-0.00.9456502016480.0	-0.299453-0.0810249409820.05870584766731.0joint13joint121.01.00.00.00.00.01.00.00.00.00.01.00.0-0.0728537417472	-0.449533-0.09340558395211.026.00.9955484273980.09425141221651.1643450358e-070.0-0.0935620629460.988267194049-0.1207232104580.0-0.01137844814140.1201857914290.9926862074480.0-0.0728537417472	-0.449533-0.09340558395211.051.00.9777187821350.2099189916622.60881262305e-070.0-0.2022491183280.941995909795-0.2678413710870.0-0.05622523629310.2618734863810.9634630246850.0-0.0728537417472	-0.449533-0.09340558395211.060.00.9755389786040.2198265252982.73394825653e-070.0-0.2110109745280.936417963813-0.2803493636120.0-0.06162848248420.2734916741410.9598980332940.0-0.0728537417472	-0.449533-0.09340558395211.080.00.9913722805150.131076319091.62152809175e-070.0-0.129219110840.977325825807-0.1677398330880.0-0.02198687836210.1662925999080.9858312981420.0-0.0728537417472	-0.449533-0.09340558395211.0105.01.00.00.00.00.01.00.00.00.00.01.00.0-0.0728537417472	-0.449533-0.09340558395211.0joint14joint131.01.00.00.00.00.01.00.00.00.00.01.00.00.190541511999	-0.3189240.2442900513351.024.00.998338015331-0.0576299153585-2.71942745293e-080.00.05747250964880.9956112004230.07385965222790.0-0.00425649843138-0.07373690018120.9972686457380.00.190541511999	-0.3189240.2442900513351.054.00.988592826458-0.150612826399-7.13027915565e-080.00.1477922776390.9700792106350.1926233832210.0-0.0290114830082-0.1904261053990.9812727613850.00.190541511999	-0.3189240.2442900513351.060.00.98817709316-0.153316771928-7.25930013809e-080.00.1503410790140.9689976793870.1960639112740.0-0.0300598156258-0.193745876830.9805911190170.00.190541511999	-0.3189240.2442900513351.081.00.996270712637-0.0862824845548-4.07428859131e-080.00.08575379662930.9901661040090.1105322253260.0-0.00953695468231-0.1101200223890.9938725407030.00.190541511999	-0.3189240.2442900513351.0105.01.00.00.00.00.01.00.00.00.00.01.00.00.190541511999	-0.3189240.2442900513351.0joint15joint140.01.00.00.00.00.01.00.00.00.00.01.00.0-0.0579097510806	-0.194392-0.07424487443581.0joint16joint150.01.00.00.00.00.01.00.00.00.00.01.00.0-0.145708168996
-0.1245327-0.1868100861981.0joint7joint11.00.9456502016480.00.3251856333270.0-0.01.00.00.0-0.325185633327-0.00.9456502016480.00.299452595253-0.08102609730430.05870557307681.024.00.945630706949-0.00689538493630.3251692170880.0-0.01693006710440.9973762529250.07038453614960.0-0.324801383776-0.0720629153430.9430328718180.00.299452595253-0.08102609730430.05870557307681.050.00.945588323982-0.01865588287470.3248302319420.0-0.04102190830010.9835522634290.1759038036640.0-0.322769150615-0.1796577388770.9292702364080.00.299452595253-0.08102609730430.05870557307681.061.00.945583416089-0.01984598348510.3247739831910.0-0.04318614233750.9816526704090.1857228897820.0-0.322501101282-0.1896422200310.927377414030.00.299452595253-0.08102609730430.05870557307681.077.00.945609558793-0.01315045158320.3250378869350.0-0.03039206869680.9912409362940.1285213148690.0-0.323880972705-0.1314095576380.9369272349980.00.299452595253-0.08102609730430.05870557307681.0105.00.9456502016480.00.3251856333270.0-0.01.00.00.0-0.325185633327-0.00.9456502016480.00.299452595253-0.08102609730430.05870557307681.0joint8joint71.01.00.00.00.00.01.00.00.00.00.01.00.00.0-0.449531600892-0.1184576515861.027.01.00.0-0.00.0-0.00.986804548592-0.1619159747490.00.00.1619159747490.9868045485920.00.0-0.449531600892-0.1184576515861.053.01.00.0-0.00.0-0.00.939517654446-0.3425004773480.00.00.3425004773480.9395176544460.00.0-0.449531600892-0.1184576515861.060.01.00.0-0.00.0-0.00.936333962688-0.3511106810080.00.00.3511106810080.9363339626880.00.0-0.449531600892-0.1184576515861.081.01.00.0-0.00.0-0.00.979671269117-0.200609582190.00.00.200609582190.9796712691170.00.0-0.449531600892-0.1184576515861.0105.01.00.00.00.00.01.00.00.00.00.01.00.00.0-0.449531600892-0.1184576515861.0joint9joint81.01.00.00.00.00.01.00.00.00.00.01.00.00.0-0.3189244465790.3098123195341.027.01.00.00.00.00.00.9936284400630.1127054705730.00.0-0.1127054705730.9936284400630.00.0-0.3189244465790.3098123195341.053.01.00.00.00.00.00.9706743600310.2403981838070.00.0-0.2403981838070.9706743600310.00.0-0.3189244465790.3098123195341.060.01.00.00.00.00.00.969122018590.2465816560170.00.0-0.2465816560170.969122018590.00.0-0.3189244465790.3098123195341.081.01.00.00.00.00.00.9901779800730.1398126166640.00.0-0.1398126166640.9901779800730.00.0-0.3189244465790.3098123195341.0105.01.00.00.00.00.01.00.00.00.00.01.00.00.0-0.3189244465790.3098123195341.0joint10joint90.01.00.00.00.00.01.00.00.00.00.01.00.00.0-0.194392043629-0.09415864613281.0joint11joint100.01.00.00.00.00.01.00.00.00.00.01.00.00.0-0.12453240295-0.2369153031731.0