joint1root1.0-0.02626910040730.00.9996549076380.0-0.01.00.00.0-0.999654907638-0.0-0.02626910040730.00.01.21431494098-0.1716288476671.033.0-0.0458153744002-0.01546584742510.9988301952940.0-0.670643439460.741529271456-0.0192799554770.0-0.740363646175-0.670742235988-0.04434551031180.0-0.09066711865921.211173307080.5007572559191.048.0-0.4579039964440.1129852516810.8817926416930.0-0.05622246251430.986224884852-0.1555619208170.0-0.887222049292-0.120808978979-0.4452440070890.00.3084995853311.19260404427-0.09048365726551.062.0-0.116635425225-0.2692367615440.9559852215470.00.1247769072240.9509558050110.2830437781320.0-0.9853054861340.152297810716-0.07732060427090.0-0.1658246038060.8870828882011.066273880011.079.0-0.135888761407-0.9489784483470.2845595703810.0-0.09167484887090.298035910170.9501422621550.0-0.9864735002060.103026699555-0.1274971865220.0-0.2282856897270.4195243510761.294393145631.0joint2joint11.01.00.00.00.00.01.00.00.00.00.01.00.00.0-0.0909753093958-0.4153220646331.015.00.961024698205-0.2731408427420.04272715140.00.2650519677580.9542328226570.1385177770210.0-0.0786065126349-0.1217940893030.9894378282550.00.0-0.0909753093958-0.4153220646331.061.00.671225768483-0.0478800872761-0.739704985090.00.2224131539720.9649404929920.139363675050.00.707098548057-0.2580646086270.6583420851730.00.0-0.0909753093958-0.4153220646331.072.00.740745136995-0.4876778521840.4620248418730.00.2278533878490.8293753741250.5101169693710.0-0.631964774069-0.2725927388690.7254748259250.00.0-0.0909753093958-0.4153220646331.087.00.822354950585-0.5040920658090.263862699970.00.3866733326330.8353405501210.3907555491030.0-0.417391984924-0.2193110907190.8818653958570.00.0-0.0909753093958-0.4153220646331.0joint3joint21.01.00.00.00.00.01.00.00.00.00.01.00.00.0-0.0474653788152-0.249193238781.030.00.889183576757-0.274236724779-0.366260543340.00.3555673254790.9179469596370.1759126383890.00.287966046395-0.2866489108230.9137329796210.00.0-0.0474653788152-0.249193238781.060.00.765008911068-0.351641375737-0.5395458357320.00.4613145795530.8837937169510.07808664783720.00.449388723355-0.3086373417910.8383273624150.00.0-0.0474653788152-0.249193238781.072.00.899584667226-0.284894221597-0.3310327914160.00.3634893339680.9085712653490.2058488762980.00.24212172679-0.3055053817570.920892790250.00.0-0.0474653788152-0.249193238781.086.00.9992589292640.03720568305070.009865568105060.0-0.0378602552360.9962666367690.07758472488280.0-0.00694214367228-0.07790074204010.9969369493760.00.0-0.0474653788152-0.249193238781.095.00.9946738459640.0444168882474-0.09301118316270.0-0.04347424119740.998980815660.01213755722540.00.0934555001442-0.008029320115170.995591080470.00.0-0.0474653788152-0.249193238781.0joint4joint31.01.00.00.00.00.01.00.00.00.00.01.00.00.0-0.1067971023340.00395544823461.017.01.00.00.00.00.00.9968596958050.07918804758390.00.0-0.07918804758390.9968596958050.00.0-0.1067971023340.00395544823461.028.01.00.0-0.00.0-0.00.85978509111-0.5106560457920.00.00.5106560457920.859785091110.00.0-0.1067971023340.00395544823461.046.01.00.0-0.00.0-0.00.855336322402-0.5180731372880.00.00.5180731372880.8553363224020.00.0-0.1067971023340.00395544823461.065.01.00.0-0.00.0-0.00.973566585486-0.228403379190.00.00.228403379190.9735665854860.00.0-0.1067971023340.00395544823461.080.01.00.0-0.00.0-0.00.945713098356-0.3250026701390.00.00.3250026701390.9457130983560.00.0-0.1067971023340.00395544823461.0joint5joint11.01.00.00.00.00.01.00.00.00.00.01.00.00.00.00.4034557199291.062.00.872965461385-0.2747439882370.4030471984240.00.3774236802090.903894211425-0.2013122454560.0-0.3090027003880.3278581941640.8927633144750.00.00.00.4034557199291.073.00.8870416227130.0345895258252-0.4603919246450.00.0807304787720.9702058642270.2284363605420.00.454576450526-0.2398002204410.8578205551890.00.00.00.4034557199291.087.00.8358627959440.00127025604261-0.5489369479340.00.09034343298180.9860430274850.1398471024590.00.541453091665-0.1664858384330.8240819225820.00.00.00.4034557199291.093.00.790215803379-0.00633643086337-0.6127959152390.00.1293707217910.9791361445960.1567023506190.00.599017696261-0.203106523750.7745486037530.00.00.00.4034557199291.0joint6joint51.01.00.00.00.00.01.00.00.00.00.01.00.00.0-0.0988862058650.3836784787561.033.00.829344599298-0.0268283484525-0.5580929809050.00.09830686433360.990271057710.09848346403010.00.550021177811-0.1365410999730.8239133643640.00.0-0.0988862058650.3836784787561.049.00.828312480429-0.1362745227060.5434406032180.00.09830686433360.990271057710.09848346403010.0-0.551574288007-0.0281511407180.8336505971250.00.0-0.0988862058650.3836784787561.066.00.743579450809-0.138864944330.6540689012410.00.09830686433360.990271057710.09848346403010.0-0.661381403397-0.008930817358180.7499965864870.00.0-0.0988862058650.3836784787561.081.00.969404807602-0.1176602191970.2154307123350.0-0.05731903953450.7448675789780.6647456788090.0-0.238681475413-0.6567559383870.7153340413320.00.0-0.0988862058650.3836784787561.0joint12joint1	1.00.980040530887-0.01096490890120.1984951601210.00.01222510992560.999912140028-0.005124345079040.0-0.1984215323650.007448691023880.980088471770.0	-0.299453-0.0810249409820.05870584766731.08.00.977415652859-0.05829878062450.2031253153190.00.06754872143810.996957311438-0.0389010205860.0-0.200239386180.05174332177450.9783796895240.0	-0.299453-0.0810249409820.05870584766731.015.00.949727796468-0.2485376653080.1903841945650.00.2519715552540.9677138072760.006350004031410.0-0.1858156289440.0419406262640.9816891238620.0	-0.299453-0.0810249409820.05870584766731.025.00.832319512293-0.5440301905170.106185598190.00.5373618082560.8389374689940.08617546138390.0-0.135965129664-0.01466543293650.990605071960.0	-0.299453-0.0810249409820.05870584766731.033.00.789685206293-0.6097163761630.06814114469930.00.6058780190380.7925006420770.0696746607780.0-0.096483682606-0.01373582710450.995239783190.0	-0.299453-0.0810249409820.05870584766731.040.00.887598419574-0.458104863199-0.04805184577980.00.4500399269730.884711363433-0.1214490326940.00.09814840650320.08617272031230.9914338871430.0	-0.299453-0.0810249409820.05870584766731.047.00.975554475686-0.156292195863-0.1544869395170.00.11003157410.955913094274-0.2722557784450.00.1902275418280.2486019020610.9497423738160.0	-0.299453-0.0810249409820.05870584766731.057.00.954412628697-0.298281411551-0.01116842457250.00.2910169987990.938185263145-0.1873966873460.00.06637499976780.1756035635780.982220824390.0	-0.299453-0.0810249409820.05870584766731.067.00.991441982024-0.0175472103209-0.1293634093980.0-0.02205649598380.954165146869-0.2984667209010.00.1286713148530.2987657408580.9456123544160.0	-0.299453-0.0810249409820.05870584766731.0joint13joint121.01.00.00.00.00.01.00.00.00.00.01.00.0-0.0728537417472	-0.449533-0.09340558395211.011.00.9957004435370.09263167244391.14427730195e-070.0-0.09197729486960.988666667219-0.1186524266830.0-0.0109910858540.118142263350.9929358497120.0-0.0728537417472	-0.449533-0.09340558395211.017.00.9591552784920.2828801013513.53770089105e-070.0-0.2639715551580.895042940318-0.3594678748570.0-0.1016866255120.3447854162330.933157460960.0-0.0728537417472	-0.449533-0.09340558395211.026.00.877387760010.4797819489986.17264621805e-070.0-0.384381694060.702927993949-0.5984504562570.0-0.2871261601740.5250728680270.8011598163950.0-0.0728537417472	-0.449533-0.09340558395211.036.00.8396196482910.5431747842127.08308241226e-070.0-0.402508353130.622183516837-0.6714720374190.0-0.3647271197270.5637808307950.7410298934340.0-0.0728537417472	-0.449533-0.09340558395211.049.00.9296858160170.3683534762934.65332522417e-070.0-0.326104069690.823053300798-0.4650154833730.0-0.1712904528240.4323181473740.8853025472810.0-0.0728537417472	-0.449533-0.09340558395211.063.00.990962161873-0.133210833923-0.01577553366250.00.133797721860.9731455018420.1873125779810.0-0.0096001750943-0.1877304076870.9821736764280.0-0.0728537417472	-0.449533-0.09340558395211.072.00.964606705562-0.261830066625-0.0312876939910.00.2548952221360.8954449648270.36497498640.0-0.0675450169602-0.3600324029540.9304914505290.0-0.0728537417472	-0.449533-0.09340558395211.0joint14joint13
1.01.00.00.00.00.01.00.00.00.00.01.00.00.190541511999	-0.3189240.2442900513351.012.00.996451306921-0.0841712120322-3.97435391377e-080.00.08368042706180.9906411540320.1078317674210.0-0.00907629118781-0.10744910890.9941691555940.00.190541511999	-0.3189240.2442900513351.021.00.960686391132-0.277635836832-1.32680907698e-070.00.2597710150110.898869666660.352919738920.0-0.0979830477868-0.3390452248090.9356535992990.00.190541511999	-0.3189240.2442900513351.028.00.934068167248-0.357094747839-1.72213387023e-070.00.318671797690.8335633781040.4512431495770.0-0.161136415162-0.4214919165880.892401042110.00.190541511999	-0.3189240.2442900513351.037.00.922673711153-0.385581668065-1.86683725659e-070.00.3369848038680.8063841064370.4859896242170.0-0.187388539429-0.4484099130680.8739645788890.00.190541511999	-0.3189240.2442900513351.045.00.950614366528-0.310374493397-1.48835952049e-070.00.2853140478280.8738590960840.3936574326790.0-0.122181096178-0.374216453460.9192572141120.00.190541511999	-0.3189240.2442900513351.053.00.948816540567-0.315827757402-1.51543964308e-070.00.2894038825680.8694331754220.4004139685760.0-0.126461713971-0.3799194403170.9163343569730.00.190541511999	-0.3189240.2442900513351.062.00.9927396238790.11889965516-0.01819096435870.0-0.1202787607890.982578945341-0.1416744009190.00.001029021160040.1428337781320.989746155810.00.190541511999	-0.3189240.2442900513351.071.00.9412637360160.333649807128-0.05196523323160.0-0.3262582800540.858939703139-0.3946873713050.0-0.08705236330620.388458997290.9173448062030.00.190541511999	-0.3189240.2442900513351.080.00.9298721911850.363465714787-0.05683645164580.0-0.3514474498690.832001378842-0.4292533000280.0-0.1087308513820.4191257326610.901394043790.00.190541511999	-0.3189240.2442900513351.0joint15joint141.01.00.00.00.00.01.00.00.00.00.01.00.0-0.0579097510806	-0.194392-0.07424487443581.025.00.950563120360.2220796368480.2170492780650.0-0.1019789292650.883444001665-0.457304049740.0-0.2933088000670.4125619114990.8624167304640.0-0.0579097510806	-0.194392-0.07424487443581.042.00.730266428887-0.6167825312340.2937520246820.00.5555749705670.7863995008550.2700227344770.0-0.397551751247-0.03398726555810.9169500918050.0-0.0579097510806	-0.194392-0.07424487443581.056.00.864536076918-0.4824536385360.1407688117830.00.5024020061360.82239331924-0.266948408310.00.01302290052320.3015090631010.9533743697680.0-0.0579097510806	-0.194392-0.07424487443581.080.00.9529324371970.0693584151317-0.2951426441370.0-0.1913848002270.892623137576-0.4081614784690.00.2351417197780.4454361284340.8638836884130.0-0.0579097510806	-0.194392-0.07424487443581.0joint16joint150.01.00.00.00.00.01.00.00.00.00.01.00.0-0.145708168996
-0.1245327-0.1868100861981.0joint7joint11.00.980022957258-0.01322707524460.1984440670020.00.01279121720860.9999121396110.00347819213450.0-0.198472637938-0.0008703669767930.9801060424520.00.299452595253-0.08102609730430.05870557307681.09.00.977601658248-0.05486931205440.2031855220870.00.07191415353190.994397411026-0.07747350170910.0-0.197796239380.09035013857190.9760704381070.00.299452595253-0.08102609730430.05870557307681.017.00.96295425738-0.1446734747510.2275712721240.00.201654269670.946617715563-0.2514964335870.0-0.1790381348110.2880702801170.9407235832040.00.299452595253-0.08102609730430.05870557307681.028.00.924161259151-0.2571953810360.282447345640.00.3635860793470.81903127424-0.4438388612120.0-0.1171799043780.5128726038610.8504296339020.00.299452595253-0.08102609730430.05870557307681.038.00.948261086341-0.2406715811370.2070702831510.00.3070088868910.861296817245-0.4048621197070.0-0.08091016933110.447487410590.8906225698140.00.299452595253-0.08102609730430.05870557307681.044.00.996465445064-0.0834601667008-0.009540302244030.00.08136993681180.987193945622-0.1372116872250.00.02086983890380.1359504111880.9904958028790.00.299452595253-0.08102609730430.05870557307681.052.00.9901459958990.0291569123265-0.1369700013440.00.05255156520350.8292424565660.556412869390.00.12980462164-0.558127962650.8195388566190.00.299452595253-0.08102609730430.05870557307681.059.00.886717274717-0.205119595343-0.4143168187810.00.4571576736070.5224849192160.7197335414270.00.0688428368186-0.8276082773860.5570684006660.00.299452595253-0.08102609730430.05870557307681.063.00.820503634567-0.288069342844-0.4937507867090.00.5680189342370.5079427254060.6475713690820.00.0642516615366-0.8117944576190.5803976934560.00.299452595253-0.08102609730430.05870557307681.066.00.831789946245-0.275891274537-0.481673634280.00.5521491526280.5004373355840.6668536469170.00.0570683675821-0.8206378481330.5685918779170.00.299452595253-0.08102609730430.05870557307681.073.00.875961999489-0.226425753663-0.4259365604520.00.4813733445990.4673304182520.7415402775890.00.0311492947205-0.854595610950.5183590099380.00.299452595253-0.08102609730430.05870557307681.080.00.90026277658-0.194069014113-0.3896975120080.00.4347784350470.4465255055310.7820375216880.00.0222406277203-0.8734713450780.486367313670.00.299452595253-0.08102609730430.05870557307681.0joint8joint7
1.01.00.00.00.00.01.00.00.00.00.01.00.00.0-0.449531600892-0.1184576515861.010.01.00.00.00.00.00.9986270330060.05238367063630.00.0-0.05238367063630.9986270330060.00.0-0.449531600892-0.1184576515861.021.01.00.00.00.00.00.9778424808840.2093420229640.00.0-0.2093420229640.9778424808840.00.0-0.449531600892-0.1184576515861.028.01.00.00.00.00.00.9532808723330.3020853827050.00.0-0.3020853827050.9532808723330.00.0-0.449531600892-0.1184576515861.037.01.00.00.00.00.00.9736723642680.2279520279810.00.0-0.2279520279810.9736723642680.00.0-0.449531600892-0.1184576515861.046.01.00.0-0.00.0-0.00.976311343557-0.216370424140.00.00.216370424140.9763113435570.00.0-0.449531600892-0.1184576515861.052.01.00.0-0.00.0-0.00.787172537046-0.61673284080.00.00.61673284080.7871725370460.00.0-0.449531600892-0.1184576515861.058.01.00.0-0.00.0-0.00.904437509769-0.4266061309020.00.00.4266061309020.9044375097690.00.0-0.449531600892-0.1184576515861.065.01.00.0-0.00.0-0.00.998297270163-0.05833146994010.00.00.05833146994010.9982972701630.00.0-0.449531600892-0.1184576515861.075.01.00.0-0.00.0-0.00.973215440333-0.2298949905880.00.00.2298949905880.9732154403330.00.0-0.449531600892-0.1184576515861.0joint9joint8
1.01.00.00.00.00.01.00.00.00.00.01.00.00.0-0.3189244465790.3098123195341.011.01.00.0-0.00.0-0.00.997141769395-0.07555323770180.00.00.07555323770180.9971417693950.00.0-0.3189244465790.3098123195341.023.01.00.0-0.00.0-0.00.958854612626-0.2838975728070.00.00.2838975728070.9588546126260.00.0-0.3189244465790.3098123195341.032.01.00.0-0.00.0-0.00.924662878599-0.3807867657110.00.00.3807867657110.9246628785990.00.0-0.3189244465790.3098123195341.041.01.00.0-0.00.0-0.00.999112939278-0.0421109791890.00.00.0421109791890.9991129392780.00.0-0.3189244465790.3098123195341.047.01.00.00.00.00.00.9843175547830.1764056443150.00.0-0.1764056443150.9843175547830.00.0-0.3189244465790.3098123195341.054.01.00.00.00.00.00.8603772009890.5096577989380.00.0-0.5096577989380.8603772009890.00.0-0.3189244465790.3098123195341.063.01.00.00.00.00.00.9995954703220.02844109195640.00.0-0.02844109195640.9995954703220.00.0-0.3189244465790.3098123195341.070.01.00.00.00.00.00.9951931361680.09793171970660.00.0-0.09793171970660.9951931361680.00.0-0.3189244465790.3098123195341.083.01.00.00.00.00.00.9819122924410.1893363408150.00.0-0.1893363408150.9819122924410.00.0-0.3189244465790.3098123195341.0joint10joint91.01.00.00.00.00.01.00.00.00.00.01.00.00.0-0.194392043629-0.09415864613281.033.01.00.00.00.00.00.9818037253030.1898985123190.00.0-0.1898985123190.9818037253030.00.0-0.194392043629-0.09415864613281.048.00.708309890212-0.5105756722670.4874521333590.00.37790369370.8575187473850.349070760980.0-0.596226381264-0.06304031068780.8003374422780.00.0-0.194392043629-0.09415864613281.069.00.9991714417450.03513269799510.02054564510250.00.002508380292160.450698071175-0.8926729281590.0-0.04062189101210.8919848329270.45023651540.00.0-0.194392043629-0.09415864613281.0joint11joint101.01.00.00.00.00.01.00.00.00.00.01.00.00.0-0.12453240295-0.2369153031731.039.01.00.00.00.00.01.00.00.00.00.01.00.00.0-0.12453240295-0.2369153031731.050.01.00.0-0.00.0-0.00.695964411305-0.718076276030.00.00.718076276030.6959644113050.00.0-0.12453240295-0.2369153031731.0