joint1root1.01.00.00.00.00.01.00.00.00.00.01.00.00.01.21431494098-0.1716288476671.015.00.9912440009330.1320299398770.001850834853680.0-0.1305021499510.9774462339460.1660362870090.00.0201126694338-0.1648240113630.9861179066450.00.006633160491981.21405185972-0.1689204607281.033.00.947241073920.3197591663450.02210030356010.0-0.3016637337330.8660853600270.3986165336470.00.108320541125-0.3842528135030.9168513705530.00.03971909940351.21117330708-0.1392861360351.040.00.961610561120.1554682602470.2261299378650.0-0.2306329661470.9044079432010.3589633786350.0-0.148706300032-0.3973359942550.9055443357450.00.057026227771.20833086744-0.1098818746251.048.00.86784958605-0.2141370345360.4483106360920.00.08259130042380.9519733647420.2948311210090.0-0.489914046632-0.2188425078930.8438555466740.00.1298980971071.19260404427-0.002131627618691.055.00.614782909192-0.6491856686120.4478838490440.00.5842920790220.756325732150.2942348607480.0-0.529759134850.08080442164220.8442901778930.00.4276059136840.7995647223970.3930867136371.062.00.321512139255-0.8358826028220.4448934913110.00.8288420982230.4756193216870.2946303396650.0-0.457876315750.2740192240290.8457320759780.00.6621881416310.4195243510760.6922965283521.080.00.339554027049-0.9051809894020.2556373195360.00.8501156043240.4116452484120.3284077476940.0-0.4025003378890.1058091011420.9092842856420.00.6199507993750.4195243510760.6922965283521.0joint2joint11.01.00.00.00.00.01.00.00.00.00.01.00.00.0-0.0909753093958-0.4153220646331.015.00.961024698205-0.2731408427420.04272715140.00.2650519677580.9542328226570.1385177770210.0-0.0786065126349-0.1217940893030.9894378282550.00.0-0.0909753093958-0.4153220646331.061.00.671225768483-0.0478800872761-0.739704985090.00.2224131539720.9649404929920.139363675050.00.707098548057-0.2580646086270.6583420851730.00.0-0.0909753093958-0.4153220646331.072.00.713613973765-0.5993732209810.3626387161050.00.2334427549380.6915283874080.6835883041540.0-0.660499490245-0.4031627852120.6334036564510.00.0-0.0909753093958-0.4153220646331.087.00.822354950585-0.5040920658090.263862699970.00.3866733326330.8353405501210.3907555491030.0-0.417391984924-0.2193110907190.8818653958570.00.0-0.0909753093958-0.4153220646331.0joint3joint21.01.00.00.00.00.01.00.00.00.00.01.00.00.0-0.0474653788152-0.249193238781.030.00.889183576757-0.274236724779-0.366260543340.00.3555673254790.9179469596370.1759126383890.00.287966046395-0.2866489108230.9137329796210.00.0-0.0474653788152-0.249193238781.060.00.765008911068-0.351641375737-0.5395458357320.00.4613145795530.8837937169510.07808664783720.00.449388723355-0.3086373417910.8383273624150.00.0-0.0474653788152-0.249193238781.072.00.899584667226-0.284894221597-0.3310327914160.00.3634893339680.9085712653490.2058488762980.00.24212172679-0.3055053817570.920892790250.00.0-0.0474653788152-0.249193238781.086.00.9992589292640.03720568305070.009865568105060.0-0.0378602552360.9962666367690.07758472488280.0-0.00694214367228-0.07790074204010.9969369493760.00.0-0.0474653788152-0.249193238781.095.00.9946738459640.0444168882474-0.09301118316270.0-0.04347424119740.998980815660.01213755722540.00.0934555001442-0.008029320115170.995591080470.00.0-0.0474653788152-0.249193238781.0joint4joint31.01.00.00.00.00.01.00.00.00.00.01.00.00.0-0.1067971023340.00395544823461.017.01.00.00.00.00.00.9968596958050.07918804758390.00.0-0.07918804758390.9968596958050.00.0-0.1067971023340.00395544823461.028.01.00.0-0.00.0-0.00.85978509111-0.5106560457920.00.00.5106560457920.859785091110.00.0-0.1067971023340.00395544823461.046.01.00.0-0.00.0-0.00.855336322402-0.5180731372880.00.00.5180731372880.8553363224020.00.0-0.1067971023340.00395544823461.065.01.00.0-0.00.0-0.00.973566585486-0.228403379190.00.00.228403379190.9735665854860.00.0-0.1067971023340.00395544823461.080.01.00.0-0.00.0-0.00.945713098356-0.3250026701390.00.00.3250026701390.9457130983560.00.0-0.1067971023340.00395544823461.0joint5joint11.01.00.00.00.00.01.00.00.00.00.01.00.00.00.00.4034557199291.062.00.872965461385-0.2747439882370.4030471984240.00.3774236802090.903894211425-0.2013122454560.0-0.3090027003880.3278581941640.8927633144750.00.00.00.4034557199291.073.00.8870416227130.0345895258252-0.4603919246450.00.0807304787720.9702058642270.2284363605420.00.454576450526-0.2398002204410.8578205551890.00.00.00.4034557199291.087.00.8358627959440.00127025604261-0.5489369479340.00.09034343298180.9860430274850.1398471024590.00.541453091665-0.1664858384330.8240819225820.00.00.00.4034557199291.093.00.790215803379-0.00633643086337-0.6127959152390.00.1293707217910.9791361445960.1567023506190.00.599017696261-0.203106523750.7745486037530.00.00.00.4034557199291.0joint6joint51.01.00.00.00.00.01.00.00.00.00.01.00.00.0-0.0988862058650.3836784787561.033.00.829344599298-0.0268283484525-0.5580929809050.00.09830686433360.990271057710.09848346403010.00.550021177811-0.1365410999730.8239133643640.00.0-0.0988862058650.3836784787561.049.00.828312480429-0.1362745227060.5434406032180.00.09830686433360.990271057710.09848346403010.0-0.551574288007-0.0281511407180.8336505971250.00.0-0.0988862058650.3836784787561.066.00.743579450809-0.138864944330.6540689012410.00.09830686433360.990271057710.09848346403010.0-0.661381403397-0.008930817358180.7499965864870.00.0-0.0988862058650.3836784787561.081.00.969404807602-0.1176602191970.2154307123350.0-0.05731903953450.7448675789780.6647456788090.0-0.238681475413-0.6567559383870.7153340413320.00.0-0.0988862058650.3836784787561.0joint12joint11.00.980040530887-0.01096490890120.1984951601210.00.01222510992560.999912140028-0.005124345079040.0-0.1984215323650.007448691023880.980088471770.0	-0.299453-0.0810249409820.05870584766731.015.00.949727796468-0.2485376653080.1903841945650.00.2519715552540.9677138072760.006350004031410.0-0.1858156289440.0419406262640.9816891238620.0	-0.299453-0.0810249409820.05870584766731.033.00.789685206293-0.6097163761630.06814114469930.00.6058780190380.7925006420770.0696746607780.0-0.096483682606-0.01373582710450.995239783190.0	-0.299453-0.0810249409820.05870584766731.040.00.885768092167-0.461249593318-0.05161104108990.00.4539405679590.884123420927-0.1107417596460.00.09671012180630.07466317185980.9925082181560.0	-0.299453-0.0810249409820.05870584766731.048.00.98256766177-0.117055486412-0.144425770360.00.070865231960.954053833683-0.291134679030.00.171868871360.2758247551170.9457176087620.0	-0.299453-0.0810249409820.05870584766731.055.00.962472273163-0.258154349809-0.08368664807770.00.2348203381790.946806689812-0.220037498860.00.13603871570.1921286647070.9718950787140.0	-0.299453-0.0810249409820.05870584766731.062.00.989878353493-0.138367885189-0.03154637274740.00.1245427737140.953526419978-0.2743655662050.00.06804368303350.2676596621680.9611078828350.0	-0.299453-0.0810249409820.05870584766731.080.00.9880389172770.1504569717710.03379049557380.0-0.1360135547480.95355240707-0.2687715012710.0-0.07265955457010.2609607376910.9626110754160.0	-0.299453-0.0810249409820.05870584766731.0joint13joint1215.00.975989204420.2178188992162.70856855132e-070.0-0.2092442155120.937568647215-0.2778162882790.0-0.06051389204410.2711456414970.9606342227750.0-0.0728537417472	-0.449533-0.09340558395211.040.00.8579814675670.5136806413636.65449919668e-070.0-0.3956344280820.660814140773-0.6378072362950.0-0.3276296699450.5472265253460.7701960330520.0-0.0728537417472	-0.449533-0.09340558395211.055.00.8999374796980.4360189590315.56530737897e-070.0-0.3650854543660.753532343346-0.5467189575470.0-0.2383802501160.4920126775770.8373161777120.0-0.0728537417472	-0.449533-0.09340558395211.0joint14joint131.01.00.00.00.00.01.00.00.00.00.01.00.00.190541511999	-0.3189240.2442900513351.015.00.988395158809-0.151904608366-7.19191082434e-080.00.1490106350720.9695648995070.1942671775640.0-0.0295100097958-0.1920127485360.9809486549870.00.190541511999	-0.3189240.2442900513351.033.00.922963798303-0.38488677169-1.86328591514e-070.00.3365579153910.8070702980460.4851456519440.0-0.186725993396-0.4477719363590.8744333573230.00.190541511999	-0.3189240.2442900513351.040.00.930634088176-0.365951081328-1.76693201209e-070.00.3245400025990.8253231733960.4620773162230.0-0.1690975477-0.4300249591940.886839643810.00.190541511999	-0.3189240.2442900513351.048.00.963980756218-0.265971994094-1.26964811789e-070.00.2502861939860.9071294608080.3383385322940.0-0.0899884589394-0.3261518659960.9410244617250.00.190541511999	-0.3189240.2442900513351.055.00.951311816145-0.308230155019-1.47772499091e-070.00.2836924460340.8755792186130.3909982455170.0-0.120517320441-0.3719612929740.9203914232560.00.190541511999	-0.3189240.2442900513351.062.00.9927396238790.11889965516-0.01819096435870.0-0.1202787607890.982578945341-0.1416744009190.00.001029021160040.1428337781320.989746155810.00.190541511999	-0.3189240.2442900513351.080.00.9298721911850.363465714787-0.05683645164580.0-0.3514474498690.832001378842-0.4292533000280.0-0.1087308513820.4191257326610.901394043790.00.190541511999	-0.3189240.2442900513351.0joint15joint141.01.00.00.00.00.01.00.00.00.00.01.00.0-0.0579097510806	-0.194392-0.07424487443581.025.00.950563120360.2220796368480.2170492780650.0-0.1019789292650.883444001665-0.457304049740.0-0.2933088000670.4125619114990.8624167304640.0-0.0579097510806	-0.194392-0.07424487443581.042.00.730266428887-0.6167825312340.2937520246820.00.5555749705670.7863995008550.2700227344770.0-0.397551751247-0.03398726555810.9169500918050.0-0.0579097510806	-0.194392-0.07424487443581.056.00.864536076918-0.4824536385360.1407688117830.00.5024020061360.82239331924-0.266948408310.00.01302290052320.3015090631010.9533743697680.0-0.0579097510806	-0.194392-0.07424487443581.080.00.9529324371970.0693584151317-0.2951426441370.0-0.1913848002270.892623137576-0.4081614784690.00.2351417197780.4454361284340.8638836884130.0-0.0579097510806	-0.194392-0.07424487443581.0joint16joint150.01.00.00.00.00.01.00.00.00.00.01.00.0-0.145708168996
-0.1245327-0.1868100861981.0joint7joint11.00.980022957258-0.01322707524460.1984440670020.00.01279121720860.9999121396110.00347819213450.0-0.198472637938-0.0008703669767930.9801060424520.00.299452595253-0.08102609730430.05870557307681.015.00.968207438604-0.1206414242280.2191346677110.00.1666332608980.964409827315-0.2052974460140.0-0.1865682507680.2352856386140.9538516425880.00.299452595253-0.08102609730430.05870557307681.033.00.913249733919-0.2839264982570.2921654789410.00.3943839811950.795957995695-0.4592517223340.0-0.1021577156890.5346368979750.8388844905280.00.299452595253-0.08102609730430.05870557307681.040.00.969948929217-0.2005115800890.1378193780320.00.2364090281880.910608273251-0.3389739578180.0-0.05753126195940.3613691726440.9306462673650.00.299452595253-0.08102609730430.05870557307681.048.00.9952894223920.0258718782345-0.09343239048420.0-0.01407856141480.9920892883730.1247422863480.00.0959205910295-0.1228392844790.9877802136130.00.299452595253-0.08102609730430.05870557307681.062.00.819175912509-0.289964239653-0.4948449899590.00.5698925447130.5086934345250.6453320673510.00.0646011752662-0.810648955710.5819578668260.00.299452595253-0.08102609730430.05870557307681.080.00.90026277658-0.194069014113-0.3896975120080.00.4347784350470.4465255055310.7820375216880.00.0222406277203-0.8734713450780.486367313670.00.299452595253-0.08102609730430.05870557307681.0joint8joint71.01.00.00.00.00.01.00.00.00.00.01.00.00.0-0.449531600892-0.1184576515861.033.01.00.00.00.00.00.9466042209830.3223979665230.00.0-0.3223979665230.9466042209830.00.0-0.449531600892-0.1184576515861.048.01.00.0-0.00.0-0.00.959000409318-0.2834046840250.00.00.2834046840250.9590004093180.00.0-0.449531600892-0.1184576515861.062.01.00.0-0.00.0-0.00.999292661245-0.03760554721770.00.00.03760554721770.9992926612450.00.0-0.449531600892-0.1184576515861.080.01.00.0-0.00.0-0.00.962619347903-0.2708578797860.00.00.2708578797860.9626193479030.00.0-0.449531600892-0.1184576515861.0joint9joint81.01.00.00.00.00.01.00.00.00.00.01.00.00.0-0.3189244465790.3098123195341.033.01.00.0-0.00.0-0.00.924914635052-0.3801748517030.00.00.3801748517030.9249146350520.00.0-0.3189244465790.3098123195341.048.01.00.00.00.00.00.9801548744250.1982332518560.00.0-0.1982332518560.9801548744250.00.0-0.3189244465790.3098123195341.062.01.00.00.00.00.00.9996588229780.02611967922030.00.0-0.02611967922030.9996588229780.00.0-0.3189244465790.3098123195341.080.01.00.00.00.00.00.9819122924410.1893363408150.00.0-0.1893363408150.9819122924410.00.0-0.3189244465790.3098123195341.0joint10joint91.01.00.00.00.00.01.00.00.00.00.01.00.00.0-0.194392043629-0.09415864613281.033.01.00.00.00.00.00.9818037253030.1898985123190.00.0-0.1898985123190.9818037253030.00.0-0.194392043629-0.09415864613281.048.00.708309890212-0.5105756722670.4874521333590.00.37790369370.8575187473850.349070760980.0-0.596226381264-0.06304031068780.8003374422780.00.0-0.194392043629-0.09415864613281.069.00.9991714417450.03513269799510.02054564510250.00.002508380292160.450698071175-0.8926729281590.0-0.04062189101210.8919848329270.45023651540.00.0-0.194392043629-0.09415864613281.0joint11joint101.01.00.00.00.00.01.00.00.00.00.01.00.00.0-0.12453240295-0.2369153031731.039.01.00.00.00.00.01.00.00.00.00.01.00.00.0-0.12453240295-0.2369153031731.050.01.00.0-0.00.0-0.00.695964411305-0.718076276030.00.00.718076276030.6959644113050.00.0-0.12453240295-0.2369153031731.0