hiproot1.02.22044604925e-160.0-1.00.00.01.00.00.01.00.02.22044604925e-160.0-1.23259516441e-320.77707227944-9.29774723169e-321.060.02.22044604925e-160.0-1.00.00.01.00.00.01.00.02.22044604925e-160.0-1.23259516441e-320.759051321796-9.29774723169e-321.0120.02.22044604925e-160.0-1.00.00.01.00.00.01.00.02.22044604925e-160.0-1.23259516441e-320.77707227944-9.29774723169e-321.0leftBackLeghip1.01.00.00.00.00.01.00.00.00.00.01.00.00.181365076255-0.1962288369410.03982802045851.030.00.999992185632-0.00314047911402-0.002401263187070.00.003185091007970.9998180768630.0188060727910.00.00234176626293-0.01881357407530.9998202666290.00.181365076255-0.1962288369410.03982802045851.040.00.999982843503-0.00456062487067-0.00367605777880.00.004662445791930.9995919087430.02818293057260.00.00354602583767-0.02819958647230.9995960229130.00.181365076255-0.1962288369410.03982802045851.060.00.999969091331-0.00598271715724-0.005101321188020.00.006173699151520.9992478886220.03828240487120.00.00486845162587-0.03831271563530.9992539386960.00.181365076255-0.1962288369410.03982802045851.075.00.999977581666-0.00516473340803-0.004261653965110.00.005300053120820.9994616618570.03237739820070.00.00409213912407-0.03239925934570.9994666289530.00.181365076255-0.1962288369410.03982802045851.090.00.999991785888-0.00321652889186-0.002466190970850.00.003263518984860.9998085554640.0192925339280.00.00240366383929-0.0193004239180.9998108401280.00.181365076255-0.1962288369410.03982802045851.0120.01.00.00.00.00.01.00.00.00.00.01.00.00.181365076255-0.1962288369410.03982802045851.0leftBackLeg2leftBackLeg1.01.00.00.00.00.01.00.00.00.00.01.00.0-0.0105480456483-0.228135397859-0.1020198423471.030.00.999988924420.00405894620350.00238243439180.0-0.004087883290980.9999163709010.01226949120480.0-0.00233243394621-0.01227909442680.9999218887450.0-0.0105480456483-0.228135397859-0.1020198423471.040.00.9999754313590.006045309314590.003548367846280.0-0.006109178008690.9998143627050.01827342529690.0-0.00343724062871-0.01829465395450.9998267304960.0-0.0105480456483-0.228135397859-0.1020198423471.060.00.9999552628760.008157533369630.004788203891130.0-0.008273207453930.9996617326420.02465713548070.0-0.00458544279257-0.02469564619550.9996844996160.0-0.0105480456483-0.228135397859-0.1020198423471.075.00.9999677518480.006925947257110.004065282073270.0-0.007009592068840.9997562650640.0209350443870.0-0.00391929620876-0.02096286523940.9997725728380.0-0.0105480456483-0.228135397859-0.1020198423471.090.00.9999883515040.004162601995420.002443276662280.0-0.004193027989470.9999120418340.01258281016190.0-0.00239068452545-0.01259290831850.9999178482690.0-0.0105480456483-0.228135397859-0.1020198423471.0120.01.00.00.00.00.01.00.00.00.00.01.00.0-0.0105480456483-0.228135397859-0.1020198423471.0leftBackLeg3leftBackLeg21.01.00.00.00.00.01.00.00.00.00.01.00.00.00508452386229-0.0302585209471-0.219706479091.030.00.9999942359810.002598523914480.002185332461650.0-0.002486839145810.998763915416-0.04964329657460.0-0.002311630499230.04963757585940.9987646206330.00.00508452386229-0.0302585209471-0.219706479091.040.00.9999872138210.003870196761530.003254807303240.0-0.003619101576180.99725901991-0.07390094255830.0-0.003531897129790.07388821816940.9972602754140.00.00508452386229-0.0302585209471-0.219706479091.060.00.9999767175450.005222458708360.004392071489750.0-0.004758856615480.995011395027-0.09964776490550.0-0.004890567517670.09962454362250.9950130816510.00.00508452386229-0.0302585209471-0.219706479091.075.00.9999832171830.004433986043570.003728957011150.0-0.004102477918060.996402951123-0.08464235741510.0-0.004090846801990.08462563891410.9964044190040.00.00508452386229-0.0302585209471-0.219706479091.090.00.9999939378210.002664884294550.002241141188480.0-0.002547338895670.998699996811-0.05090999345230.0-0.002373896939780.05090397588070.9987007308760.00.00508452386229-0.0302585209471-0.219706479091.0120.01.00.00.00.00.01.00.00.00.00.01.00.00.00508452386229-0.0302585209471-0.219706479091.0leftBackLeg4leftBackLeg31.01.00.00.00.00.01.00.00.00.00.01.00.00.011550367076-0.271986061305-0.00798334739181.030.01.00.00.00.00.01.00.00.00.00.01.00.00.011550367076-0.271986061305-0.00798334739181.040.01.00.00.00.00.01.00.00.00.00.01.00.00.011550367076-0.271986061305-0.00798334739181.060.01.00.00.00.00.01.00.00.00.00.01.00.00.011550367076-0.271986061305-0.00798334739181.075.01.00.00.00.00.01.00.00.00.00.01.00.00.011550367076-0.271986061305-0.00798334739181.090.01.00.00.00.00.01.00.00.00.00.01.00.00.011550367076-0.271986061305-0.00798334739181.0120.01.00.00.00.00.01.00.00.00.00.01.00.00.011550367076-0.271986061305-0.00798334739181.0rightBackLeghip1.01.00.00.00.00.01.00.00.00.00.01.00.0-0.184204589293-0.1962288369410.03982802045851.030.00.999992185632-0.00314047911403-0.002401263187080.00.003185091007970.9998180768630.01880607279110.00.00234176626293-0.01881357407530.9998202666290.0-0.184204589293-0.1962288369410.03982802045851.040.00.999982843503-0.00456062487067-0.003676057778810.00.004662445791930.9995919087430.02818293057260.00.00354602583767-0.02819958647230.9995960229130.0-0.184204589293-0.1962288369410.03982802045851.060.00.999969091331-0.00598271715724-0.005101321188020.00.006173699151520.9992478886220.03828240487120.00.00486845162587-0.03831271563530.9992539386960.0-0.184204589293-0.1962288369410.03982802045851.075.00.999977581666-0.00516473340803-0.004261653965110.00.005300053120820.9994616618570.03237739820070.00.00409213912407-0.03239925934570.9994666289530.0-0.184204589293-0.1962288369410.03982802045851.090.00.999991785888-0.00321652889185-0.002466190970850.00.003263518984860.9998085554640.0192925339280.00.00240366383929-0.0193004239180.9998108401280.0-0.184204589293-0.1962288369410.03982802045851.0120.01.00.00.00.00.01.00.00.00.00.01.00.0-0.184204589293-0.1962288369410.03982802045851.0rightBackLeg2rightBackLeg1.01.00.00.00.00.01.00.00.00.00.01.00.0-0.0105480456483-0.228135397859-0.1020198423471.030.00.999988924420.00405894620350.00238243439180.0-0.004087883290980.9999163709010.01226949120480.0-0.00233243394621-0.01227909442680.9999218887450.0-0.0105480456483-0.228135397859-0.1020198423471.040.00.9999754313590.006045309314590.003548367846280.0-0.006109178008690.9998143627050.01827342529690.0-0.00343724062871-0.01829465395450.9998267304960.0-0.0105480456483-0.228135397859-0.1020198423471.060.00.9999552628760.008157533369630.004788203891130.0-0.008273207453930.9996617326420.02465713548070.0-0.00458544279257-0.02469564619550.9996844996160.0-0.0105480456483-0.228135397859-0.1020198423471.075.00.9999677518480.006925947257110.004065282073270.0-0.007009592068840.9997562650640.0209350443870.0-0.00391929620876-0.02096286523940.9997725728380.0-0.0105480456483-0.228135397859-0.1020198423471.090.00.9999883515040.004162601995420.002443276662280.0-0.004193027989470.9999120418340.01258281016190.0-0.00239068452545-0.01259290831850.9999178482690.0-0.0105480456483-0.228135397859-0.1020198423471.0120.01.00.00.00.00.01.00.00.00.00.01.00.0-0.0105480456483-0.228135397859-0.1020198423471.0rightBackLeg3rightBackLeg21.01.00.00.00.00.01.00.00.00.00.01.00.00.00508452386229-0.0302585209471-0.219706479091.030.00.9999942359810.002598523914480.002185332461650.0-0.002486839145810.998763915416-0.04964329657460.0-0.002311630499230.04963757585940.9987646206330.00.00508452386229-0.0302585209471-0.219706479091.040.00.9999872138210.003870196761530.003254807303240.0-0.003619101576180.99725901991-0.07390094255830.0-0.003531897129790.07388821816940.9972602754140.00.00508452386229-0.0302585209471-0.219706479091.060.00.9999767175450.005222458708360.004392071489750.0-0.004758856615480.995011395027-0.09964776490550.0-0.004890567517670.09962454362250.9950130816510.00.00508452386229-0.0302585209471-0.219706479091.075.00.9999832171830.004433986043570.003728957011150.0-0.004102477918060.996402951123-0.08464235741510.0-0.004090846801990.08462563891410.9964044190040.00.00508452386229-0.0302585209471-0.219706479091.090.00.9999939378210.002664884294550.002241141188480.0-0.002547338895670.998699996811-0.05090999345230.0-0.002373896939780.05090397588070.9987007308760.00.00508452386229-0.0302585209471-0.219706479091.0120.01.00.00.00.00.01.00.00.00.00.01.00.00.00508452386229-0.0302585209471-0.219706479091.0rightBackLeg4rightBackLeg31.01.00.00.00.00.01.00.00.00.00.01.00.00.011550367076-0.271986061305-0.00798334739181.030.01.00.00.00.00.01.00.00.00.00.01.00.00.011550367076-0.271986061305-0.00798334739181.040.01.00.00.00.00.01.00.00.00.00.01.00.00.011550367076-0.271986061305-0.00798334739181.060.01.00.00.00.00.01.00.00.00.00.01.00.00.011550367076-0.271986061305-0.00798334739181.075.01.00.00.00.00.01.00.00.00.00.01.00.00.011550367076-0.271986061305-0.00798334739181.090.01.00.00.00.00.01.00.00.00.00.01.00.00.011550367076-0.271986061305-0.00798334739181.0120.01.00.00.00.00.01.00.00.00.00.01.00.00.011550367076-0.271986061305-0.00798334739181.0fronthiphip1.01.00.00.00.00.01.00.00.00.00.01.00.00.00.0172810023410.4147440561851.030.01.00.00.00.00.01.00.00.00.00.01.00.00.00.0172810023410.4147440561851.040.01.00.00.00.00.01.00.00.00.00.01.00.00.00.0172810023410.4147440561851.060.01.00.00.00.00.01.00.00.00.00.01.00.00.00.0172810023410.4147440561851.075.01.00.00.00.00.01.00.00.00.00.01.00.00.00.0172810023410.4147440561851.090.01.00.00.00.00.01.00.00.00.00.01.00.00.00.0172810023410.4147440561851.0120.01.00.00.00.00.01.00.00.00.00.01.00.00.00.0172810023410.4147440561851.0leftFrontLegfronthip1.01.00.00.00.00.01.00.00.00.00.01.00.00.140147772131-0.207372028092-0.03322591431531.030.00.999996263231-0.000181591367615-0.002727737062350.00.000257607019020.9996108754490.02789321283830.00.00272161046623-0.0278938112920.9996071869130.00.140147772131-0.207372028092-0.03322591431531.040.00.999991488683-9.45024175093e-05-0.004124758251370.00.0002643584977860.9991509442590.04119855218220.00.00411736273891-0.04119929194310.9991424651510.00.140147772131-0.207372028092-0.03322591431531.060.00.9999840247520.000122720926966-0.005651122108590.00.0001890440893280.9984788842330.05513512494390.00.00564929233129-0.05513531245780.9984629100850.00.140147772131-0.207372028092-0.03322591431531.075.00.999988688476-1.95489061841e-05-0.004756315586490.00.0002432452345910.9988931934030.04703540160920.00.00475013177436-0.04703602651830.9988818991540.00.140147772131-0.207372028092-0.03322591431531.090.00.999996064517-0.00017990955167-0.002799746828320.00.0002598911460030.9995910928260.02859334888160.00.00279345777518-0.02859396398240.9995872057090.00.140147772131-0.207372028092-0.03322591431531.0120.01.00.00.00.00.01.00.00.00.00.01.00.00.140147772131-0.207372028092-0.03322591431531.0leftFrontLeg2leftFrontLeg1.01.00.00.00.00.01.00.00.00.00.01.00.00.0217493221879-0.322578710366-0.1248448292021.030.00.999971195670.004371207046930.006204867450650.0-0.003946480244570.997752831397-0.06688581861680.0-0.006483295829010.06685940462870.9977413426770.00.0217493221879-0.322578710366-0.1248448292021.040.00.9999369195940.006468602610440.009182266237980.0-0.005529096941360.995082867633-0.09889143354870.0-0.009776805204670.09883442579680.9950558629330.00.0217493221879-0.322578710366-0.1248448292021.060.00.999886536860.008675150674020.01231483521920.0-0.006968165780110.991164873573-0.1324523992290.0-0.01335507661360.132351558950.9911128627820.00.0217493221879-0.322578710366-0.1248448292021.075.00.99991763410.007391485806380.01049242357490.0-0.006159499066530.993582251281-0.1129441034770.0-0.01125991057480.1128701726610.9935459418350.00.0217493221879-0.322578710366-0.1248448292021.090.00.9999697255740.004481362210060.006361236369360.0-0.00403471841010.997638234847-0.06856874958160.0-0.006653494026130.06854100790460.9976261129560.00.0217493221879-0.322578710366-0.1248448292021.0120.01.00.00.00.00.01.00.00.00.00.01.00.00.0217493221879-0.322578710366-0.1248448292021.0leftFrontLeg3leftFrontLeg21.01.00.00.00.00.01.00.00.00.00.01.00.00.0295529484147-0.230607460450.125200639871.030.01.00.00.00.00.01.00.00.00.00.01.00.00.0295529484147-0.230607460450.125200639871.040.01.00.00.00.00.01.00.00.00.00.01.00.00.0295529484147-0.230607460450.125200639871.060.01.00.00.00.00.00.9853864174880.1703338141150.00.0-0.1703338141150.9853864174880.00.0295529484147-0.230607460450.125200639871.075.01.00.00.00.00.01.00.00.00.00.01.00.00.0295529484147-0.230607460450.125200639871.090.01.00.00.00.00.01.00.00.00.00.01.00.00.0295529484147-0.230607460450.125200639871.0120.01.00.00.00.00.01.00.00.00.00.01.00.00.0295529484147-0.230607460450.125200639871.0rightFrontLegfronthip1.01.00.00.00.00.01.00.00.00.00.01.00.0-0.152560435703-0.207372028092-0.03322591431531.030.00.999997475041-0.0007710740323150.002110771301340.00.0007116360924980.9996072017190.02801670653590.0-0.00213154514889-0.02801513369390.9996052264770.0-0.152560435703-0.207372028092-0.03322591431531.040.00.99999429852-0.001264649931860.003131068111160.00.001133999262280.9991427135240.04138299237510.0-0.0031807188873-0.04137920580190.9991384510440.0-0.152560435703-0.207372028092-0.03322591431531.060.00.99998940743-0.001871407819970.004205099282720.00.001635658062720.9984638274050.05538330060810.0-0.0043022842663-0.05537583585210.9984563120910.0-0.152560435703-0.207372028092-0.03322591431531.075.00.999992454225-0.001507412568190.003580390980570.00.001336577173720.9988823689050.04724644591540.0-0.00364760931065-0.04724130393550.9988768463370.0-0.152560435703-0.207372028092-0.03322591431531.090.00.99999734195-0.0007949609735430.002164285075270.00.0007324766195740.9995872287220.02871995218290.0-0.0021862229617-0.02871829055560.999585154060.0-0.152560435703-0.207372028092-0.03322591431531.0120.01.00.00.00.00.01.00.00.00.00.01.00.0-0.152560435703-0.207372028092-0.03322591431531.0rightFrontLeg2rightFrontLeg1.01.00.00.00.00.01.00.00.00.00.01.00.0-0.0216383201614-0.322578710366-0.1248448292021.030.00.999986601096-0.00128093258064-0.005015659540510.00.0009403329448850.997730310191-0.06733011139010.00.00509052088250.06732449285040.9977181462010.0-0.0216383201614-0.322578710366-0.1248448292021.040.00.999970661635-0.00189541212683-0.007421811259060.00.001147267347030.995032944149-0.09953955915430.00.007573615195540.09952812402470.9950059260530.0-0.0216383201614-0.322578710366-0.1248448292021.060.00.99994724056-0.00254171630099-0.009952676749310.00.001192357778670.991074430574-0.133304356060.00.01020266529680.1332854558460.9910251726780.0-0.0216383201614-0.322578710366-0.1248448292021.075.00.999961695626-0.00216574114938-0.008480380050370.00.001187708384460.993516870527-0.1136785702220.00.008671599005850.1136641436170.9934813867540.0-0.0216383201614-0.322578710366-0.1248448292021.090.00.999985917436-0.00131320414959-0.005142025373730.00.000955163165620.997614559755-0.06902374828820.00.005220401652130.06901786478360.9976017651080.0-0.0216383201614-0.322578710366-0.1248448292021.0120.01.00.00.00.00.01.00.00.00.00.01.00.0-0.0216383201614-0.322578710366-0.1248448292021.0rightFrontLeg3rightFrontLeg21.01.00.00.00.00.01.00.00.00.00.01.00.0-0.0195457280648-0.230607460450.125200639871.030.01.00.00.00.00.01.00.00.00.00.01.00.0-0.0195457280648-0.230607460450.125200639871.040.01.00.00.00.00.01.00.00.00.00.01.00.0-0.0195457280648-0.230607460450.125200639871.060.01.00.00.00.00.00.986614483650.163070109620.00.0-0.163070109620.986614483650.0-0.0195457280648-0.230607460450.125200639871.075.01.00.00.00.00.01.00.00.00.00.01.00.0-0.0195457280648-0.230607460450.125200639871.090.01.00.00.00.00.01.00.00.00.00.01.00.0-0.0195457280648-0.230607460450.125200639871.0120.01.00.00.00.00.01.00.00.00.00.01.00.0-0.0195457280648-0.230607460450.125200639871.0headfronthip1.01.00.00.00.00.01.00.00.00.00.01.00.0-7.45074947298e-170.04239864599120.296709329291.060.01.00.00.00.00.00.9474101572470.3200218647920.00.0-0.3200218647920.9474101572470.0-7.45074947298e-17-0.0002864879645720.2737037566731.0120.01.00.00.00.00.01.00.00.00.00.01.00.0-7.45074947298e-170.04239864599120.296709329291.0explode1head1.01.00.00.00.00.01.00.00.00.00.01.00.0-2.64162493792e-170.16925249830.01060088588951.030.01.00.00.00.00.01.00.00.00.00.01.00.0-2.64162493792e-170.16925249830.01060088588951.040.01.00.00.00.00.01.00.00.00.00.01.00.0-2.64162493792e-170.16925249830.01060088588951.060.01.00.00.00.00.01.00.00.00.00.01.00.0-2.64162493792e-170.16925249830.01060088588951.075.01.00.00.00.00.01.00.00.00.00.01.00.0-2.64162493792e-170.16925249830.01060088588951.090.01.00.00.00.00.01.00.00.00.00.01.00.0-2.64162493792e-170.16925249830.01060088588951.0120.01.00.00.00.00.01.00.00.00.00.01.00.0-2.64162493792e-170.16925249830.01060088588951.0explode2hip1.01.00.00.00.00.01.00.00.00.00.01.00.00.00.3225787103660.2102521951491.030.01.00.00.00.00.01.00.00.00.00.01.00.00.00.3225787103660.2102521951491.040.01.00.00.00.00.01.00.00.00.00.01.00.00.00.3225787103660.2102521951491.060.01.00.00.00.00.01.00.00.00.00.01.00.00.00.3225787103660.2102521951491.075.02.052077617720.00.00.00.02.052077617720.00.00.00.02.052077617720.00.00.3225787103660.2102521951491.090.01.00.00.00.00.01.00.00.00.00.01.00.00.00.3225787103660.2102521951491.0120.01.00.00.00.00.01.00.00.00.00.01.00.00.00.3225787103660.2102521951491.0explode3hip1.01.00.00.00.00.01.00.00.00.00.01.00.00.00.250574533945-0.2476943668881.030.01.390055371890.00.00.00.01.390055371890.00.00.00.01.390055371890.00.00.250574533945-0.2476943668881.040.02.219306949910.00.00.00.02.219306949910.00.00.00.02.219306949910.00.00.250574533945-0.2476943668881.060.01.00.00.00.00.01.00.00.00.00.01.00.00.00.250574533945-0.2476943668881.075.01.00.00.00.00.01.00.00.00.00.01.00.00.00.250574533945-0.2476943668881.090.01.00.00.00.00.01.00.00.00.00.01.00.00.00.250574533945-0.2476943668881.0120.01.00.00.00.00.01.00.00.00.00.01.00.00.00.250574533945-0.2476943668881.0tailhip1.01.00.00.00.00.01.00.00.00.00.01.00.00.0-0.0662438423073-0.4205043902981.030.00.6918954491690.00.7219977059650.0-0.01.00.00.0-0.721997705965-0.00.6918954491690.00.0-0.0662438423073-0.4205043902981.040.00.7706127614640.00.6373036731960.0-0.01.00.00.0-0.637303673196-0.00.7706127614640.00.0-0.0662438423073-0.4205043902981.060.00.999911656520.0-0.0132920711130.00.01.00.00.00.0132920711130.00.999911656520.00.0-0.0662438423073-0.4205043902981.075.00.8654373706990.0-0.5010171228590.00.01.00.00.00.5010171228590.00.8654373706990.00.0-0.0662438423073-0.4205043902981.090.00.7281732746110.0-0.6853930858580.00.01.00.00.00.6853930858580.00.7281732746110.00.0-0.0662438423073-0.4205043902981.0120.01.00.00.00.00.01.00.00.00.00.01.00.00.0-0.0662438423073-0.4205043902981.0explode4tail1.01.00.00.00.00.01.00.00.00.00.01.00.08.75639408542e-17-0.106745361804-0.2974113481151.030.01.629101732310.00.00.00.01.629101732310.00.00.00.01.629101732310.08.75639408542e-17-0.106745361804-0.2974113481151.040.01.89796316760.00.00.00.01.89796316760.00.00.00.01.89796316760.08.75639408542e-17-0.106745361804-0.2974113481151.060.02.291022940470.00.00.00.02.291022940470.00.00.00.02.291022940470.08.75639408542e-17-0.106745361804-0.2974113481151.075.02.048956140850.00.00.00.02.048956140850.00.00.00.02.048956140850.08.75639408542e-17-0.106745361804-0.2974113481151.090.01.645511470230.00.00.00.01.645511470230.00.00.00.01.645511470230.08.75639408542e-17-0.106745361804-0.2974113481151.0120.01.00.00.00.00.01.00.00.00.00.01.00.08.75639408542e-17-0.106745361804-0.2974113481151.0