hiproot1.0-0.0004842055853960.0-0.9999998827720.00.01.00.00.00.9999998827720.0-0.0004842055853960.0-1.23259516441e-320.77707227944-9.29774723169e-321.010.0-0.00164477713256-1.38777878078e-17-0.9999986473530.00.1359898909790.990710199565-0.0002236733654930.00.990708859484-0.135990074926-0.001629497481240.0-1.0949542595e-320.613179912320.1221079345021.020.00.001546713464145.55111512313e-17-0.9999988038380.00.4634113025910.8861430194260.0007167653585210.00.886141959456-0.4634118569070.00137060933930.00.4866902503080.8638969737850.002554662604091.030.0-0.0008335409627465.55111512313e-17-0.9999996526050.00.745459156840.666551017839-0.0006213709591410.00.666550786282-0.745459415809-0.0005555975771290.00.9135415354140.8100924607570.004124020229641.040.00.0004295831968855.55111512313e-17-0.9999999077290.00.9352530646430.3539795808470.0004017690384780.00.353979548185-0.935253150940.0001520636799730.01.324435763131.002462602650.001915491944591.060.06.14603504201e-05-5.55111512313e-17-0.9999999981110.00.987928493713-0.1549105794416.07184315283e-050.0-0.154910579149-0.987928495579-9.52085849626e-060.01.970696587311.17851071874-0.004737063411231.0leftBackLeghip1.01.00.00.00.00.01.00.00.00.00.01.00.00.181365076255-0.1962288369410.03982802045851.010.00.9992158326080.03697276932630.01416806951780.0-0.03909095972840.9780727586780.2045619114080.0-0.00629418247498-0.2049553440630.9787510869510.00.181365076255-0.1962288369410.03982802045851.020.00.9748883196180.2002041911460.09752459238180.0-0.2159040446230.9570277257070.1936062389040.0-0.054572958387-0.2098004148580.9762200459620.00.181365076255-0.1962288369410.03982802045851.030.00.9024965484390.4238955787890.07623987368420.0-0.4300425231870.8771390095380.2137535641770.00.0237362235141-0.2256982415320.9739080528790.00.181365076255-0.1962288369410.03982802045851.040.00.6909938228580.721503675365-0.04427169759380.0-0.6835147821640.6720863783890.2847936841770.00.235234094755-0.1665303168180.9575659633910.00.181365076255-0.1962288369410.03982802045851.060.00.2802341609150.90272884526-0.3264191277960.0-0.9063726053690.3608270666040.2197556102660.00.3161605846610.2342743262530.9193247656650.00.181365076255-0.1962288369410.03982802045851.0leftBackLeg2leftBackLeg1.01.00.00.00.00.01.00.00.00.00.01.00.0-0.0105480456483-0.228135397859-0.1020198423471.010.00.9981867084370.05190199140280.03048734799020.0-0.05604875253040.9861148244840.156320472980.0-0.0219506819677-0.1577457962080.9872357526650.0-0.0105480456483-0.228135397859-0.1020198423471.020.00.9983903001320.0489051154360.02872452413490.0-0.05262015485640.9876829504120.1473550432390.0-0.021164307347-0.1486293347540.9886664720450.0-0.0105480456483-0.228135397859-0.1020198423471.030.00.9991402988560.03574967312820.02099104743510.0-0.03781234179320.9934445712050.1078800757880.0-0.0169967646718-0.1085810518230.993942284630.0-0.0105480456483-0.228135397859-0.1020198423471.040.00.9988984171990.04046404870610.02376158409550.0-0.04307119091370.9915893618160.1220467535310.0-0.0186232282297-0.1229357486510.9922398787960.0-0.0105480456483-0.228135397859-0.1020198423471.060.00.999998860548-0.00138022566637-0.0006114567368330.00.001365469299960.999722676713-0.02350968223440.00.0006437358324690.02350882052090.9997234222330.0-0.0105480456483-0.228135397859-0.1020198423471.0leftBackLeg3leftBackLeg21.01.00.00.00.00.01.00.00.00.00.01.00.00.00508452386229-0.0302585209471-0.219706479091.010.00.9990561071150.0332386880940.02796577282430.0-0.01016381214160.8048037054-0.5934540358760.0-0.042232591190.5926096399720.8043818886910.00.00508452386229-0.0302585209471-0.219706479091.020.00.9991621059420.03131825739860.02634867744170.0-0.01103137693460.826033897674-0.5635124742320.0-0.0394131294410.5627496482860.8256872522820.00.00508452386229-0.0302585209471-0.219706479091.030.00.9995525426180.0228904549090.01925465191410.0-0.01257981171490.905717489559-0.4236951468250.0-0.02713784964750.4232633414080.9056001771950.00.00508452386229-0.0302585209471-0.219706479091.040.00.9994266309750.02591023411030.02179607913190.0-0.01244341920640.879762971554-0.4752496977390.0-0.03148921427450.4747059865340.8795809546220.00.00508452386229-0.0302585209471-0.219706479091.060.00.999999895646.91400897552e-06-0.0004568064896640.07.95936962942e-060.999470061090.03255145035890.00.000456789471151-0.03255145059770.9994699567310.00.00508452386229-0.0302585209471-0.219706479091.0leftBackLeg4leftBackLeg31.01.00.00.00.00.01.00.00.00.00.01.00.00.011550367076-0.271986061305-0.00798334739181.010.01.00.00.00.00.01.00.00.00.00.01.00.00.011550367076-0.271986061305-0.00798334739181.020.01.00.00.00.00.01.00.00.00.00.01.00.00.011550367076-0.271986061305-0.00798334739181.030.01.00.00.00.00.01.00.00.00.00.01.00.00.011550367076-0.271986061305-0.00798334739181.040.01.00.00.00.00.01.00.00.00.00.01.00.00.011550367076-0.271986061305-0.00798334739181.060.01.00.00.00.00.01.00.00.00.00.01.00.00.011550367076-0.271986061305-0.00798334739181.0rightBackLeghip1.01.00.00.00.00.01.00.00.00.00.01.00.0-0.184204589293-0.1962288369410.03982802045851.010.00.985826724682-0.0646140663828-0.1548247116230.00.09423183763150.9767898678880.1923588177560.00.138802124192-0.2042218803590.9690342583740.0-0.184204589293-0.1962288369410.03982802045851.020.00.914293897924-0.223774421194-0.3376265342630.00.288894656560.9445130364570.1563169900350.00.283912919097-0.2404581717920.92820974030.0-0.184204589293-0.1962288369410.03982802045851.030.00.838939272377-0.406345248257-0.3620282260860.00.4838665318090.8614100967570.154420933170.00.249106556836-0.3047231274860.9192876257820.0-0.184204589293-0.1962288369410.03982802045851.040.00.708114063528-0.65193095938-0.2712203849940.00.7047454728930.6763036457430.2143529733670.00.0436839955981-0.3429276934810.9383455150280.0-0.184204589293-0.1962288369410.03982802045851.060.00.430084308376-0.8927166694330.1344783841570.00.8827327758210.4470617653580.14463272260.0-0.1892361862340.0565042128670.9803045137850.0-0.184204589293-0.1962288369410.03982802045851.0rightBackLeg2rightBackLeg1.01.00.00.00.00.01.00.00.00.00.01.00.0-0.0105480456483-0.228135397859-0.1020198423471.010.00.9981481954580.05244955271790.03080948429790.0-0.05667725334140.9858180211890.1579573298460.0-0.0220877535455-0.1594110206920.9869651754880.0-0.0105480456483-0.228135397859-0.1020198423471.020.00.9984287138890.04831872188620.02837964758090.0-0.05195155918310.9879786534690.1455995047680.0-0.0210033040252-0.1468450932290.9889364892720.0-0.0105480456483-0.228135397859-0.1020198423471.030.00.9993322464090.03150911763850.0184996430660.0-0.03313068879510.9949142985390.09512042905420.0-0.0154083986153-0.09566981796330.9952938597130.0-0.0105480456483-0.228135397859-0.1020198423471.040.00.9991385163670.03578669250730.02101279970680.0-0.03785341829580.9934309118270.1079913984950.0-0.0170101098014-0.108693771970.9939297359970.0-0.0105480456483-0.228135397859-0.1020198423471.060.00.9999999997681.85932331671e-051.0913412125e-050.0-1.85938465313e-050.9999999982485.62053786975e-050.0-1.09123670661e-05-5.62055816067e-050.9999999983610.0-0.0105480456483-0.228135397859-0.1020198423471.0rightBackLeg3rightBackLeg21.01.00.00.00.00.01.00.00.00.00.01.00.00.00508452386229-0.0302585209471-0.219706479091.010.00.9990360549610.03358959543670.02826128035440.0-0.00998441767430.800806640323-0.5988397416820.0-0.04274660562640.5979803206570.8003700792850.00.00508452386229-0.0302585209471-0.219706479091.020.00.9991821052450.03094251541710.02603231256130.0-0.01117856184390.83005862387-0.5575640955920.0-0.03886078116460.5568170630270.8297256160980.00.00508452386229-0.0302585209471-0.219706479091.030.00.9996524557050.02017451003280.01696929427170.0-0.01231329013240.926489741436-0.3761185210810.0-0.02330988393920.3757788553910.9264161598070.00.00508452386229-0.0302585209471-0.219706479091.040.00.9995516147690.02291416599550.0192746052870.0-0.01258052911780.905525323429-0.4241056695150.0-0.02717167089740.4236730220640.9054075715810.00.00508452386229-0.0302585209471-0.219706479091.060.00.9999999998791.19033016377e-051.00105296866e-050.0-1.19010239454e-050.999999974051-0.0002274989451770.0-1.00132374154e-050.0002274988260140.9999999740720.00.00508452386229-0.0302585209471-0.219706479091.0rightBackLeg4rightBackLeg31.01.00.00.00.00.01.00.00.00.00.01.00.00.011550367076-0.271986061305-0.00798334739181.010.01.00.00.00.00.01.00.00.00.00.01.00.00.011550367076-0.271986061305-0.00798334739181.020.01.00.00.00.00.01.00.00.00.00.01.00.00.011550367076-0.271986061305-0.00798334739181.030.01.00.00.00.00.01.00.00.00.00.01.00.00.011550367076-0.271986061305-0.00798334739181.040.01.00.00.00.00.01.00.00.00.00.01.00.00.011550367076-0.271986061305-0.00798334739181.060.01.00.00.00.00.01.00.00.00.00.01.00.00.011550367076-0.271986061305-0.00798334739181.0fronthiphip1.01.00.00.00.00.01.00.00.00.00.01.00.0-4.93038065763e-320.0172810023410.4147440561851.010.01.00.00.00.00.01.00.00.00.00.01.00.0-4.93038065763e-320.0172810023410.4147440561851.020.01.00.00.00.00.01.00.00.00.00.01.00.0-4.93038065763e-320.0172810023410.4147440561851.030.01.00.00.00.00.01.00.00.00.00.01.00.0-4.93038065763e-320.0172810023410.4147440561851.040.01.00.00.00.00.01.00.00.00.00.01.00.0-4.93038065763e-320.0172810023410.4147440561851.060.01.00.00.00.00.01.00.00.00.00.01.00.0-4.93038065763e-320.0172810023410.4147440561851.0leftFrontLegfronthip1.01.00.00.00.00.01.00.00.00.00.01.00.00.140147772131-0.207372028092-0.03322591431531.010.00.9961170972480.08801897676120.001840733540230.0-0.08475409725350.9530914654270.2905742616420.00.0238216617556-0.2896019997520.956850672870.00.140147772131-0.207372028092-0.03322591431531.020.00.9758907765610.1713167364310.1352322744060.0-0.1705676085580.985195946779-0.01719410832550.0-0.136175927142-0.006286673919220.9906647236060.00.140147772131-0.207372028092-0.03322591431531.030.00.932148308110.2768881969120.2333076468910.0-0.2720963671420.96080104342-0.05314999484210.0-0.238878836809-0.01393848537750.9709493395390.00.140147772131-0.207372028092-0.03322591431531.040.00.5288737327570.645247395060.5513151312710.0-0.4872508536480.762721554612-0.4252557298250.0-0.694895085908-0.04372218313230.7177807396990.00.140147772131-0.207372028092-0.03322591431531.060.0-0.1322054071390.9570627041440.2579781205050.0-0.3202699215790.205058582689-0.9248665606440.0-0.938055919258-0.2048949926220.279408543790.00.140147772131-0.207372028092-0.03322591431531.0leftFrontLeg2leftFrontLeg1.01.00.00.00.00.01.00.00.00.00.01.00.00.0217493221879-0.322578710366-0.1248448292021.010.00.9944687756520.06036608560840.0859522539620.00.03238950588550.602202147771-0.7976863375590.0-0.09991383368340.7960581065020.5969160049040.00.0217493221879-0.322578710366-0.1248448292021.020.00.9973860306860.04157418738470.05909900791170.00.001707770309860.80410620513-0.594483216240.0-0.07223703560790.5930301828860.8019332970220.00.0217493221879-0.322578710366-0.1248448292021.030.00.9977288739450.03876028456220.05508842379660.0-0.001321972214650.828956250217-0.5593118876050.0-0.06734498114340.5579687944390.8271248260980.00.0217493221879-0.322578710366-0.1248448292021.040.00.998015378090.0362395469520.05149757598060.0-0.003672863742720.849910591226-0.5269141267750.0-0.06286346448530.5256792578740.8483569429630.00.0217493221879-0.322578710366-0.1248448292021.060.00.999834190859-0.00556557980018-0.01733825567570.00.008881411936740.9802638490440.1974940677090.00.0158968962505-0.1976153095780.9801507425440.00.0217493221879-0.322578710366-0.1248448292021.0leftFrontLeg3leftFrontLeg21.01.00.00.00.00.01.00.00.00.00.01.00.00.0295529484147-0.230607460450.125200639871.010.00.98546162501-0.127674461082-0.1120920051560.00.1677531589820.8357085644870.5229245384320.00.0269121400884-0.5341258533620.8449765141620.00.0295529484147-0.230607460450.125200639871.020.00.4165341530440.293592670212-0.8604084165940.00.376767320290.8055700645140.457278096480.00.827372761039-0.5146457180970.2249313209270.00.0295529484147-0.230607460450.125200639871.030.0-0.0425693575471-0.195863580079-0.9797067458160.00.06598265961090.977903666507-0.1983701279520.00.996912302276-0.0730881456311-0.02870513089170.00.0295529484147-0.230607460450.125200639871.040.00.1366516775110.215192815366-0.966963479790.00.03663093959240.9743550428420.2220144696940.00.989941661563-0.06575943053180.1252645360750.00.0295529484147-0.230607460450.125200639871.060.01.00.00.00.00.01.00.00.00.00.01.00.00.0295529484147-0.230607460450.125200639871.0rightFrontLegfronthip1.01.00.00.00.00.01.00.00.00.00.01.00.0-0.152560435703-0.207372028092-0.03322591431531.010.00.998605688683-0.04650766271540.02497430355220.00.03872773335290.9669279796950.2520921354430.0-0.0358725688864-0.2507734423570.9673809174310.0-0.152560435703-0.207372028092-0.03322591431531.020.00.998238185901-0.0581715987805-0.01168714265530.00.05625924600980.990550701897-0.1250767932480.00.01885262439390.1241989213560.9920782259920.0-0.152560435703-0.207372028092-0.03322591431531.030.00.979973294609-0.185919790891-0.0713174116760.00.1684935173240.965072818031-0.2006100459040.00.1061238732460.1845759660770.9770718685310.0-0.152560435703-0.207372028092-0.03322591431531.040.00.352072248015-0.830218171766-0.4321838954060.00.5896991890470.555333020891-0.5863958580560.00.726842485422-0.04840478466770.6850963276840.0-0.152560435703-0.207372028092-0.03322591431531.060.0-0.15455535594-0.9872018849370.03930750981160.00.477025775927-0.109405312406-0.8720532591070.00.865193071546-0.1160298064930.4878299221590.0-0.152560435703-0.207372028092-0.03322591431531.0rightFrontLeg2rightFrontLeg1.01.00.00.00.00.01.00.00.00.00.01.00.0-0.0216383201614-0.322578710366-0.1248448292021.010.00.997449813962-0.0176332520452-0.06915878143430.0-0.04485440144940.598849419487-0.7996045619250.00.05551532489120.8006674972810.5965313130920.0-0.0216383201614-0.322578710366-0.1248448292021.020.00.998615755663-0.0130043182604-0.05096528473040.0-0.02215665314410.774787521908-0.6318333471870.00.04770382859390.6320879555910.7734268944990.0-0.0216383201614-0.322578710366-0.1248448292021.030.00.99830894748-0.0143696244627-0.05632725160770.0-0.0282223700790.727301757716-0.6857373046950.00.05082069665010.6861673754380.7256663073870.0-0.0216383201614-0.322578710366-0.1248448292021.040.00.998402715456-0.0139666729823-0.05474440442020.0-0.02637172460120.74172328477-0.6701873625870.00.04996548719940.6705605870280.7401702163780.0-0.0216383201614-0.322578710366-0.1248448292021.060.00.999969607008-0.001240164246670.007697210683130.00.0003337144574830.9931713258620.1166645024040.0-0.00778933208434-0.116658387950.9931415542740.0-0.0216383201614-0.322578710366-0.1248448292021.0rightFrontLeg3rightFrontLeg21.01.00.00.00.00.01.00.00.00.00.01.00.0-0.0195457280648-0.230607460450.125200639871.010.00.9823771336350.00.1869095163710.0-0.1589491758010.5261252707080.8354204684080.0-0.0983378198988-0.8504070787110.5168534353710.0-0.0195457280648-0.230607460450.125200639871.020.00.839212924841-2.77555756156e-170.5438029668740.0-0.26470267060.8735345810810.4084970401770.0-0.475030696858-0.4867620934870.7330815107380.0-0.0195457280648-0.230607460450.125200639871.030.00.6818909093070.00.7314538863140.0-0.01.00.00.0-0.731453886314-0.00.6818909093070.0-0.0195457280648-0.230607460450.125200639871.040.00.820939504230.00.5710151752750.0-0.01.00.00.0-0.571015175275-0.00.820939504230.0-0.0195457280648-0.230607460450.125200639871.060.01.00.00.00.00.01.00.00.00.00.01.00.0-0.0195457280648-0.230607460450.125200639871.0headfronthip1.01.00.00.00.00.01.00.00.00.00.01.00.0-7.45074947298e-170.04239864599120.296709329291.010.01.00.00.00.00.00.9925497642610.1218399173710.00.0-0.1218399173710.9925497642610.0-7.45074947298e-170.02582706057430.2948707580951.020.01.00.00.00.00.00.9310479901140.3648967526640.00.0-0.3648967526640.9310479901140.0-7.45074947298e-17-0.008278264071980.2910868674271.030.01.00.00.00.00.00.8612849311110.5081222957520.00.0-0.5081222957520.8612849311110.0-7.45074947298e-17-0.02991560991590.2886862642341.040.01.00.00.00.00.00.9230668899130.3846394633250.00.0-0.3846394633250.9230668899130.0-7.45074947298e-17-0.01116746566420.2907663185621.060.01.00.00.00.00.01.00.00.00.00.01.00.0-7.45074947298e-170.04239864599120.296709329291.0explode1head1.01.00.00.00.00.01.00.00.00.00.01.00.0-2.64162493792e-170.16925249830.01060088588951.010.01.200498359740.00.00.00.01.200498359740.00.00.00.01.200498359740.0-2.64162493792e-170.1743098592490.02613682221831.020.01.708206822530.00.00.00.01.708206822530.00.00.00.01.708206822530.0-2.64162493792e-170.1871162730810.06547742516921.030.01.665326023170.00.00.00.01.665326023170.00.00.00.01.665326023170.0-2.64162493792e-170.1958538867960.008563612728651.040.01.711539078180.00.00.00.01.711539078180.00.00.00.01.711539078180.0-2.64162493792e-170.212896978687-0.02246088743811.060.03.537350554540.00.00.00.03.537350554540.00.00.00.03.537350554540.0-2.64162493792e-170.2332545061040.2072115603061.0explode2hip1.01.00.00.00.00.01.00.00.00.00.01.00.0-4.93038065763e-320.3225787103660.2102521951491.010.01.225224546630.00.00.00.01.225224546630.00.00.00.01.225224546630.0-4.93038065763e-320.3404717208690.2063094772391.020.01.795545468050.00.00.00.01.795545468050.00.00.00.01.795545468050.0-4.93038065763e-320.3857809847050.1963255983841.030.01.624160923370.00.00.00.01.624160923370.00.00.00.01.624160923370.0-4.93038065763e-320.3614951638110.2291704257641.040.01.644204050640.00.00.00.01.644204050640.00.00.00.01.644204050640.0-4.93038065763e-320.3549753735740.164839035061.060.04.521217740250.00.00.00.04.521217740250.00.00.00.04.521217740250.0-4.93038065763e-320.5490186769470.1603562360841.0explode3hip1.01.00.00.00.00.01.00.00.00.00.01.00.02.46519032882e-320.250574533945-0.2476943668881.010.01.244207009720.00.00.00.01.244207009720.00.00.00.01.244207009720.02.46519032882e-320.258165385186-0.2682672750931.020.01.862595964880.00.00.00.01.862595964880.00.00.00.01.862595964880.02.46519032882e-320.277387185623-0.3203626606821.030.02.05634065180.00.00.00.02.05634065180.00.00.00.02.05634065180.02.46519032882e-320.24532157834-0.3247316164791.040.01.792715150060.00.00.00.01.792715150060.00.00.00.01.792715150060.02.46519032882e-320.245511065558-0.4124819805981.060.04.907903707940.00.00.00.04.907903707940.00.00.00.04.907903707940.02.46519032882e-320.346638417147-0.5080490144571.0tailhip1.01.00.00.00.00.01.00.00.00.00.01.00.0-4.93038065763e-32-0.0662438423073-0.4205043902981.010.01.00.0-0.00.0-0.00.937171809026-0.348868170470.00.00.348868170470.9371718090260.0-4.93038065763e-32-0.092217904377-0.3780550326311.020.01.00.0-0.00.0-0.00.900723263193-0.4343933737340.00.00.4343933737340.9007232631930.0-4.93038065763e-32-0.100096136999-0.410344359921.030.01.00.0-0.00.0-0.00.958362362297-0.2855548678140.00.00.2855548678140.9583623622970.0-4.93038065763e-32-0.0662438423073-0.4205043902981.040.01.00.00.00.00.00.9934934369540.1138893793530.00.0-0.1138893793530.9934934369540.0-4.93038065763e-32-0.0662438423073-0.4205043902981.060.01.00.00.00.00.01.00.00.00.00.01.00.0-4.93038065763e-32-0.0662438423073-0.4205043902981.0explode4tail1.01.00.00.00.00.01.00.00.00.00.01.00.08.75639408542e-17-0.106745361804-0.2974113481151.010.01.238687788420.00.00.00.01.238687788420.00.00.00.01.238687788420.08.75639408542e-17-0.0971955958202-0.320456119331.020.01.843100768930.00.00.00.01.843100768930.00.00.00.01.843100768930.08.75639408542e-17-0.0730133678729-0.3788108399691.030.01.659812827930.00.00.00.01.659812827930.00.00.00.01.659812827930.08.75639408542e-17-0.0478543099174-0.4395227723731.040.01.595168898480.00.00.00.01.595168898480.00.00.00.01.595168898480.08.75639408542e-17-0.0369144186655-0.4229172317151.060.05.075071319150.00.00.00.05.075071319150.00.00.00.05.075071319150.08.75639408542e-17-0.0839435719204-0.5935394427571.0