hiproot1.04.4408920985e-16-0.9998405993450.01785429641690.0-4.99600361081e-160.01785429641690.9998405993450.0-1.0-4.99600361081e-16-6.66133814775e-160.00.00.777072279440.01.030.00.0-0.6690070433470.7432560635150.0-7.77156117238e-160.7432560635150.6690070433470.0-1.0-5.55111512313e-16-4.4408920985e-160.00.00.714075799357-0.1439956871661.045.00.0-0.7504328722030.6609466728240.0-6.66133814775e-160.6609466728240.7504328722030.0-1.0-5.55111512313e-16-6.66133814775e-160.00.00.569659423348-0.1112128138371.060.00.0-0.7469427459750.6648883622340.0-7.21644966006e-160.6648883622340.7469427459750.0-1.0-4.4408920985e-16-4.4408920985e-160.00.00.464923037018-0.07842994050841.065.00.0-0.7469427459750.6648883622340.0-7.21644966006e-160.6648883622340.7469427459750.0-1.0-4.4408920985e-16-4.4408920985e-160.00.00.464923037018-0.07842994050841.0leftBackLeghip1.00.930317585946-0.3667549444510.00.0-0.366754944451-0.9303175859461.49011613163e-080.0-5.46507459081e-09-1.38628124236e-08-1.00.00.1969086592190.0363181440257-0.1813650762551.030.00.837380505752-0.5413509661430.07571670913320.0-0.542909459406-0.8397912353011.46089090616e-080.00.0635862207873-0.0411073298567-0.997129369720.00.1662293037520.071563520379-0.2065479154211.045.00.75617148943-0.64228143430.1252167629650.0-0.647376673294-0.7621702190951.41037845847e-080.00.0954364786047-0.0810624221137-0.9921294080270.00.146087728880.0947027740299-0.2230809241061.060.00.700505169924-0.6966323513280.1549060166440.0-0.705143997215-0.7090641319321.36832875863e-080.00.109838290691-0.109231057354-0.9879292110310.00.1339494434480.108647605352-0.2330445128221.065.00.700505169924-0.6966323513280.1549060166440.0-0.705143997215-0.7090641319321.36832875863e-080.00.109838290691-0.109231057354-0.9879292110310.00.1339494434480.108647605352-0.2330445128221.0leftBackLeg2leftBackLeg1.00.451388233590.8923276654770.00.0-0.8923276654770.451388233590.00.00.00.01.00.00.2494141577370.0156966848036-0.01054804541441.030.00.4596434310060.854409790177-0.242305234740.0-0.8879936686640.446442030967-0.1102576863450.00.0139699944560.265844735580.9639146309810.00.2424337458250.105569741203-0.009737145934121.045.00.3130826144120.855992259367-0.4114079829760.0-0.9446604213120.325358479036-0.04193505127590.00.09795899631580.4017699740180.9104860916120.00.2298674492990.0386612856209-0.009938576282911.060.0-0.05112591174570.854301272688-0.5172576501430.0-0.998691783058-0.04325215923820.02727587165540.00.0009293016177750.5179754687280.8553949673650.00.2131742876180.0137260658278-0.01054804565521.065.0-0.05112591174570.854301272688-0.5172576501430.0-0.998691783058-0.04325215923820.02727587165540.00.0009293016177750.5179754687280.8553949673650.00.2131742876180.0137260658278-0.01054804565521.0leftBackLeg3leftBackLeg21.00.0776239578441-0.996982708560.00.0-0.99698270856-0.07762395784415.24918831769e-090.0-5.23334998671e-09-4.07462772688e-10-1.00.00.221704190548-0.00581093006430.005084526771141.030.00.364869959686-0.931058490385-1.53012052465e-090.0-0.931058490385-0.3648699596865.02122586373e-090.0-5.23334998671e-09-4.07462772688e-10-1.00.00.1787122955940.03581101193960.01733832290131.045.0-0.0821645206177-0.996618779458.3608074407e-100.0-0.996618779450.08216452061775.1821758928e-090.0-5.23334998671e-09-4.07462772688e-10-1.00.00.1943442700470.02516955855650.03569085168461.060.0-0.512426101812-0.8587313259583.03160618018e-090.0-0.8587313259580.5124261018124.28524701305e-090.0-5.23334998671e-09-4.07462772688e-10-1.00.00.2099762445010.01452810517340.04852170539221.065.0-0.512426101812-0.8587313259583.03160618018e-090.0-0.8587313259580.5124261018124.28524701305e-090.0-5.23334998671e-09-4.07462772688e-10-1.00.00.2099762445010.01452810517340.04852170539221.0leftBackLeg4leftBackLeg31.00.1112146512980.9937964083940.00.0-0.9937964083940.1112146512980.00.00.00.01.00.00.271575336702-0.0169407173217-0.01155036585751.030.00.4923789461520.870380935790.00.0-0.870380935790.4923789461520.00.00.00.01.00.00.253175288534-0.0144583726811-0.01155036589261.045.00.3782389137280.9257080123570.00.0-0.9257080123570.3782389137280.00.00.00.01.00.00.241095309951-0.0128286666597-0.01155036591111.060.00.4886303113120.872490927670.00.0-0.872490927670.4886303113120.00.00.00.01.00.00.233815332128-0.0118465271255-0.01155036592951.065.00.4886303113120.872490927670.00.0-0.872490927670.4886303113120.00.00.00.01.00.00.233815332128-0.0118465271255-0.01155036592951.0rightBackLeghip1.00.930317585946-0.3667549444510.00.0-0.366754944451-0.9303175859461.49011613163e-080.0-5.46507459081e-09-1.38628124236e-08-1.00.00.1969086592190.03631814402570.1842045892931.030.00.955511207637-0.294614374138-0.01416695560650.0-0.290275296593-0.930744829459-0.2223832606640.00.05233148447930.216602015195-0.9748563908320.00.1192781783440.01954001986110.2030787545191.045.00.968916723354-0.246271615228-0.02346645986460.0-0.237789483908-0.900961904763-0.3629377460520.00.06823887856980.357236529066-0.9315178569150.00.06831230520470.00852486501930.2154699998731.060.00.975776499886-0.216829807589-0.02906986088410.0-0.206952620187-0.871801749013-0.4439958596830.00.0709283812630.439256809803-0.8955571560610.00.03759780925390.001886601268730.2229375620971.065.00.975776499886-0.216829807589-0.02906986088410.0-0.206952620187-0.871801749013-0.4439958596830.00.0709283812630.439256809803-0.8955571560610.00.03759780925390.001886601268730.2229375620971.0rightBackLeg2rightBackLeg1.00.451388233590.8923276654770.00.0-0.8923276654770.451388233590.00.00.00.01.00.00.2494141577370.0156966848036-0.01054804541441.030.00.2762979834550.9606592732380.02816354169250.0-0.9608987581630.2755731205170.02707456019670.00.0182483122527-0.0345429586230.9992366001650.00.2139209585380.0273090747476-0.06092536727111.045.00.0176628679860.9993197565330.03237355861640.0-0.9948792008560.0207886333282-0.09891010275850.0-0.0995158218469-0.03046074403770.9945696276660.00.215491311962-0.0859789544114-0.06677820754811.060.0-0.4756204512120.8793595725980.02262583632060.0-0.87337257068-0.469002192138-0.1313670299350.0-0.104907288464-0.0822416308830.9910755647160.00.206004475531-0.141297275872-0.07310896265181.065.0-0.4756204512120.8793595725980.02262583632060.0-0.87337257068-0.469002192138-0.1313670299350.0-0.104907288464-0.0822416308830.9910755647160.00.206004475531-0.141297275872-0.07310896265181.0rightBackLeg3rightBackLeg21.00.0776239578441-0.996982708560.00.0-0.99698270856-0.07762395784415.24918831769e-090.0-5.23334998671e-09-4.07462772688e-10-1.00.00.221704190548-0.00581093006430.005084526771141.030.00.593187550445-0.805064301778-2.77632432664e-090.0-0.805064301778-0.5931875504454.45488509704e-090.0-5.23334998671e-09-4.07462772688e-10-1.00.00.1846928316450.004745432110640.0133920096261.045.00.311568571964-0.950223671019-1.24336661028e-090.0-0.950223671019-0.3115685719645.09980563031e-090.0-5.23334998671e-09-4.07462772688e-10-1.00.00.206088810858-0.0190709934370.009238268187571.060.0-0.00132581291194-0.999999121114.14400857558e-100.0-0.999999121110.001325812911945.23280516777e-090.0-5.23334998671e-09-4.07462772688e-10-1.00.00.227484790071-0.04288741898470.005084526749111.065.0-0.00132581291194-0.999999121114.14400857558e-100.0-0.999999121110.001325812911945.23280516777e-090.0-5.23334998671e-09-4.07462772688e-10-1.00.00.227484790071-0.04288741898470.005084526749111.0rightBackLeg4rightBackLeg31.00.1112146512980.9937964083940.00.0-0.9937964083940.1112146512980.00.00.00.01.00.00.271575336702-0.0169407173217-0.01155036585751.030.00.1936312208350.9810743857210.00.0-0.9810743857210.1936312208350.00.00.00.01.00.00.265895625964-0.0170499432102-0.01376686440921.045.0-0.02899040152890.9995796899790.00.0-0.999579689979-0.02899040152890.00.00.00.01.00.00.262166788827-0.0171216520646-0.01522203750891.060.0-0.1455711579020.9893477841420.00.0-0.989347784142-0.1455711579020.00.00.00.01.00.00.259919611591-0.0171648672812-0.01609899500721.065.0-0.1455711579020.9893477841420.00.0-0.989347784142-0.1455711579020.00.00.00.01.00.00.259919611591-0.0171648672812-0.01609899500721.0fronthiphip	1.00.985675858126-0.1686508307360.00.0-0.168650830736-0.9856758581261.22464679915e-160.0-2.06537700035e-17-1.20710478465e-16-1.00.0-0.009873284421680.4149864858490.01.030.00.987403803511-0.158220506924-1.29473796455e-180.0-0.158220506924-0.9874038035111.2245783552e-160.0-2.06537700035e-17-1.20710478465e-16-1.00.0-0.05257261306970.421307262066-4.5613563387e-181.045.00.928288904734-0.3718597979722.57147086e-170.0-0.371859797972-0.9282889047341.19734504585e-160.0-2.06537700035e-17-1.20710478465e-16-1.00.0-0.009873284421680.4149864858490.01.060.00.908322938028-0.4182695784443.17292278905e-170.0-0.418269578444-0.9083229380281.18282940123e-160.0-2.06537700035e-17-1.20710478465e-16-1.00.0-0.009873284421680.4149864858490.01.065.00.908322938028-0.4182695784443.17292278905e-170.0-0.418269578444-0.9083229380281.18282940123e-160.0-2.06537700035e-17-1.20710478465e-16-1.00.0-0.009873284421680.4149864858490.01.076.00.94243696229-0.333325136517-0.02658807017590.0-0.322027873897-0.926154027650.1963078335210.0-0.0900589836886-0.176445658588-0.980181773460.0-0.009873284421680.4149864858490.01.090.00.949600835952-0.3121693603780.0284348870430.0-0.31001128323-0.948698432681-0.06216339839010.00.04638164108550.0502152792561-0.9976608487350.0-0.009873284421680.4149864858490.01.0105.00.94243696229-0.333325136517-0.02658807017590.0-0.322027873897-0.926154027650.1963078335210.0-0.0900589836886-0.176445658588-0.980181773460.0-0.009873284421680.4149864858490.01.0119.00.949600835952-0.3121693603780.0284348870430.0-0.31001128323-0.948698432681-0.06216339839010.00.04638164108550.0502152792561-0.9976608487350.0-0.009873284421680.4149864858490.01.0leftFrontLegfronthip1.00.9909108470180.1345202336520.00.0-0.1345202336520.9909108470180.00.00.00.01.00.00.2100114035580.001526365949320.1401477721311.030.00.999278749348-0.0379734262674-0.00.00.03797342626740.9992787493480.00.00.0-0.01.00.00.204435493731-0.03898953538730.1401477721311.045.00.927655541165-0.373437005324-0.00.00.3734370053240.9276555411650.00.00.0-0.01.00.00.206570171198-0.06648535499660.1401477721311.060.00.976660841477-0.214787338371-0.00.00.2147873383710.9766608414770.00.00.0-0.01.00.00.204607742316-0.01385981180340.1401477721311.076.00.9485341348660.3166749042690.00.0-0.3166749042690.9485341348660.00.00.00.01.00.00.19707581840.02657650809210.1401477721311.0leftFrontLeg2leftFrontLeg1.00.789459513472-0.6138026365110.00.0-0.613802636511-0.7894595134721.22464679915e-160.0-7.51691434112e-17-9.6680906623e-17-1.00.00.3447117486010.02858436874040.02174932218791.030.00.272790129572-0.9620735653837.25087441683e-170.0-0.962073565383-0.2727901295729.86918428532e-170.0-7.51691434112e-17-9.6680906623e-17-1.00.00.14267176583-0.08382156462620.02174932218791.045.00.365980131558-0.9306226642986.24630299135e-170.0-0.930622664298-0.3659801315581.05337399439e-160.0-7.51691434112e-17-9.6680906623e-17-1.00.00.180138565537-0.04015534364140.02174932218791.060.00.735976974158-0.6770065682911.01308500942e-170.0-0.677006568291-0.7359769741581.22044924937e-160.0-7.51691434112e-17-9.6680906623e-17-1.00.00.2116897061440.05121543440880.02174932218791.076.00.86563780954-0.500670732812-1.66639522797e-170.0-0.500670732812-0.865637809541.2132563835e-160.0-7.51691434112e-17-9.6680906623e-17-1.00.00.3217696383310.09096175825340.02174932218791.085.00.86563780954-0.500670732812-2.08166817117e-170.0-0.493607494034-0.8534257784730.1673800539830.0-0.0838022942858-0.144890503291-0.9858924472420.00.3480736337690.119485542408-0.002303069133771.0leftFrontLeg3leftFrontLeg21.00.2303492424140.9731080240750.00.0-0.9731080240750.2303492424140.00.00.00.01.00.00.2604181492090.0322085175265-0.02955294841471.030.00.3131471246990.9497046268670.00.0-0.9497046268670.3131471246990.00.00.00.01.00.00.245457536092-0.000120016167412-0.02955294841471.045.00.3662823833880.9305037429370.00.0-0.9305037429370.3662823833880.00.00.00.01.00.00.235635611562-0.0213443080121-0.02955294841471.060.00.3977503361540.91749368940.00.0-0.91749368940.3977503361540.00.00.00.01.00.00.229716445898-0.0341350903303-0.02955294841471.076.00.3977503361540.91749368940.00.0-0.91749368940.3977503361540.00.00.00.01.00.00.229716445898-0.0341350903303-0.02955294841471.0rightFrontLegfronthip1.00.9909108470180.1345202336520.00.0-0.1345202336520.9909108470180.00.00.00.01.00.00.2100114035580.00152636594932-0.1525604357031.030.00.999772232427-0.0213420539633-0.00.00.02134205396330.9997722324270.00.00.0-0.01.00.00.187261654631-0.050888813451-0.1525604357031.045.00.936837915384-0.349763806444-0.00.00.3497638064440.9368379153840.00.00.0-0.01.00.00.178121383161-0.0846446575584-0.1525604357031.060.00.983424195028-0.181319752465-0.00.00.1813197524650.9834241950280.00.00.0-0.01.00.00.16936412572-0.0382791388633-0.1525604357031.076.00.9371702074860.3488724726890.00.0-0.3488724726890.9371702074860.00.00.00.01.00.00.1618322018040.0021571810322-0.1525604357031.0rightFrontLeg2rightFrontLeg1.00.789459513472-0.6138026365110.00.0-0.613802636511-0.7894595134721.22464679915e-160.0-7.51691434112e-17-9.6680906623e-17-1.00.00.3447117486010.0285843687404-0.02163832016141.030.00.288641679144-0.9574371943177.08689482071e-170.0-0.957437194317-0.2886416791449.98758729956e-170.0-7.51691434112e-17-9.6680906623e-17-1.00.00.154586877926-0.08235227027360.01472001547821.045.00.389317379886-0.9211036737085.97884843068e-170.0-0.921103673708-0.3893173798861.06878131397e-160.0-7.51691434112e-17-9.6680906623e-17-1.00.00.199387652043-0.03950187273360.03858994815611.060.00.75849590584-0.6516778044595.9893134383e-180.0-0.651677804459-0.758495905841.22318134188e-160.0-7.51691434112e-17-9.6680906623e-17-1.00.00.2396704260990.05145452977710.05297512147631.076.00.882106807563-0.471049445442-2.07657256721e-170.0-0.471049445442-0.8821068075631.20691269212e-160.0-7.51691434112e-17-9.6680906623e-17-1.00.00.351043097710.08741964826390.05297512147631.085.00.882106807563-0.471049445442-6.93889390391e-180.0-0.456343716185-0.854568246562-0.2479183830740.00.1167818168620.21869049343-0.9687809222590.00.3733906704140.1613393675510.06854225605671.0rightFrontLeg3rightFrontLeg21.00.2303492424140.9731080240750.00.0-0.9731080240750.2303492424140.00.00.00.01.00.00.2604181492090.03220851752650.01954572806481.030.00.3422604825690.9396051096450.00.0-0.9396051096450.3422604825690.00.00.00.01.00.00.2604181492090.03220851752650.01954572806481.045.00.4132852255940.9106016265660.00.0-0.9106016265660.4132852255940.00.00.00.01.00.00.2604181492090.03220851752650.01954572806481.060.00.4549396492580.8905222712170.00.0-0.8905222712170.4549396492580.00.00.00.01.00.00.2604181492090.03220851752650.01954572806481.076.00.4549396492580.8905222712170.00.0-0.8905222712170.4549396492580.00.00.00.01.00.00.2604181492090.03220851752650.01954572806481.0headfronthip	1.0-0.933213872411-0.3593213997797.65713739785e-160.0-0.3593213997790.9332138724112.46519032882e-320.0-7.14574684264e-16-2.7513733281e-16-1.00.0-0.0867229733134-0.2869027660540.01.030.0-0.986371112438-0.03709209115430.1603003597080.0-0.1320558616850.759633984618-0.6368025273260.0-0.0981492635897-0.649292219411-0.7541792465120.0-0.118869561429-0.2610397197930.1023984502251.045.0-0.962953955036-0.2464755816110.1094050645580.0-0.2696269262940.873121749034-0.4061523507030.00.00458269554164-0.420604563734-0.9072324949360.0-0.0924895291381-0.2727962142220.06209585759011.060.0-0.549970305188-0.8343270908710.03782814890860.0-0.835170084980.549133186294-0.03071925886030.00.00485721793689-0.0484876185092-0.9988119734390.0-0.0285774732077-0.234486739030.006959666631941.065.0-0.933213872411-0.3593213997797.65713739785e-160.0-0.3593213997790.9332138724112.46519032882e-320.0-7.14574684264e-16-2.7513733281e-16-1.00.0-0.0867229733134-0.2869027660540.01.076.0-0.913799725675-0.146602077540.3787847571070.0-0.3157362239810.843046430926-0.4354117042160.0-0.255500877146-0.517475164779-0.8166631837020.0-0.0867229733134-0.2869027660540.01.090.0-0.902690861157-0.248149456908-0.3515267503610.0-0.4256741148980.6343380540250.6453036348270.00.06285504823870.732145532153-0.6782419646850.0-0.0696201688844-0.288480741163-0.1207651942821.0105.0-0.696483145839-0.5955780840480.4002473902030.0-0.6834807146850.72049293659-0.1172349818840.0-0.218552831636-0.355213561291-0.9088773215670.0-0.0110892572411-0.277065895858-0.03652026288511.0119.0-0.807166584061-0.57473663824-0.13475868150.0-0.5755541434520.816936524062-0.03677150538990.00.1312232202430.0478801871072-0.9901959170550.0-0.0248473916427-0.320772269411-0.03444342939931.0explode1head1.01.11022302463e-160.0-1.00.00.8682431421240.4961389383571.66533453694e-160.00.496138938357-0.8682431421240.00.00.1522118332070.07476860834660.01.030.01.11022302463e-160.0-1.00.00.8682431421240.4961389383571.66533453694e-160.00.496138938357-0.8682431421240.00.00.1522118332070.07476860834660.01.045.01.11022302463e-160.0-1.00.00.8682431421240.4961389383571.66533453694e-160.00.496138938357-0.8682431421240.00.00.1522118332070.07476860834660.01.060.01.11022302463e-160.0-1.00.00.8682431421240.4961389383571.66533453694e-160.00.496138938357-0.8682431421240.00.00.1522118332070.07476860834660.01.065.01.11022302463e-160.0-1.00.00.8682431421240.4961389383571.66533453694e-160.00.496138938357-0.8682431421240.00.00.1522118332070.07476860834660.01.0explode2hip1.04.4408920985e-160.0-1.00.0-0.9998405993450.0178542964169-4.4408920985e-160.00.01785429641690.9998405993450.00.0-0.3187733860940.2159780967240.01.030.02.93229936894e-16-7.33074842235e-17-1.320590234530.0-1.31483572283-0.123148647985-5.13152389564e-160.0-0.1231486479851.31483572283-2.93229936894e-160.0-0.3425570116040.1509917025994.68971041793e-171.045.06.57495213979e-160.0-1.480547600340.0-1.480311600080.0264341357157-6.57495213979e-160.00.02643413571571.480311600080.00.0-0.3862573598380.183197778862.32794968883e-171.060.05.26023487699e-160.0-1.184499591590.0-1.184310781580.021148406814-5.26023487699e-160.00.0211484068141.184310781580.00.0-0.3325558690930.2137771382051.58831063595e-181.065.04.4408920985e-160.0-1.00.0-0.9998405993450.0178542964169-4.4408920985e-160.00.01785429641690.9998405993450.00.0-0.3187733860940.2159780967240.01.0explode3hip1.04.4408920985e-160.0-1.00.0-0.9998405993450.0178542964169-4.4408920985e-160.00.01785429641690.9998405993450.00.0-0.254957000847-0.243181052240.01.030.05.86459873788e-160.0-1.320590234530.0-1.320379731580.0235782094925-5.86459873788e-160.00.02357820949251.320379731580.00.0-0.289532820688-0.2724706837231.98757788791e-171.045.06.57495213979e-160.0-1.480547600340.0-1.480311600080.0264341357157-6.57495213979e-160.00.02643413571571.480311600080.00.0-0.322440974592-0.2759613701052.32794968883e-171.060.05.26023487699e-160.0-1.184499591590.0-1.184310781580.021148406814-5.26023487699e-160.00.0211484068141.184310781580.00.0-0.268739483847-0.245382010761.58831063595e-181.065.04.4408920985e-160.0-1.00.0-0.9998405993450.0178542964169-4.4408920985e-160.00.01785429641690.9998405993450.00.0-0.254957000847-0.243181052240.01.0tailhip1.00.358059577859-0.9336987408710.00.0-0.933698740871-0.358059577859-1.22464679915e-160.01.14345117438e-164.38496515929e-17-1.00.00.0587254729665-0.421620098820.01.030.0-0.0488691783327-0.998805187917-4.93852114349e-170.0-0.9988051879170.0488691783327-1.12065600066e-160.01.14345117438e-164.38496515929e-17-1.00.00.0210863498687-0.412596445921-7.24880245358e-181.045.0-0.0926508566312-0.995698658614-5.42552123539e-170.0-0.9956986586140.0926508566312-1.09790572269e-160.01.14345117438e-164.38496515929e-17-1.00.00.0700912717028-0.4221231688670.01.060.0-0.377180817822-0.92613963886-8.37396853994e-170.0-0.926139638860.377180817822-8.93602983199e-170.01.14345117438e-164.38496515929e-17-1.00.00.0728059269675-0.4222433242360.01.065.0-0.377180817822-0.92613963886-8.37396853994e-170.0-0.926139638860.377180817822-8.93602983199e-170.01.14345117438e-164.38496515929e-17-1.00.00.0728059269675-0.4222433242360.01.0explode4tail1.04.4408920985e-160.01.00.0-0.3746730370120.9271570068421.66533453694e-160.0-0.927157006842-0.3746730370124.4408920985e-160.00.3157416242130.01246230289570.01.030.03.33066907388e-16-5.55111512313e-171.00.0-0.5392467878220.8421477909631.66533453694e-160.0-0.842147790963-0.5392467878222.22044604925e-160.00.302722225380.05274104098150.01.045.03.33066907388e-165.55111512313e-171.00.0-0.6375590082390.7704015258382.77555756156e-160.0-0.770401525838-0.6375590082392.22044604925e-160.00.2941747445850.07918479183190.01.060.06.66133814775e-165.55111512313e-171.00.0-0.6923335730840.7215775935973.33066907388e-160.0-0.721577593597-0.6923335730845.55111512313e-160.00.289023620270.09512107207560.01.065.06.66133814775e-165.55111512313e-171.00.0-0.6923335730840.7215775935973.33066907388e-160.0-0.721577593597-0.6923335730845.55111512313e-160.00.289023620270.09512107207560.01.0