hiproot1.00.00207066795690.0-0.9999978561650.00.01.00.00.00.9999978561650.00.00207066795690.0-1.23259516441e-320.77707227944-9.29774723169e-321.020.00.004831998478160.0-0.9999883258270.00.01.00.00.00.9999883258270.00.004831998478160.00.00.777072279440.01.030.00.002878107653440.0-0.999995858240.00.01.00.00.00.999995858240.00.002878107653440.00.00.777072279440.01.040.00.003338012486830.0-0.9999944288210.00.01.00.00.00.9999944288210.00.003338012486830.00.00.777072279440.01.060.00.00207066795690.0-0.9999978561650.00.01.00.00.00.9999978561650.00.00207066795690.0-1.23259516441e-320.77707227944-9.29774723169e-321.0leftBackLeghip1.01.00.00.00.00.01.00.00.00.00.01.00.00.181365076255-0.1962288369410.03982802045851.020.00.9999740555910.007170060720250.0006916465948210.0-0.006453827504040.8491394210560.5281293323790.00.0031994149922-0.5281200941430.8491636649710.00.181365076255-0.1962288369410.03982802045851.030.00.9663122152340.239834180267-0.09338237877080.0-0.2399612392130.970730622950.01003301258530.00.09305539406580.01271312871370.9955797657610.00.181365076255-0.1962288369410.03982802045851.040.00.9551158011320.242234705974-0.1705173118790.0-0.2897503478490.644164647003-0.7078818004960.0-0.06163231579310.7255165434180.68543942320.00.181365076255-0.1962288369410.03982802045851.060.01.00.00.00.00.01.00.00.00.00.01.00.00.181365076255-0.1962288369410.03982802045851.0leftBackLeg2leftBackLeg1.01.00.00.00.00.01.00.00.00.00.01.00.0-0.0105480456483-0.228135397859-0.1020198423471.020.00.999980949015-0.00564364016973-0.00250018653180.00.0053776056040.995367724966-0.09599048626770.00.003030340744360.09597521253730.9953791115010.0-0.0105480456483-0.228135397859-0.1020198423471.030.00.9983031101980.05610788559720.01558221240890.0-0.0568921211090.8827132827260.4664553001680.00.0124171947505-0.4665502820420.8844075121810.0-0.00222292903436-0.222519096623-0.04254396950521.040.00.9999583089240.001456501502460.009014378403980.00.0005747501074490.975199959306-0.2213248947420.0-0.009113181494450.2213208484830.9751584650450.00.00610218981261-0.216902793880.01693191928911.060.01.00.00.00.00.01.00.00.00.00.01.00.0-0.0105480456483-0.228135397859-0.1020198423471.0leftBackLeg3leftBackLeg21.01.00.00.00.00.01.00.00.00.00.01.00.00.00508452386229-0.0302585209471-0.219706479091.020.00.9999982551042.84260650718e-05-0.001867881632880.00.0002197529730170.9911519774770.1327317190850.00.0018551276146-0.1327318979540.9911502417730.00.00508452386229-0.0302585209471-0.219706479091.030.00.9988778573940.02746580288060.03858310097780.00.01265998691520.630174052789-0.7763506861740.0-0.0456371640250.7759679715450.629119190930.00.00508452386229-0.0302585209471-0.219706479091.040.00.999974325830.00610470252463-0.003752371012210.0-0.005201317782210.9785585681210.205903071980.00.00492889180811-0.2058782683150.9785651969390.00.00508452386229-0.0302585209471-0.219706479091.060.01.00.00.00.00.01.00.00.00.00.01.00.00.00508452386229-0.0302585209471-0.219706479091.0leftBackLeg4leftBackLeg31.01.00.00.00.00.01.00.00.00.00.01.00.00.011550367076-0.271986061305-0.00798334739181.020.01.00.00.00.00.00.3894817368180.9210341886630.00.0-0.9210341886630.3894817368180.00.011550367076-0.271986061305-0.00798334739181.030.01.00.00.00.00.00.1419517366130.9898735800460.00.0-0.9898735800460.1419517366130.00.011550367076-0.271986061305-0.00798334739181.040.01.00.00.00.00.00.07416680468170.997245849870.00.0-0.997245849870.07416680468170.00.011550367076-0.271986061305-0.00798334739181.060.01.00.00.00.00.01.00.00.00.00.01.00.00.011550367076-0.271986061305-0.00798334739181.0rightBackLeghip1.01.00.00.00.00.01.00.00.00.00.01.00.0-0.184204589293-0.1962288369410.03982802045851.020.00.9999822569190.005952677533520.0002268861344380.0-0.005174579348190.8491404881290.5281416998770.00.00295119902842-0.5281335030560.8491562243630.0-0.184204589293-0.1962288369410.03982802045851.030.00.967408636385-0.23479335281-0.09482938217310.00.2383885796230.9707547429810.02839214830450.00.0853897848246-0.05007305119810.9950885760530.0-0.184204589293-0.1962288369410.03982802045851.040.00.970832815739-0.2121357022080.1117232640620.00.2215346205520.615503467087-0.7563583105250.00.09168454493990.7590480392260.6445463663430.0-0.184204589293-0.1962288369410.03982802045851.060.01.00.00.00.00.01.00.00.00.00.01.00.0-0.184204589293-0.1962288369410.03982802045851.0rightBackLeg2rightBackLeg1.01.00.00.00.00.01.00.00.00.00.01.00.0-0.0105480456483-0.228135397859-0.1020198423471.020.00.999980611972-0.00597913197869-0.001739442447490.00.005784403134170.995358761529-0.09605975498560.00.002305723233190.09604783094010.9953740491960.0-0.0105480456483-0.228135397859-0.1020198423471.030.00.9895131879210.1267560921230.06925708657050.0-0.14443359460.8736369324840.4646476589320.0-0.00160862720384-0.4697780362150.882783104170.0-0.0193766382018-0.223434701615-0.04786957442661.040.00.999942620907-0.00947195550872-0.005003693907150.00.008982140304170.995883121041-0.09020050100040.00.005837469437330.09015038149680.9959110566040.0-0.0282052331233-0.218734004110.006280708017811.060.01.00.00.00.00.01.00.00.00.00.01.00.0-0.0105480456483-0.228135397859-0.1020198423471.0rightBackLeg3rightBackLeg21.01.00.00.00.00.01.00.00.00.00.01.00.00.00508452386229-0.0302585209471-0.219706479091.020.00.9999953729070.00213276615547-0.002169210167580.0-0.00182578761160.9911399688930.1328089927740.00.00243324142295-0.1328044177370.9911392767750.00.00508452386229-0.0302585209471-0.219706479091.030.00.9949812124460.09052350798830.04263662019020.0-0.01899182000250.589203122927-0.8077617165390.0-0.09824305396690.8028979850730.5879652437960.00.00508452386229-0.0302585209471-0.219706479091.040.00.999997068959-0.0022452527948-0.0009060421236840.00.002315268142180.9962421352550.08658087245680.00.00070824139407-0.08658271641520.9962444135920.00.00508452386229-0.0302585209471-0.219706479091.060.01.00.00.00.00.01.00.00.00.00.01.00.00.00508452386229-0.0302585209471-0.219706479091.0rightBackLeg4rightBackLeg31.01.00.00.00.00.01.00.00.00.00.01.00.00.011550367076-0.271986061305-0.00798334739181.020.01.00.00.00.00.00.3894817368180.9210341886630.00.0-0.9210341886630.3894817368180.00.011550367076-0.271986061305-0.00798334739181.030.01.00.00.00.00.00.2286918737080.9734988581910.00.0-0.9734988581910.2286918737080.00.011550367076-0.271986061305-0.00798334739181.040.01.00.00.00.00.00.2050776068860.9787457152670.00.0-0.9787457152670.2050776068860.00.011550367076-0.271986061305-0.00798334739181.060.01.00.00.00.00.01.00.00.00.00.01.00.00.011550367076-0.271986061305-0.00798334739181.0fronthiphip1.01.00.00.00.00.01.00.00.00.00.01.00.0-4.93038065763e-320.0172810023410.4147440561851.020.01.00.00.00.00.01.00.00.00.00.01.00.00.00.0172810023410.4147440561851.030.01.00.00.00.00.01.00.00.00.00.01.00.00.00.0172810023410.4147440561851.040.01.00.00.00.00.01.00.00.00.00.01.00.00.00.0172810023410.4147440561851.060.01.00.00.00.00.01.00.00.00.00.01.00.0-4.93038065763e-320.0172810023410.4147440561851.0leftFrontLegfronthip1.01.00.00.00.00.01.00.00.00.00.01.00.00.140147772131-0.207372028092-0.03322591431531.020.00.9915644356590.1253224805870.03307938626120.00.005099368613470.21729684737-0.9760922479780.0-0.1295143481460.9680270430020.2148247603080.00.140147772131-0.207372028092-0.03322591431531.030.00.998030400381-0.0618553505702-0.01045157981940.00.05329382188070.923909683605-0.3788808059150.00.03309212087830.3775775577910.925386459480.00.140147772131-0.207372028092-0.03322591431531.040.00.991632061349-0.0837274079765-0.09826279081080.00.1057587010640.9633792181510.2464053148450.00.0740334522611-0.2547355554060.9641726218670.00.140147772131-0.207372028092-0.03322591431531.060.01.00.00.00.00.01.00.00.00.00.01.00.00.140147772131-0.207372028092-0.03322591431531.0leftFrontLeg2leftFrontLeg1.01.00.00.00.00.01.00.00.00.00.01.00.00.0217493221879-0.322578710366-0.1248448292021.020.00.999956517223-0.00285041903947-0.008879120135280.00.003738275139910.9948142048020.1016401654080.00.00854335777406-0.1016689384050.9947816031680.00.0217493221879-0.322578710366-0.1248448292021.030.00.99951640534-0.00950239040573-0.02960844530990.00.01882544046760.9427597184620.3329410098460.00.0247499141068-0.3333373933760.9424826915810.00.0217493221879-0.322578710366-0.1248448292021.040.00.999446009205-0.0101699337357-0.03168985849170.00.02077568851330.9345111505540.3553270046840.00.0260008740279-0.3557885354240.9342047273540.00.0217493221879-0.322578710366-0.1248448292021.060.01.00.00.00.00.01.00.00.00.00.01.00.00.0217493221879-0.322578710366-0.1248448292021.0leftFrontLeg3leftFrontLeg21.01.00.00.00.00.01.00.00.00.00.01.00.00.0295529484147-0.230607460450.125200639871.020.01.00.00.00.00.00.03087652919320.9995232063060.00.0-0.9995232063060.03087652919320.00.0295529484147-0.230607460450.125200639871.030.01.00.00.00.00.00.8534989477640.5210945654740.00.0-0.5210945654740.8534989477640.00.0295529484147-0.230607460450.125200639871.040.01.00.0-0.00.0-0.00.903191232711-0.4292383919860.00.00.4292383919860.9031912327110.00.0295529484147-0.230607460450.125200639871.060.01.00.00.00.00.01.00.00.00.00.01.00.00.0295529484147-0.230607460450.125200639871.0rightFrontLegfronthip1.01.00.00.00.00.01.00.00.00.00.01.00.0-0.152560435703-0.207372028092-0.03322591431531.020.00.994777924933-0.0983812320761-0.02716639911680.0-0.00561185941010.213045979721-0.9770260577690.00.1019087194490.9720764083650.2113813359790.0-0.152560435703-0.207372028092-0.03322591431531.030.00.9989064162270.0467524557523-0.0004236774720220.0-0.0433648541560.923063895084-0.3821943681120.0-0.01747744390640.3817947792640.9240818608120.0-0.152560435703-0.207372028092-0.03322591431531.040.00.9953144891490.06368257292710.07275711370990.0-0.07976118746450.9661040849350.2455219950370.0-0.054655472409-0.2501747928510.9666567913990.0-0.152560435703-0.207372028092-0.03322591431531.060.01.00.00.00.00.01.00.00.00.00.01.00.0-0.152560435703-0.207372028092-0.03322591431531.0rightFrontLeg2rightFrontLeg1.01.00.00.00.00.01.00.00.00.00.01.00.0-0.0216383201614-0.322578710366-0.1248448292021.020.00.999976700415-0.001085848705910.006739403475140.00.0003913903879030.9947635744110.1022021420490.0-0.00681508915401-0.1021971230440.9947408218230.0-0.0216383201614-0.322578710366-0.1248448292021.030.00.999724257454-0.003734645252130.02318321555570.0-0.004491480409610.9386317412980.344891694350.0-0.0230485501148-0.3449007199950.9383561465050.0-0.0216383201614-0.322578710366-0.1248448292021.040.00.999690060553-0.003959338619110.02457857745730.0-0.00527879212550.9311111774670.3646972848120.0-0.0243293482408-0.3647139959380.9308016888580.0-0.0216383201614-0.322578710366-0.1248448292021.060.01.00.00.00.00.01.00.00.00.00.01.00.0-0.0216383201614-0.322578710366-0.1248448292021.0rightFrontLeg3rightFrontLeg21.01.00.00.00.00.01.00.00.00.00.01.00.0-0.0195457280648-0.230607460450.125200639871.020.01.00.00.00.00.00.03087652919320.9995232063060.00.0-0.9995232063060.03087652919320.0-0.0195457280648-0.230607460450.125200639871.030.01.00.00.00.00.00.8842148740820.4670803533140.00.0-0.4670803533140.8842148740820.0-0.0195457280648-0.230607460450.125200639871.040.01.00.0-0.00.0-0.00.84300903999-0.5378993943990.00.00.5378993943990.843009039990.0-0.0195457280648-0.230607460450.125200639871.060.01.00.00.00.00.01.00.00.00.00.01.00.0-0.0195457280648-0.230607460450.125200639871.0headfronthip1.01.00.00.00.00.01.00.00.00.00.01.00.0-7.45074947298e-170.04239864599120.296709329291.020.01.00.0-0.00.0-0.00.893854369072-0.4483574097640.00.00.4483574097640.8938543690720.00.00.06947198819070.2903662368211.030.01.00.00.00.00.01.00.00.00.00.01.00.00.00.04239864599120.296709329291.040.01.00.00.00.00.00.8615099714660.5077406513820.00.0-0.5077406513820.8615099714660.00.0-0.02499603067280.2699953281811.060.01.00.00.00.00.01.00.00.00.00.01.00.0-7.45074947298e-170.04239864599120.296709329291.0explode1head1.01.00.00.00.00.01.00.00.00.00.01.00.0-2.64162493792e-170.16925249830.01060088588951.020.00.2293634476060.00.00.00.00.2293634476060.00.00.00.00.2293634476060.00.00.105472999197-0.02844334284711.030.01.022301272990.00.00.00.01.022301272990.00.00.00.01.022301272990.00.00.155482903011-0.007783326897791.040.01.815239311050.00.00.00.01.815239311050.00.00.00.01.815239311050.00.00.2054928202370.0128766945931.060.01.00.00.00.00.01.00.00.00.00.01.00.0-2.64162493792e-170.16925249830.01060088588951.0explode2hip1.01.00.00.00.00.01.00.00.00.00.01.00.0-4.93038065763e-320.3225787103660.2102521951491.020.00.1476782166120.00.00.00.00.1476782166120.00.00.00.00.1476782166120.00.00.1940313287580.2079106122291.030.00.9310024172450.00.00.00.00.9310024172450.00.00.00.00.9310024172450.00.00.3043348750510.2178968849011.040.01.714326827980.00.00.00.01.714326827980.00.00.00.01.714326827980.00.00.4146384509290.2278831602511.060.01.00.00.00.00.01.00.00.00.00.01.00.0-4.93038065763e-320.3225787103660.2102521951491.0explode3hip1.01.00.00.00.00.01.00.00.00.00.01.00.02.46519032882e-320.250574533945-0.2476943668881.020.00.1115122300970.00.00.00.00.1115122300970.00.00.00.00.1115122300970.00.00.152526353718-0.2306350103111.030.01.180690516170.00.00.00.01.180690516170.00.00.00.01.180690516170.00.00.239905738117-0.2432736979011.040.02.249869089010.00.00.00.02.249869089010.00.00.00.02.249869089010.00.00.327285145953-0.2559123888811.060.01.00.00.00.00.01.00.00.00.00.01.00.02.46519032882e-320.250574533945-0.2476943668881.0tailhip1.01.00.00.00.00.01.00.00.00.00.01.00.0-4.93038065763e-32-0.0662438423073-0.4205043902981.020.01.00.00.00.00.00.9490792625380.3150373841620.00.0-0.3150373841620.9490792625380.00.00.00732586242117-0.4135228980661.030.01.00.00.00.00.01.00.00.00.00.01.00.00.0-0.0662438423073-0.4205043902981.040.01.00.0-0.00.0-0.00.760727206344-0.6490717352710.00.00.6490717352710.7607272063440.00.0-0.0482825492034-0.3896113419131.060.01.00.00.00.00.01.00.00.00.00.01.00.0-4.93038065763e-32-0.0662438423073-0.4205043902981.0explode4tail1.01.00.00.00.00.01.00.00.00.00.01.00.08.75639408542e-17-0.106745361804-0.2974113481151.020.00.0631176023580.00.00.00.00.0631176023580.00.00.00.00.0631176023580.00.0-0.106745361804-0.2974113481151.030.01.141151320480.00.00.00.01.141151320480.00.00.00.01.141151320480.00.0-0.106745361804-0.2974113481151.040.02.219185327750.00.00.00.02.219185327750.00.00.00.02.219185327750.00.0-0.106745361804-0.2974113481151.060.01.00.00.00.00.01.00.00.00.00.01.00.08.75639408542e-17-0.106745361804-0.2974113481151.0