hiproot1.0-0.0007508127663460.0-0.999999718140.00.01.00.00.00.999999718140.0-0.0007508127663460.0-1.23259516441e-320.77707227944-9.29774723169e-321.040.0-0.001327414772850.0-0.9999991189850.00.01.00.00.00.9999991189850.0-0.001327414772850.01.045005143070.4039586929630.00236418780891.060.0-0.009310693114380.0-0.9999566545570.00.01.00.00.00.9999566545570.0-0.009310693114380.01.661649009360.2681720179170.002811546832491.0leftBackLeghip1.01.00.00.00.00.01.00.00.00.00.01.00.00.181365076255-0.1962288369410.03982802045851.040.00.8811576408160.3755125127510.2873178810990.0-0.4723826873330.6729515980120.5692018477140.00.0203913888749-0.6372805500720.7703620523880.00.181365076255-0.1962288369410.03982802045851.060.00.7592089720570.4841213520350.4350037393550.0-0.6260914405710.3606636323250.6913257208890.00.177795513982-0.7972128077390.5769233002620.00.181365076255-0.1962288369410.03982802045851.0leftBackLeg2leftBackLeg1.01.00.00.00.00.01.00.00.00.00.01.00.0-0.0105480456483-0.228135397859-0.1020198423471.040.00.999982870602-0.00535145541427-0.002370744125020.00.005113431368430.995834571552-0.09103493242420.00.002848038342010.09102125041320.9958448778050.0-0.0105480456483-0.228135397859-0.1020198423471.060.00.997880753021-0.0594846752189-0.0263737779820.00.009079697168910.528646256304-0.8487936703320.00.06443261480230.8467554009920.5280660271590.0-0.0105480456483-0.228135397859-0.1020198423471.0leftBackLeg3leftBackLeg21.01.00.00.00.00.01.00.00.00.00.01.00.00.00508452386229-0.0302585209471-0.219706479091.040.00.9999984311042.69543614793e-05-0.001771175528490.00.0001962467037170.9920432556990.1258973403580.00.00176047622012-0.1258974904260.9920416939970.00.00508452386229-0.0302585209471-0.219706479091.060.00.999805797240.000299835471253-0.01970476855320.00.01938314257520.1655778399980.9860062234520.00.00355831265537-0.986196678660.1655398725710.00.00508452386229-0.0302585209471-0.219706479091.0leftBackLeg4leftBackLeg31.01.00.00.00.00.01.00.00.00.00.01.00.00.011550367076-0.271986061305-0.00798334739181.040.00.1184702473870.217700054927-0.9687989918290.0-0.2873995568210.9414260740210.1764042003250.00.9504558354930.2575337516480.1740978791920.00.011550367076-0.271986061305-0.00798334739181.060.0-0.0245985381555-0.22669619216-0.9736548404750.0-0.3757559649270.904628919194-0.2011317314080.00.926392123640.36090906752-0.1074349954160.00.011550367076-0.271986061305-0.00798334739181.0rightBackLeghip1.01.00.00.00.00.01.00.00.00.00.01.00.0-0.184204589293-0.1962288369410.03982802045851.040.00.851271190267-0.396074038324-0.3441841320970.00.5242832591890.6689540928670.5269036778870.00.0215505163577-0.6289878995680.7771163345610.0-0.184204589293-0.1962288369410.03982802045851.060.00.759094519348-0.50357290881-0.4125407085460.00.6273955794050.3968963817470.6699612295490.0-0.173638410609-0.7673901143930.6172212850290.0-0.184204589293-0.1962288369410.03982802045851.0rightBackLeg2rightBackLeg1.01.00.00.00.00.01.00.00.00.00.01.00.0-0.0105480456483-0.228135397859-0.1020198423471.040.00.999988889839-0.00452618715436-0.001316749432930.00.004418380708910.997339346385-0.07276473090570.00.001642592809110.07275810457750.9973482642020.0-0.0105480456483-0.228135397859-0.1020198423471.060.00.997846879113-0.0629720341629-0.0183338146120.00.01774465497240.528318699487-0.8488606946910.00.06314058175810.8467076677850.5282985824790.0-0.0105480456483-0.228135397859-0.1020198423471.0rightBackLeg3rightBackLeg21.01.00.00.00.00.01.00.00.00.00.01.00.00.00508452386229-0.0302585209471-0.219706479091.040.00.9999973484830.00161449535466-0.001642081693250.0-0.001440999972050.9949195392720.1006629718140.00.00179625906208-0.1006603386650.9949192277130.00.00508452386229-0.0302585209471-0.219706479091.060.00.9994859939410.0224730159555-0.02286288411470.00.01880897247510.1664463800290.9858710996520.00.0259609412505-0.9857943832920.1659381312420.00.00508452386229-0.0302585209471-0.219706479091.0rightBackLeg4rightBackLeg31.01.00.00.00.00.01.00.00.00.00.01.00.00.011550367076-0.271986061305-0.00798334739181.040.00.1942315439790.5274509482570.8270850044020.00.2610836672160.784934706301-0.5618832846390.0-0.9455735963090.325073843960.01475025208020.00.011550367076-0.271986061305-0.00798334739181.060.0-0.02167854858530.2391147324920.9707492906190.00.4331314472290.877370622505-0.2064411300740.0-0.9010700250.415986701073-0.1225882318050.00.011550367076-0.271986061305-0.00798334739181.0fronthiphip1.01.00.00.00.00.01.00.00.00.00.01.00.0-4.93038065763e-320.0172810023410.4147440561851.040.01.00.00.00.00.00.9743090463070.2252151910620.00.0-0.2252151910620.9743090463070.0-4.93038065763e-32-0.09959141637760.4114847368131.060.01.00.00.00.00.00.952383795220.3049017982930.00.0-0.3049017982930.952383795220.0-4.93038065763e-32-0.1421246226660.4102985775411.0leftFrontLegfronthip1.01.00.00.00.00.01.00.00.00.00.01.00.00.140147772131-0.207372028092-0.03322591431531.040.00.5823905049280.8074236954590.09427765261060.0-0.7465955951210.4853927307210.4549603436650.00.321584074723-0.3353518644270.8855070919590.00.111243111437-0.0940151802077-0.05562446974451.060.00.3519530817230.9312981316350.09387661198830.0-0.9285737639440.3347700933070.1602490235310.00.117812534056-0.1435714966150.9826023774540.00.100723881071-0.0527613904076-0.06377594285571.0leftFrontLeg2leftFrontLeg1.01.00.00.00.00.01.00.00.00.00.01.00.00.0217493221879-0.322578710366-0.1248448292021.040.00.9987262056640.02904596297540.04125891605410.0-0.008475983399590.902651958584-0.4302878099240.0-0.04974056518110.4293900018620.9017483587320.00.0217493221879-0.322578710366-0.1248448292021.060.00.998658470682-0.0158155418587-0.04930646582150.00.03979114718060.8437232730240.5353015067820.00.0331349293366-0.5365453449550.843220712070.00.0217493221879-0.322578710366-0.1248448292021.0leftFrontLeg3leftFrontLeg21.01.00.00.00.00.01.00.00.00.00.01.00.00.0295529484147-0.230607460450.125200639871.040.00.6525246269040.0-0.7577675179660.00.01.00.00.00.7577675179660.00.6525246269040.00.0295529484147-0.230607460450.125200639871.060.00.3875520943550.0-0.9218478042280.00.01.00.00.00.9218478042280.00.3875520943550.00.0295529484147-0.230607460450.125200639871.0rightFrontLegfronthip1.01.00.00.00.00.01.00.00.00.00.01.00.0-0.152560435703-0.207372028092-0.03322591431531.040.00.416194490687-0.909034107220.02095561576360.00.8235115507710.3866092663340.4151650285510.0-0.385500806314-0.1555322059740.9095047340370.0-0.130511240664-0.120935043695-0.05676953353121.060.00.102748316269-0.9943448919930.02685180201760.00.9800902798660.1058123322070.1680083142740.0-0.1698994609060.009054618743530.9854198024510.0-0.122486909762-0.0894781599534-0.06533772801081.0rightFrontLeg2rightFrontLeg1.01.00.00.00.00.01.00.00.00.00.01.00.0-0.0216383201614-0.322578710366-0.1248448292021.040.00.998494070412-0.0506979564012-0.02095968916260.00.03129405951560.840170178265-0.5414192030150.00.04505855292930.5399479500570.8404914859990.0-0.00148894141881-0.32777653694-0.1186364291871.060.00.9993688507320.03391305981010.01057376759590.0-0.03551322552270.9467358316570.3200469900970.00.000843208058554-0.3202205012670.9473426621710.00.00584399215123-0.329668174268-0.1163770153621.0rightFrontLeg3rightFrontLeg21.01.00.00.00.00.01.00.00.00.00.01.00.0-0.0195457280648-0.230607460450.125200639871.040.00.7347563762180.00.6783310899610.0-0.01.00.00.0-0.678331089961-0.00.7347563762180.0-0.0166286293856-0.2306296469990.1261152128251.060.00.5260955173770.00.8504254856220.0-0.01.00.00.0-0.850425485622-0.00.5260955173770.0-0.0155670139827-0.2306377213170.1264480520071.0headfronthip1.01.00.00.00.00.01.00.00.00.00.01.00.0-7.45074947298e-170.04239864599120.296709329291.040.00.7248129161440.628307444524-0.2826234097660.0-0.6831748687620.70846604734-0.1770535468690.00.08898502842520.3214119084950.9427491977160.0-7.45074947298e-170.1420504705780.3059910684121.060.00.5195348292580.764836396784-0.3809315520450.0-0.8544492736190.465047088319-0.2316196115570.0-7.77156117238e-160.4458211432860.8951220632960.0-7.45074947298e-170.1783166115430.3093689579871.0explode1head1.01.00.00.00.00.01.00.00.00.00.01.00.0-2.64162493792e-170.16925249830.01060088588951.040.00.5445701858610.00.00.00.00.5445701858610.00.00.00.00.5445701858610.0-0.008845450929130.157880352429-0.004658615673691.060.02.64287462870.00.00.00.02.64287462870.00.00.00.02.64287462870.0-2.64162493792e-170.16925249830.01060088588951.0explode2hip1.01.00.00.00.00.01.00.00.00.00.01.00.0-4.93038065763e-320.3225787103660.2102521951491.040.00.3334323770330.00.00.00.00.3334323770330.00.00.00.00.3334323770330.0-4.93038065763e-320.1590117345640.2418662001451.060.03.34977421750.00.00.00.03.34977421750.00.00.00.03.34977421750.0-4.93038065763e-320.3208272414240.3485571386681.0explode3hip1.01.00.00.00.00.01.00.00.00.00.01.00.02.46519032882e-320.250574533945-0.2476943668881.040.00.3664808996010.00.00.00.00.3664808996010.00.00.00.00.3664808996010.02.46519032882e-320.128566666255-0.2673946163451.060.02.872273196260.00.00.00.02.872273196260.00.00.00.02.872273196260.02.46519032882e-320.301119402039-0.3791544609261.0tailhip1.01.00.00.00.00.01.00.00.00.00.01.00.0-4.93038065763e-32-0.0662438423073-0.4205043902981.040.01.00.00.00.00.00.9959874281010.0894932570950.00.0-0.0894932570950.9959874281010.0-4.93038065763e-32-0.137065345773-0.4522239914591.060.01.00.00.00.00.00.9207550587380.390141156260.00.0-0.390141156260.9207550587380.0-4.93038065763e-32-0.162839310662-0.4637676589411.0explode4tail1.01.00.00.00.00.01.00.00.00.00.01.00.08.75639408542e-17-0.106745361804-0.2974113481151.040.00.5846085489470.00.00.00.00.5846085489470.00.00.00.00.5846085489470.08.75639408542e-17-0.0898506042229-0.3313362404881.060.03.271128256230.00.00.00.03.271128256230.00.00.00.03.271128256230.08.75639408542e-170.0537511232126-0.3868134176021.0