joint1root1.01.00.00.00.00.01.00.00.00.00.01.00.00.01.21431494098-0.1716288476671.028.01.00.0-0.00.0-0.00.99999768308-0.002152634146340.00.00.002152634146340.999997683080.00.01.20829173452-0.1716288476671.0131.01.00.0-0.00.0-0.00.999692726311-0.02478816171110.00.00.02478816171110.9996927263110.00.01.14494904564-0.1716288476671.0155.01.00.0-0.00.0-0.00.999650670808-0.02642983831360.00.00.02642983831360.9996506708080.00.01.14035402678-0.1716288476671.0179.01.00.0-0.00.0-0.00.99969786251-0.02458014837040.00.00.02458014837040.999697862510.00.01.14553125714-0.1716288476671.0274.01.00.0-0.00.0-0.00.999997480337-0.002244842950930.00.00.002244842950930.9999974803370.00.01.20803372803-0.1716288476671.0300.01.00.00.00.00.01.00.00.00.00.01.00.00.01.21431494098-0.1716288476671.0joint2joint11.01.00.00.00.00.01.00.00.00.00.01.00.00.0-0.0909753093958-0.4153220646331.030.01.00.00.00.00.00.9996352249760.02700772088060.00.0-0.02700772088060.9996352249760.00.0-0.0909753093958-0.4153220646331.065.01.00.00.00.00.00.9980267285440.06279051768690.00.0-0.06279051768690.9980267285440.00.0-0.0909753093958-0.4153220646331.091.01.00.00.00.00.00.9986834559640.05129673268380.00.0-0.05129673268380.9986834559640.00.0-0.0909753093958-0.4153220646331.0179.01.00.0-0.00.0-0.00.998546037202-0.05390558030990.00.00.05390558030990.9985460372020.00.0-0.0909753093958-0.4153220646331.0206.01.00.0-0.00.0-0.00.997832818003-0.06580020757430.00.00.06580020757430.9978328180030.00.0-0.0909753093958-0.4153220646331.0274.01.00.0-0.00.0-0.00.99992403244-0.01232596241360.00.00.01232596241360.999924032440.00.0-0.0909753093958-0.4153220646331.0300.01.00.00.00.00.01.00.00.00.00.01.00.00.0-0.0909753093958-0.4153220646331.0joint3joint21.01.00.00.00.00.01.00.00.00.00.01.00.00.0-0.0474653788152-0.249193238781.033.01.00.00.00.00.00.9999391134320.0110349185910.00.0-0.0110349185910.9999391134320.00.0-0.0474653788152-0.249193238781.0151.01.00.00.00.00.00.9930732796940.1174966431740.00.0-0.1174966431740.9930732796940.00.0-0.0474653788152-0.249193238781.0175.01.00.00.00.00.00.992327544950.1236367402210.00.0-0.1236367402210.992327544950.00.0-0.0474653788152-0.249193238781.0209.01.00.00.00.00.00.9948602940960.1012570749670.00.0-0.1012570749670.9948602940960.00.0-0.0474653788152-0.249193238781.0278.01.00.00.00.00.00.9999403831660.01091925430450.00.0-0.01091925430450.9999403831660.00.0-0.0474653788152-0.249193238781.0300.01.00.00.00.00.01.00.00.00.00.01.00.00.0-0.0474653788152-0.249193238781.0joint4joint31.01.00.00.00.00.01.00.00.00.00.01.00.00.0-0.1067971023340.00395544823461.027.01.00.0-0.00.0-0.00.999904832464-0.01379586950080.00.00.01379586950080.9999048324640.00.0-0.1067971023340.00395544823461.0130.01.00.0-0.00.0-0.00.984966999968-0.1727426090280.00.00.1727426090280.9849669999680.00.0-0.1067971023340.00395544823461.0158.01.00.0-0.00.0-0.00.982287251491-0.1873813105910.00.00.1873813105910.9822872514910.00.0-0.1067971023340.00395544823461.0192.01.00.0-0.00.0-0.00.987027175172-0.1605532792330.00.00.1605532792330.9870271751720.00.0-0.1067971023340.00395544823461.0275.01.00.0-0.00.0-0.00.999871723961-0.01601672946870.00.00.01601672946870.9998717239610.00.0-0.1067971023340.00395544823461.0300.01.00.00.00.00.01.00.00.00.00.01.00.00.0-0.1067971023340.00395544823461.0joint5joint11.01.00.00.00.00.01.00.00.00.00.01.00.00.00.00.4034557199291.044.01.00.00.00.00.00.9999386801040.01107411543960.00.0-0.01107411543960.9999386801040.00.00.00.4034557199291.074.01.00.00.00.00.00.9993261158940.03670577736560.00.0-0.03670577736560.9993261158940.00.00.00.4034557199291.0180.01.00.00.00.00.00.9928826041770.1190971633720.00.0-0.1190971633720.9928826041770.00.00.00.4034557199291.0204.01.00.00.00.00.00.9942847021930.106761093030.00.0-0.106761093030.9942847021930.00.00.00.4034557199291.0279.01.00.00.00.00.00.9999544405130.009545517170470.00.0-0.009545517170470.9999544405130.00.00.00.4034557199291.0300.01.00.00.00.00.01.00.00.00.00.01.00.00.00.00.4034557199291.0joint6joint51.01.00.00.00.00.01.00.00.00.00.01.00.00.0-0.0988862058650.3836784787561.048.01.00.0-0.00.0-0.00.996301877039-0.08592188201760.00.00.08592188201760.9963018770390.00.0-0.0988862058650.3836784787561.069.01.00.0-0.00.0-0.00.997161667354-0.07529016642540.00.00.07529016642540.9971616673540.00.0-0.0988862058650.3836784787561.0195.01.00.00.00.00.00.988941089990.1483088686830.00.0-0.1483088686830.988941089990.00.0-0.0988862058650.3836784787561.0214.01.00.00.00.00.00.9877631742560.1559612502610.00.0-0.1559612502610.9877631742560.00.0-0.0988862058650.3836784787561.0280.01.00.00.00.00.00.9997695473960.02146746606390.00.0-0.02146746606390.9997695473960.00.0-0.0988862058650.3836784787561.0300.01.00.00.00.00.01.00.00.00.00.01.00.00.0-0.0988862058650.3836784787561.0joint12joint1
1.00.9456502004990.00.325185636670.0-0.01.00.00.0-0.32518563667-0.00.9456502004990.0	-0.299453-0.0810249409820.05870584766731.036.00.945828944613-0.01127427224950.3244695645470.00.005270132461840.9997983519930.01937733358560.0-0.32462260124-0.01661764538970.9456976369990.0	-0.299453-0.0810249409820.05870584766731.076.00.947529729855-0.03638700432410.3175899824560.00.0171624111780.997858186930.06312282012310.0-0.319206614409-0.0543601388340.9461247870250.0	-0.299453-0.0810249409820.05870584766731.0113.00.950499438219-0.05792561389530.3052792839360.00.02797940650250.9944343259750.1015752141730.0-0.309464005593-0.08800565082590.9468299924830.0	-0.299453-0.0810249409820.05870584766731.0142.00.952743575073-0.06967161364670.2956781128320.00.03433431654080.9918040105580.123068921130.0-0.301829148466-0.1071012179780.9473270260280.0	-0.299453-0.0810249409820.05870584766731.0169.00.952669168912-0.06931727613450.2960009625550.00.03413633204880.9918919107820.1224138397380.0-0.302086354274-0.1065155038220.947311079850.0	-0.299453-0.0810249409820.05870584766731.0201.00.949927465516-0.05448598876170.3076834205580.00.02618979629460.9950983255670.09535940972680.0-0.311371008329-0.08252635628730.9466982072920.0	-0.299453-0.0810249409820.05870584766731.0233.00.947294758171-0.03406546495280.318546990630.00.01604105500180.9981269059960.05903697215490.0-0.319961444078-0.05081558446320.9460668320360.0	-0.299453-0.0810249409820.05870584766731.0272.00.945742296276-0.008074676649820.3248173465680.00.003775238131480.999896755830.0138645323430.0-0.324895762687-0.01188601182240.9456751377250.0	-0.299453-0.0810249409820.05870584766731.0300.00.9456502004990.00.325185636670.0-0.01.00.00.0-0.32518563667-0.00.9456502004990.0	-0.299453-0.0810249409820.05870584766731.0joint13joint12	1.01.00.00.00.00.01.00.00.00.00.01.00.0-0.0728537417472	-0.449533-0.09340558395211.033.00.9997700175930.02144555714312.64557060715e-080.0-0.02143744945590.999392079396-0.02749377022280.0-0.0005896456600140.02748744657220.9996219748480.0-0.0728537417472	-0.449533-0.09340558395211.071.00.9971057371210.07602729115049.38723123171e-080.0-0.07566569791480.992363524952-0.09741322550490.0-0.007406156812820.09713127891960.9952440220850.0-0.0728537417472	-0.449533-0.09340558395211.0107.00.9918958451920.1270536590991.57148893041e-070.0-0.1253625954920.97869407341-0.1626103635160.0-0.02066039549280.1612925242560.9866903616010.0-0.0728537417472	-0.449533-0.09340558395211.0149.00.9862031978020.1655392782532.05141504259e-070.0-0.1617906144250.963870728525-0.2116058027960.0-0.03502926959890.2086862862010.9773550962790.0-0.0728537417472	-0.449533-0.09340558395211.0192.00.9903148898640.1388395437681.71817401961e-070.0-0.1366314969870.974565550552-0.1776339542660.0-0.02466278461540.1759135263790.9840966305660.0-0.0728537417472	-0.449533-0.09340558395211.0238.00.9975435922130.07004842349378.64774548372e-080.0-0.06976565370730.993516843113-0.08976099382610.0-0.006287702025550.08954049818870.995963334660.0-0.0728537417472	-0.449533-0.09340558395211.0273.00.9998577885050.016864245212.71050543121e-200.0-0.01686030307240.999624064613-0.0216208146810.0-0.0003646187204210.02161773995260.9997662428650.0-0.0728537417472	-0.449533-0.09340558395211.0300.01.00.00.00.00.01.00.00.00.00.01.00.0-0.0728537417472	-0.449533-0.09340558395211.0joint14joint13	1.01.00.00.00.00.01.00.00.00.00.01.00.00.190541511999	-0.3189240.2442900513351.029.00.999937101868-0.01121571703331.35525271561e-200.00.0112145574810.9998337219960.01437922319490.0-0.000161273298513-0.01437831876860.9998966136260.00.190541511999	-0.3189240.2442900513351.065.00.998910106056-0.0466754755749-2.20209157608e-080.00.04659186834280.997120784670.05982757376390.0-0.00279245850041-0.05976236907950.9982087263780.00.190541511999	-0.3189240.2442900513351.0102.00.996492083216-0.0836870843545-3.9514408196e-080.00.08320472707770.9907484317580.1072124916250.0-0.00897226168163-0.1068364024140.9942361297190.00.190541511999	-0.3189240.2442900513351.0149.00.99333767884-0.115239992173-5.44700780886e-080.00.113978909210.982467413790.1475350436230.0-0.0170018837572-0.1465521239880.9890568289550.00.190541511999	-0.3189240.2442900513351.0191.00.995234767442-0.0975077313574-4.6059419897e-080.00.09674437711150.987443360270.1248844896540.0-0.0121771577868-0.1242893904740.9921712877540.00.190541511999	-0.3189240.2442900513351.0230.00.998348294194-0.0574515750895-2.7110026766e-080.00.05729562681130.9956383129020.07363125035610.0-0.00423020431698-0.07350963474560.9972855353260.00.190541511999	-0.3189240.2442900513351.0268.00.999861550624-0.01663969901990.00.00.01663591234080.9996340131650.02133274817230.0-0.000354970508853-0.02132979466660.9997724310340.00.190541511999	-0.3189240.2442900513351.0300.01.00.00.00.00.01.00.00.00.00.01.00.00.190541511999	-0.3189240.2442900513351.0joint15joint140.01.00.00.00.00.01.00.00.00.00.01.00.0-0.0579097510806	-0.194392-0.07424487443581.0joint16joint150.01.00.00.00.00.01.00.00.00.00.01.00.0-0.145708168996
-0.1245327-0.1868100861981.0joint7joint1
1.00.9456502004990.00.325185636670.0-0.01.00.00.0-0.32518563667-0.00.9456502004990.00.299452595253-0.08102609730430.05870557307681.030.00.94564788616-0.0008942826453910.3251911371180.0-0.003614190820660.9999055539930.01325974050810.0-0.325172282069-0.01371434840520.9455553413850.00.299452595253-0.08102609730430.05870557307681.063.00.945640815349-0.003397366514310.325195181770.0-0.01316618989730.9987256924170.04872004464420.0-0.324946302932-0.05035324425810.9443910477150.00.299452595253-0.08102609730430.05870557307681.0105.00.945629699048-0.006842492584940.3251732654670.0-0.02514117632940.9952494884360.09405518072640.0-0.324272097985-0.09711661064880.9409654459140.00.299452595253-0.08102609730430.05870557307681.0144.00.945620847866-0.009291482596610.3251382481850.0-0.03294081428560.991717251880.1241442510870.0-0.32359869412-0.1281037106210.9374824395630.00.299452595253-0.08102609730430.05870557307681.0168.00.945621100065-0.009224565946180.3251394200890.0-0.03273488052480.9918239404890.123343822990.0-0.32361885407-0.1272799216520.9375876806120.00.299452595253-0.08102609730430.05870557307681.0193.00.945626947089-0.007627444709180.3251638033750.0-0.02770136949050.9942038707090.103881170550.0-0.324071459815-0.1072403168290.9399346803790.00.299452595253-0.08102609730430.05870557307681.0225.00.945636254465-0.004870760948140.325189713750.0-0.01844174443760.9974759717460.06856812562890.0-0.324702904673-0.07083757109020.9431596165120.00.299452595253-0.08102609730430.05870557307681.0259.00.945645043125-0.001937924790520.3251948598320.0-0.007691965599110.9995691873650.02832443001550.0-0.325109652393-0.02928624451830.9452227408410.00.299452595253-0.08102609730430.05870557307681.0300.00.9456502004990.00.325185636670.0-0.01.00.00.0-0.32518563667-0.00.9456502004990.00.299452595253-0.08102609730430.05870557307681.0joint8joint7	1.01.00.00.00.00.01.00.00.00.00.01.00.00.0-0.449531600892-0.1184576515861.030.01.00.0-0.00.0-0.00.999597218585-0.02837958062430.00.00.02837958062430.9995972185850.00.0-0.449531600892-0.1184576515861.059.01.00.0-0.00.0-0.00.995499887821-0.09476272130580.00.00.09476272130580.9954998878210.00.0-0.449531600892-0.1184576515861.096.01.00.0-0.00.0-0.00.983403569262-0.1814315848010.00.00.1814315848010.9834035692620.00.0-0.449531600892-0.1184576515861.0137.01.00.0-0.00.0-0.00.965566538874-0.2601562203890.00.00.2601562203890.9655665388740.00.0-0.449531600892-0.1184576515861.0179.01.00.0-0.00.0-0.00.968232902835-0.250050086720.00.00.250050086720.9682329028350.00.0-0.449531600892-0.1184576515861.0221.01.00.0-0.00.0-0.00.987640432989-0.1567366425760.00.00.1567366425760.9876404329890.00.0-0.449531600892-0.1184576515861.0262.01.00.0-0.00.0-0.00.998578833694-0.05329458600950.00.00.05329458600950.9985788336940.00.0-0.449531600892-0.1184576515861.0300.01.00.00.00.00.01.00.00.00.00.01.00.00.0-0.449531600892-0.1184576515861.0joint9joint8	1.01.00.00.00.00.01.00.00.00.00.01.00.00.0-0.3189244465790.3098123195341.025.01.00.00.00.00.00.999919509170.01268759952680.00.0-0.01268759952680.999919509170.00.0-0.3189244465790.3098123195341.062.01.00.00.00.00.00.9974880580820.07083483595350.00.0-0.07083483595350.9974880580820.00.0-0.3189244465790.3098123195341.099.01.00.00.00.00.00.9913783217250.1310306193770.00.0-0.1310306193770.9913783217250.00.0-0.3189244465790.3098123195341.0143.01.00.00.00.00.00.9827545000080.1849150959620.00.0-0.1849150959620.9827545000080.00.0-0.3189244465790.3098123195341.0179.01.00.00.00.00.00.9846361162720.1746187805830.00.0-0.1746187805830.9846361162720.00.0-0.3189244465790.3098123195341.0224.01.00.00.00.00.00.9945931210410.103848560790.00.0-0.103848560790.9945931210410.00.0-0.3189244465790.3098123195341.0263.01.00.00.00.00.00.9993754368670.03533746153540.00.0-0.03533746153540.9993754368670.00.0-0.3189244465790.3098123195341.0300.01.00.00.00.00.01.00.00.00.00.01.00.00.0-0.3189244465790.3098123195341.0joint10joint90.01.00.00.00.00.01.00.00.00.00.01.00.00.0-0.194392043629-0.09415864613281.0joint11joint100.01.00.00.00.00.01.00.00.00.00.01.00.00.0-0.12453240295-0.2369153031731.0