joint1root1.0-0.0538525021850.00.998548901160.0-0.01.00.00.0-0.99854890116-0.0-0.0538525021850.00.09580610058081.11339579748-0.11194978121.013.0-0.318993593598-0.007124556361950.9477300923470.0-0.03498840605170.999378622597-0.004263817398750.0-0.947110816476-0.034519695733-0.3190446550580.02.38524477947e-181.06616010974-0.2018059206611.020.0-0.1748955274290.00.984586996910.0-0.01.00.00.0-0.98458699691-0.0-0.1748955274290.0-0.09185408924751.10992988561-0.09949803374851.033.00.202484814547-0.00283640374310.9792812949770.0-0.04175186095650.9990615185330.01152667748420.0-0.978394951941-0.04322079361790.2021763611670.04.77048955894e-181.06406662831-0.2477359684611.040.0-0.0538525021850.00.998548901160.0-0.01.00.00.0-0.99854890116-0.0-0.0538525021850.00.09580610058081.11339579748-0.11194978121.0joint2joint11.01.00.00.00.00.01.00.00.00.00.01.00.00.0-0.0909753093958-0.4153220646331.013.00.968204974875-3.46944695195e-18-0.2501582031970.00.03423848415980.9905893878290.1325156252010.00.247804061365-0.1368673252460.9590935733550.00.0-0.0909753093958-0.4153220646331.020.00.997240772497-0.000973694194192-0.07422865747110.00.0009573112556680.999999508936-0.0002562878081340.00.0742288705660.0001845207224750.9972412149160.00.0-0.0909753093958-0.4153220646331.033.00.928338818032-0.003217116760160.3717212518730.0-0.04860594248720.9903271880640.1299596973520.0-0.368543757632-0.1387144936210.919202800240.00.0-0.0909753093958-0.4153220646331.040.01.00.00.00.00.01.00.00.00.00.01.00.00.0-0.0909753093958-0.4153220646331.0joint3joint21.01.00.00.00.00.01.00.00.00.00.01.00.00.0-0.0474653788152-0.249193238781.013.01.00.00.00.00.00.9942658370950.1069366409910.00.0-0.1069366409910.9942658370950.00.0-0.0474653788152-0.249193238781.020.01.00.0-0.00.0-0.00.998958856592-0.04562020207510.00.00.04562020207510.9989588565920.00.0-0.0474653788152-0.249193238781.033.01.00.00.00.00.00.995376383280.09605131757310.00.0-0.09605131757310.995376383280.00.0-0.0474653788152-0.249193238781.040.01.00.00.00.00.01.00.00.00.00.01.00.00.0-0.0474653788152-0.249193238781.0joint4joint31.01.00.00.00.00.01.00.00.00.00.01.00.00.0-0.1067971023340.00395544823461.013.01.00.0-0.00.0-0.00.991566981042-0.1295952240880.00.00.1295952240880.9915669810420.00.0-0.1067971023340.00395544823461.021.01.00.0-0.00.0-0.00.979731394301-0.2003157383270.00.00.2003157383270.9797313943010.00.0-0.1067971023340.00395544823461.022.01.00.0-0.00.0-0.00.980045076471-0.198775370920.00.00.198775370920.9800450764710.00.0-0.1067971023340.00395544823461.031.01.00.0-0.00.0-0.00.995476880574-0.0950041064470.00.00.0950041064470.9954768805740.00.0-0.1067971023340.00395544823461.040.01.00.00.00.00.01.00.00.00.00.01.00.00.0-0.1067971023340.00395544823461.0joint5joint11.01.00.00.00.00.01.00.00.00.00.01.00.00.00.00.4034557199291.013.00.941028127662-0.00903961607805-0.3382075520890.0-0.06664795844490.975102163562-0.2115037121480.00.3316988281310.2215717851140.9169960912990.00.00.00.4034557199291.022.00.999042232883-0.01582650328910.04079385627430.00.0123227235480.9963257283790.08475372235760.0-0.0419853236315-0.08416985661590.9955665059840.00.00.00.4034557199291.032.00.968404169766-0.00639696113780.2493039166720.00.06459857790150.971985748864-0.2259883354050.0-0.2408742155420.2349527248070.9416882867450.00.00.00.4034557199291.040.01.00.00.00.00.01.00.00.00.00.01.00.00.00.00.4034557199291.0joint6joint51.01.00.00.00.00.00.9879593993480.1547133647720.00.0-0.1547133647720.9879593993480.00.0-0.0988862058650.3836784787561.013.00.9960222638780.0-0.08910471289310.00.01.00.00.00.08910471289310.00.9960222638780.00.0-0.0988862058650.3836784787561.021.00.9999995670870.0-0.0009304971639780.00.000143960347150.9879593993480.1547132977950.00.000919293419219-0.1547133647720.9879589716480.00.0-0.0988862058650.3836784787561.029.00.9961863603430.00.08725099120540.0-0.01.00.00.0-0.0872509912054-0.00.9961863603430.00.0-0.0988862058650.3836784787561.040.01.00.00.00.00.00.9879593993480.1547133647720.00.0-0.1547133647720.9879593993480.00.0-0.0988862058650.3836784787561.0joint12joint1
1.00.950042618919-0.298706188149-0.0905187019310.00.3112362829570.8848269679070.3467177714440.0-0.0234733553032-0.3575693639360.9335915335760.0	-0.299453-0.0810249409820.05870584766731.05.00.942996802493-0.262608772912-0.2044349844750.00.3324113499960.7134844704320.6168002957570.0-0.0161159821645-0.6495972158510.7601077109710.0	-0.299453-0.0810249409820.05870584766731.010.00.958189683195-0.267891735724-0.1005313331770.00.2687090767210.7217366215790.6378806166990.0-0.098325800822-0.638224307750.7635455257480.0	-0.299453-0.0810249409820.05870584766731.015.00.983362408706-0.175568544778-0.04662680804440.00.1728041760480.8249696173990.5381113705440.0-0.0560097302618-0.5372158006360.8415830877950.0	-0.299453-0.0810249409820.05870584766731.020.00.9834307364710.08502023815790.1601110416770.0-0.07686850811470.99544206867-0.05644750111810.0-0.1641804465320.04320471069010.9854837055730.0	-0.299453-0.0810249409820.05870584766731.023.00.9398824773990.2196003094960.2615274990270.0-0.1012601275220.910595745666-0.4007016028790.0-0.3261400239970.350130107310.8780897406890.0	-0.299453-0.0810249409820.05870584766731.026.00.9088012619320.2963947756680.2936501375240.0-0.02501281489720.741247829732-0.6707652450810.0-0.4164788414820.6022472846550.6810606307250.0	-0.299453-0.0810249409820.05870584766731.031.00.8502247266340.2803305574750.4455700761570.00.1418879043750.693055524013-0.7067827553270.0-0.506937606430.6641451792950.5494774281140.0	-0.299453-0.0810249409820.05870584766731.035.00.903495025147-0.1034140190640.4159354279150.00.194120813670.963945991017-0.1820033958550.0-0.3821175856120.2451808864160.890995220920.0	-0.299453-0.0810249409820.05870584766731.040.00.950042618919-0.298706188149-0.0905187019310.00.3112362829570.8848269679070.3467177714440.0-0.0234733553032-0.3575693639360.9335915335760.0	-0.299453-0.0810249409820.05870584766731.0joint13joint12
1.00.7922307191990.6102216708368.09613690783e-070.0-0.4066235718510.527906994857-0.7456349479440.0-0.4550030311690.5907145818620.6663546536220.0-0.0728537417472	-0.449533-0.09340558395211.07.00.9234056369880.3838255197074.85930256866e-070.0-0.3359027999490.808113994903-0.4838605999950.0-0.1857184389460.4467994423270.8751450849840.0-0.0728537417472	-0.449533-0.09340558395211.012.00.988672409960.1500895258981.85841756139e-070.0-0.1472982606650.970285975371-0.1919592363050.0-0.02881125108830.1897847733970.9814028997290.0-0.0728537417472	-0.449533-0.09340558395211.016.00.9661566175520.2579561791473.2183488044e-070.0-0.2436583120550.91260537759-0.3283017693530.0-0.08468776373770.3171908485970.9445728919670.0-0.0728537417472	-0.449533-0.09340558395211.020.00.9805393762340.196322519482.43752418895e-070.0-0.190055554180.949239120071-0.2506471209720.0-0.04920790566890.2457693253260.9680785199290.0-0.0728537417472	-0.449533-0.09340558395211.025.00.994706050854-0.102049930989-0.01206996187120.00.1027235891030.9842795723440.1436718055430.0-0.00278148093187-0.1441510841140.9895517815220.0-0.0728537417472	-0.449533-0.09340558395211.027.00.963952214106-0.264194997666-0.03157739900680.00.2618893590020.9211126885760.2880371132090.0-0.0470116215546-0.2859237978080.9570984741840.0-0.0728537417472	-0.449533-0.09340558395211.032.00.9997454833370.02256033127332.78311433329e-080.0-0.02255089232390.999327238497-0.02892278778280.0-0.0006525354861480.02891542582380.9995816486650.0-0.0728537417472	-0.449533-0.09340558395211.035.00.9001616557630.4355559590835.5589619169e-070.0-0.3648547493160.754044462073-0.5461666056420.0-0.237886538910.4916380332360.8376765717630.0-0.0728537417472	-0.449533-0.09340558395211.040.00.7922307191990.6102216708368.09613690783e-070.0-0.4066235718510.527906994857-0.7456349479440.0-0.4550030311690.5907145818620.6663546536220.0-0.0728537417472	-0.449533-0.09340558395211.0joint14joint13	1.00.897900310095-0.440198856349-2.14972202303e-070.00.3671457990190.7488892881830.5516962899170.0-0.242855914883-0.4953683487210.8340450849280.00.190541511999	-0.3189240.2442900513351.05.00.929810942865-0.368037512394-1.77751006719e-070.00.3258999515750.8233542735750.4646256146070.0-0.170999509042-0.4320140387260.8855072208910.00.190541511999	-0.3189240.2442900513351.09.00.980542844861-0.196305194509-9.318589431e-080.00.1900400989060.9492486244750.2506228436110.0-0.0491984776068-0.2457464537710.9680848053040.00.190541511999	-0.3189240.2442900513351.014.00.993857901498-0.110663777409-5.22979580666e-080.00.1095472707160.9838306239610.1416922680840.0-0.0156801501635-0.1408219859460.9899107541420.00.190541511999	-0.3189240.2442900513351.020.00.990598060014-0.136804544867-6.47222186418e-080.00.1346924898260.9753046429920.1750393856920.0-0.0239461203694-0.173393684610.9845614320380.00.190541511999	-0.3189240.2442900513351.026.00.9751566261190.21893815036-0.03369927082350.0-0.2200676315010.940131287692-0.2602371984710.0-0.02529411201450.2611881471650.9649564548090.00.190541511999	-0.3189240.2442900513351.031.00.9906373749950.134947081145-0.02066099111330.0-0.1365113636960.977509311535-0.160748852080.0-0.001496277186850.162064280930.9867790684860.00.190541511999	-0.3189240.2442900513351.036.00.928026220353-0.372514878009-1.80024181715e-070.00.3287888416170.8190936775010.4700887630080.0-0.175114910749-0.4362547571540.8826191448720.00.190541511999	-0.3189240.2442900513351.040.00.897900310095-0.440198856349-2.14972202303e-070.00.3671457990190.7488892881830.5516962899170.0-0.242855914883-0.4953683487210.8340450849280.00.190541511999	-0.3189240.2442900513351.0joint15joint141.01.00.00.00.00.01.00.00.00.00.01.00.0-0.0579097510806	-0.194392-0.07424487443581.013.00.9652455767140.2576693565390.04367469902850.0-0.1984587377930.831410462163-0.5190094149440.0-0.170044423690.4923039164050.8536520063030.0-0.0579097510806	-0.194392-0.07424487443581.020.01.00.00.00.00.00.9689647628290.2471988842910.00.0-0.2471988842910.9689647628290.0-0.0579097510806	-0.194392-0.07424487443581.029.00.949919377277-0.3124467414790.005496400012590.00.2810601562170.8619199144450.4220180679430.0-0.136595626803-0.3993383212540.9065707583620.0-0.0579097510806	-0.194392-0.07424487443581.034.00.9898714818350.118913815905-0.07754968624880.0-0.114582795870.9917128851230.05810625071180.00.0838166590902-0.04863186062670.9952937806450.0-0.0579097510806	-0.194392-0.07424487443581.040.01.00.00.00.00.01.00.00.00.00.01.00.0-0.0579097510806	-0.194392-0.07424487443581.0joint16joint151.00.8439584535880.515194206712-0.1493621705390.0-0.4763355622790.591765077235-0.6503218629830.0-0.2466547399220.6199911473040.7448304616070.0-0.145708168996
-0.1245327-0.1868100861981.011.00.8439584535880.515194206712-0.1493621705390.0-0.4763355622790.591765077235-0.6503218629830.0-0.2466547399220.6199911473040.7448304616070.0-0.145708168996
-0.1245327-0.1868100861981.013.00.9955830298050.0808627112820.04770380162390.0-0.06706001820890.968090621584-0.241461181890.0-0.0657068088030.2371956372410.9692372490530.0-0.145708168996
-0.1245327-0.1868100861981.020.00.9827935445050.183954776655-0.01665800182140.0-0.1760039565980.905309784312-0.3865705649580.0-0.05603084990220.3828509299660.9221093803250.0-0.145708168996
-0.1245327-0.1868100861981.026.00.981509919959-0.0224384777224-0.1900915351620.00.0353421035930.9972744923560.06476513422020.00.188120208209-0.07028585643240.9796278301730.0-0.145708168996
-0.1245327-0.1868100861981.032.00.978856316939-0.0603024095667-0.1954582568990.00.1074851628540.9646349052320.2406791211850.00.174032326181-0.2565991407010.9507205848390.0-0.145708168996
-0.1245327-0.1868100861981.040.00.8439584535880.515194206712-0.1493621705390.0-0.4763355622790.591765077235-0.6503218629830.0-0.2466547399220.6199911473040.7448304616070.0-0.145708168996
-0.1245327-0.1868100861981.0joint7joint11.00.94287090715-0.03011348308060.3317945608150.00.0820578806930.986216579872-0.1436779795280.0-0.3228946525810.1626961453810.9323459699130.00.299452595253-0.08102609730430.05870557307681.03.00.968255218481-0.01552621099830.2494809985880.00.05943521771260.983744912392-0.1694502943020.0-0.2427947420760.1788990891980.9534389488080.00.299452595253-0.08102609730430.05870557307681.07.00.9919805331550.07974330609790.09805930335470.0-0.02766592588550.894024816721-0.4471624130370.0-0.1233256598880.4408635074720.8890613867410.00.299452595253-0.08102609730430.05870557307681.09.00.9901803660410.1339218192290.04009724480210.0-0.08447775216940.801751547291-0.5916569663290.0-0.1113838053530.5824597863810.8051920548260.00.299452595253-0.08102609730430.05870557307681.013.00.9765674922390.214643722627-0.01562067345390.0-0.1561788458940.65688766569-0.7376359283270.0-0.1480678938780.7227908874640.6750179492440.00.299452595253-0.08102609730430.05870557307681.016.00.9748134133250.222998020143-0.00326989513970.0-0.1933139103960.837559303149-0.5110030780290.0-0.1112139435930.4987647709290.8595726624490.00.299452595253-0.08102609730430.05870557307681.020.00.965421609110.2109388045130.1531859569740.0-0.2269335876720.9692077568780.09559011869940.0-0.128305352383-0.1270478050070.9835632118950.00.299452595253-0.08102609730430.05870557307681.022.00.9590157975620.1200884739480.2566465632940.0-0.2214428990720.8827301193860.4144280139890.0-0.176781623696-0.4542755713810.8731448692920.00.299452595253-0.08102609730430.05870557307681.026.00.915319513506-0.1168419701010.3854064636440.0-0.2648188704390.5463748274840.7945725352360.0-0.30341581049-0.8293506507590.4691655827430.00.299452595253-0.08102609730430.05870557307681.030.00.853691671474-0.1139408074730.5081614137740.0-0.2805641286120.7214360454720.6330985721280.0-0.438741723333-0.6830428424970.5839162401580.00.299452595253-0.08102609730430.05870557307681.033.00.831136118539-0.1055896150380.5459519994070.0-0.1975113610090.8617290786820.4673459716580.0-0.51980959469-0.4962598393480.6953590131140.00.299452595253-0.08102609730430.05870557307681.036.00.859390870573-0.08931546297020.5034581210490.0-0.0679802929350.955927032450.2856259589110.0-0.506780042373-0.2796895720360.8154432732850.00.299452595253-0.08102609730430.05870557307681.040.00.94287090715-0.03011348308060.3317945608150.00.0820578806930.986216579872-0.1436779795280.0-0.3228946525810.1626961453810.9323459699130.00.299452595253-0.08102609730430.05870557307681.0joint8joint71.01.00.0-0.00.0-0.00.980620248338-0.1959181679950.00.00.1959181679950.9806202483380.00.0-0.449531600892-0.1184576515861.05.01.00.0-0.00.0-0.00.99264554573-0.1210570962120.00.00.1210570962120.992645545730.00.0-0.449531600892-0.1184576515861.010.01.00.00.00.00.00.9432054860090.3322098902250.00.0-0.3322098902250.9432054860090.00.0-0.449531600892-0.1184576515861.012.01.00.00.00.00.00.8757467414090.4827707995630.00.0-0.4827707995630.8757467414090.00.0-0.449531600892-0.1184576515861.015.01.00.00.00.00.00.9905901203530.1368620234380.00.0-0.1368620234380.9905901203530.00.0-0.449531600892-0.1184576515861.018.01.00.0-0.00.0-0.00.809869378426-0.5866102538210.00.00.5866102538210.8098693784260.00.0-0.449531600892-0.1184576515861.020.01.00.0-0.00.0-0.00.574826121514-0.8182755831780.00.00.8182755831780.5748261215140.00.0-0.449531600892-0.1184576515861.025.01.00.0-0.00.0-0.00.504622300487-0.8633402190630.00.00.8633402190630.5046223004870.00.0-0.449531600892-0.1184576515861.028.01.00.0-0.00.0-0.00.571857623803-0.8203528863230.00.00.8203528863230.5718576238030.00.0-0.449531600892-0.1184576515861.031.01.00.0-0.00.0-0.00.837206049251-0.546887585430.00.00.546887585430.8372060492510.00.0-0.449531600892-0.1184576515861.035.01.00.0-0.00.0-0.00.900543382773-0.4347661621430.00.00.4347661621430.9005433827730.00.0-0.449531600892-0.1184576515861.037.01.00.0-0.00.0-0.00.914251235693-0.4051477237180.00.00.4051477237180.9142512356930.00.0-0.449531600892-0.1184576515861.040.01.00.0-0.00.0-0.00.980620248338-0.1959181679950.00.00.1959181679950.9806202483380.00.0-0.449531600892-0.1184576515861.0joint9joint8	1.01.00.00.00.00.00.9906372609450.1365203912540.00.0-0.1365203912540.9906372609450.00.0-0.3189244465790.3098123195341.06.01.00.00.00.00.00.999315222070.03700117482620.00.0-0.03700117482620.999315222070.00.0-0.3189244465790.3098123195341.011.01.00.0-0.00.0-0.00.866522169087-0.499138588450.00.00.499138588450.8665221690870.00.0-0.3189244465790.3098123195341.016.01.00.00.00.00.00.9964086225550.08467500751410.00.0-0.08467500751410.9964086225550.00.0-0.3189244465790.3098123195341.021.01.00.00.00.00.00.7375815570080.6752580593830.00.0-0.6752580593830.7375815570080.00.0-0.3189244465790.3098123195341.026.01.00.00.00.00.00.7759651278370.6307758083350.00.0-0.6307758083350.7759651278370.00.0-0.3189244465790.3098123195341.031.01.00.00.00.00.00.9203357555310.3911292588020.00.0-0.3911292588020.9203357555310.00.0-0.3189244465790.3098123195341.035.01.00.00.00.00.00.9516095925780.307309588710.00.0-0.307309588710.9516095925780.00.0-0.3189244465790.3098123195341.040.01.00.00.00.00.00.9906372609450.1365203912540.00.0-0.1365203912540.9906372609450.00.0-0.3189244465790.3098123195341.0joint10joint91.01.00.00.00.00.00.9850708615980.1721493468770.00.0-0.1721493468770.9850708615980.00.0-0.194392043629-0.09415864613281.013.00.99801091454-0.0521006091255-0.03549283008330.00.0630413710080.8248071977180.5618886652470.0-3.46944695195e-18-0.5630085373430.8264510795440.00.0-0.194392043629-0.09415864613281.017.01.00.0-0.00.0-0.00.861059195976-0.5085047305820.00.00.5085047305820.8610591959760.00.0-0.194392043629-0.09415864613281.034.00.9691441200150.221215138604-0.1087360891970.0-0.2464947760930.869752106855-0.4275179504760.0-3.46944695195e-170.4411293858650.8974435162880.00.0-0.194392043629-0.09415864613281.040.01.00.00.00.00.00.9850708615980.1721493468770.00.0-0.1721493468770.9850708615980.00.0-0.194392043629-0.09415864613281.0joint11joint10	1.01.00.00.00.00.01.00.00.00.00.01.00.00.0-0.12453240295-0.2369153031731.06.01.00.00.00.00.01.00.00.00.00.01.00.00.0-0.12453240295-0.2369153031731.012.01.00.00.00.00.00.9370927728010.3490804136060.00.0-0.3490804136060.9370927728010.00.0-0.12453240295-0.2369153031731.014.01.00.00.00.00.00.9663523445970.2572219782440.00.0-0.2572219782440.9663523445970.00.0-0.12453240295-0.2369153031731.016.01.00.00.00.00.00.6974977687910.7165869539230.00.0-0.7165869539230.6974977687910.00.0-0.12453240295-0.2369153031731.019.01.00.0-0.00.0-0.00.997143692739-0.07552784937820.00.00.07552784937820.9971436927390.00.0-0.12453240295-0.2369153031731.024.01.00.0-0.00.0-0.00.354595119732-0.9350199468790.00.00.9350199468790.3545951197320.00.0-0.12453240295-0.2369153031731.028.01.00.0-0.00.0-0.00.999881043396-0.01542397667770.00.00.01542397667770.9998810433960.00.0-0.12453240295-0.2369153031731.040.01.00.00.00.00.01.00.00.00.00.01.00.00.0-0.12453240295-0.2369153031731.0