joint1root1.01.00.00.00.00.01.00.00.00.00.01.00.00.01.21431494098-0.1716288476671.025.00.9966533896320.07313888960430.03650648931410.0-0.06750410960320.988264547914-0.1370269262690.0-0.04610006639110.1341040124810.9898943871520.0-0.04282537987010.995146480718-0.03286082995751.037.00.9989523103180.0456709135429-0.002906779499280.0-0.04563439529060.9988910089620.01158681064320.00.00343273613399-0.01144202213660.999928645680.0-0.04016121032121.1421077335-0.6203600655281.047.00.9985607214430.0517697724593-0.01401343109890.0-0.05166220045460.9986331102450.007932727518380.00.0144049517821-0.007197345427270.9998703393860.0-0.03641756942841.09023449845-0.5989545448151.056.00.9711046458310.1121946175-0.2106374483540.0-0.07503357799540.9813828034850.1767986289440.00.226551824133-0.1558850885340.9614437633860.0-0.026389278571.0875931422-0.4473391499961.064.00.9914629368090.0935831968642-0.09079333785620.0-0.06719397531090.9634558466480.2593025284130.00.111741731758-0.250988081040.9615189902230.0-0.02063476966361.08728585377-0.2818865997721.081.00.9993455366080.0260115719579-0.02513755329110.0-0.02412208684880.9970584523940.07275003391940.00.0269559527236-0.07209605144180.9970333675360.0-0.02361793077481.16380066982-0.08810067623381.090.01.00.00.00.00.01.00.00.00.00.01.00.00.01.21431494098-0.1716288476671.0joint2joint11.01.00.00.00.00.01.00.00.00.00.01.00.00.0-0.0909753093958-0.4153220646331.022.01.00.0-0.00.0-0.00.98344520341-0.1812057722320.00.00.1812057722320.983445203410.00.0-0.0909753093958-0.4153220646331.034.01.00.00.00.00.00.9866871746920.1626296999290.00.0-0.1626296999290.9866871746920.00.0-0.0909753093958-0.4153220646331.042.01.00.00.00.00.00.9737336872290.2276899346810.00.0-0.2276899346810.9737336872290.00.0-0.0909753093958-0.4153220646331.056.00.963798052211-0.0765210967545-0.2554169851570.00.1067407045630.9885543565030.1066147561460.00.244335295331-0.1300184832640.9609346790830.00.0-0.0909753093958-0.4153220646331.069.00.9070885462530.1203687221420.4033630374570.0-0.0243313153420.971634723016-0.2352316988050.0-0.4202360721670.203561626440.8842874577260.00.0-0.0909753093958-0.4153220646331.090.01.00.00.00.00.01.00.00.00.00.01.00.00.0-0.0909753093958-0.4153220646331.0joint3joint21.01.00.00.00.00.01.00.00.00.00.01.00.00.0-0.0474653788152-0.249193238781.018.00.9260810124010.07084561227010.3706141628340.00.0007555790796770.981865227858-0.1895787525660.0-0.3773239822370.1758453114140.9092332147930.00.0-0.0474653788152-0.249193238781.038.00.991654455697-0.1030405922090.07748597842790.00.05829670855510.8944464142280.443358890570.0-0.114991018203-0.4351416418050.8929886994250.00.0-0.0474653788152-0.249193238781.047.00.985462847929-0.07799937042550.1509273784450.00.04717920121040.9790786119710.1979373500730.0-0.163208756886-0.1879392715590.9685255452910.00.0-0.0474653788152-0.249193238781.059.00.961669163008-0.0593277481281-0.2677174615560.00.1462884627140.9367744620750.3178888058440.00.231931254031-0.3448678377380.9095460779410.00.0-0.0474653788152-0.249193238781.071.00.934203209844-0.05201568871930.3529287900470.00.06688462129330.997307872013-0.03005754240690.0-0.3504151968040.05168536106230.9351672648790.00.0-0.0474653788152-0.249193238781.090.01.00.00.00.00.01.00.00.00.00.01.00.00.0-0.0474653788152-0.249193238781.0joint4joint31.01.00.00.00.00.01.00.00.00.00.01.00.00.0-0.1067971023340.00395544823461.013.01.00.00.00.00.01.00.00.00.00.01.00.00.0-0.1067971023340.00395544823461.025.01.00.0-0.00.0-0.00.938369930038-0.3456325713820.00.00.3456325713820.9383699300380.00.0-0.1067971023340.00395544823461.037.01.00.0-0.00.0-0.00.970771249547-0.2400066271030.00.00.2400066271030.9707712495470.00.0-0.1067971023340.00395544823461.045.01.00.00.00.00.00.9635900469660.2673840335320.00.0-0.2673840335320.9635900469660.00.0-0.1067971023340.00395544823461.090.01.00.00.00.00.01.00.00.00.00.01.00.00.0-0.1067971023340.00395544823461.0joint5joint11.01.00.00.00.00.01.00.00.00.00.01.00.00.00.00.4034557199291.017.00.878379004920.192029128322-0.4376929718320.05.13478148889e-160.9157431615240.4017641872070.00.477964772463-0.3529012269720.8043695669820.00.00.00.4034557199291.021.00.8950279259240.184623081871-0.4060041002950.0-0.01084726431830.9190438089310.3940061092450.00.445878176942-0.3482424369690.8245725295090.00.00.00.4034557199291.037.00.799395926895-0.1211106453490.5884712088510.00.1945447120890.978880227296-0.06281604578080.0-0.5684351388350.1646988530390.8060743022490.00.00.00.4034557199291.044.00.768104725804-0.1293285747770.6271277780040.00.2282113044660.970368631018-0.07939975094480.0-0.5982764667880.2041049722140.7748589740110.00.00.00.4034557199291.090.01.00.00.00.00.01.00.00.00.00.01.00.00.00.00.4034557199291.0joint6joint51.01.00.00.00.00.01.00.00.00.00.01.00.00.0-0.0988862058650.3836784787561.017.00.8442784235170.357421019623-0.3993045934060.01.38777878078e-160.7451036100220.6669487314120.00.535904789663-0.5630904235230.6290749012270.00.0-0.0988862058650.3836784787561.022.00.8593447877260.349150346636-0.3736583616790.0-0.02193607563520.755156531870.6551773965570.00.510925967626-0.5548266826830.6565988179910.00.0-0.0988862058650.3836784787561.036.00.916735844066-0.02640741295150.3986201710210.00.06040728537040.995502771918-0.07297390614960.0-0.394900433120.09097735787420.9142082740140.00.0-0.0988862058650.3836784787561.047.00.880661931074-0.06181823689770.4696946547950.00.1463257466820.978466294664-0.1455763925370.0-0.450581112580.1969320080470.8707436162230.00.0-0.0988862058650.3836784787561.090.01.00.00.00.00.01.00.00.00.00.01.00.00.0-0.0988862058650.3836784787561.0joint12joint1	1.00.9216732507710.005202677770740.3879321473630.0-0.006481479049920.9999770186810.001988099374190.0-0.38791288873-0.004346752098990.9216857905510.0	-0.299453-0.0810249409820.05870584766731.018.00.969667414533-0.187374784280.156957941530.00.1019313060680.893626630180.4370828922250.0-0.222160109012-0.4078261100620.8856199805310.0	-0.299453-0.0810249409820.05870584766731.024.00.979072690415-0.1931762999250.06402799411570.00.1320097918820.8422845056860.5226186241690.0-0.154887319462-0.5032293002480.8501589202270.0	-0.299453-0.0810249409820.05870584766731.035.00.9217133273150.1801723753090.3434857455930.0-0.008453997180290.894686635021-0.4466143247210.0-0.3877796696340.4087465477410.8261677720220.0	-0.299453-0.0810249409820.05870584766731.048.00.9153473384690.1609475459910.3691004435060.00.02221744905490.895059966419-0.4453920087650.0-0.4020517813850.4158888600980.8157149141280.0	-0.299453-0.0810249409820.05870584766731.059.00.8489673787750.002983818920630.5284368331230.00.1516934553150.956522452886-0.249106187680.0-0.506204983570.2916434363230.8116037337630.0	-0.299453-0.0810249409820.05870584766731.070.00.921723272269-0.05971487790840.3832236197230.00.09390905130020.993036485314-0.07113106859310.0-0.3763074533420.1015513278680.9209126062590.0	-0.299453-0.0810249409820.05870584766731.081.00.920264365369-0.06119188666710.3864829243820.00.0180551699940.9932850368590.1142753096220.0-0.390880427585-0.09818548038720.9151896539910.0	-0.299453-0.0810249409820.05870584766731.090.00.9216732507710.005202677770740.3879321473630.0-0.006481479049920.9999770186810.001988099374190.0-0.38791288873-0.004346752098990.9216857905510.0	-0.299453-0.0810249409820.05870584766731.0joint13joint12	1.01.00.00.00.00.01.00.00.00.00.01.00.0-0.0728537417472	-0.449533-0.09340558395211.011.00.9791899796130.2029457657232.52090226586e-070.0-0.1960191777110.945770310805-0.2590270278730.0-0.05256867693410.2536366207270.9658700734730.0-0.0728537417472	-0.449533-0.09340558395211.021.00.9028376292810.4299816451365.4826884989e-070.0-0.3620356809340.760171359365-0.5395087303580.0-0.2319792682230.48708858460.8419800056220.0-0.0728537417472	-0.449533-0.09340558395211.033.00.9952579565780.09727075546171.20176142321e-070.0-0.09651292515270.987504118651-0.1245827874360.0-0.01211838052590.123991998850.9922092163830.0-0.0728537417472	-0.449533-0.09340558395211.045.00.999335136315-0.0362077791139-0.004275752252590.00.03637903915320.9980331769750.05105235711760.00.00241885013486-0.0511739620180.9986868251740.0-0.0728537417472	-0.449533-0.09340558395211.056.00.9703633147420.2416506515693.01062735471e-070.0-0.2299160577610.923242702433-0.3078335894410.0-0.0743884654170.2987103530190.9514402142080.0-0.0728537417472	-0.449533-0.09340558395211.067.00.9499484947760.3124065576663.91922842964e-070.0-0.2868431115210.872217085755-0.3961797378590.0-0.1237694899630.376350233220.9181729767910.0-0.0728537417472	-0.449533-0.09340558395211.078.00.9805184602070.1964269563832.43883802844e-070.0-0.190149932270.949185302225-0.2507793159270.0-0.04926004924220.245893702330.9680442834410.0-0.0728537417472	-0.449533-0.09340558395211.090.01.00.00.00.00.01.00.00.00.00.01.00.0-0.0728537417472	-0.449533-0.09340558395211.0joint14joint13	1.01.00.00.00.00.01.00.00.00.00.01.00.00.190541511999	-0.3189240.2442900513351.013.00.983389112016-0.181509929119-8.60801936536e-080.00.1765629132260.9565869334780.2318770716830.0-0.0420879085023-0.2280254028170.9727450969440.00.190541511999	-0.3189240.2442900513351.023.00.948079501518-0.318033424033-1.52640732762e-070.00.2910440326260.8676220767510.403144270710.0-0.128213220359-0.382212863640.9151364362730.00.190541511999	-0.3189240.2442900513351.034.00.999999713146-0.000757434671658-5.29395592034e-230.00.0007574343145210.9999992416390.0009710898102550.0-7.35537091581e-07-0.0009710895316940.9999995284920.00.190541511999	-0.3189240.2442900513351.046.00.9995607745470.029296107046-0.004471699822830.0-0.02943468909880.998955833847-0.03494053664130.00.003443408923540.03505681296220.9993793888210.00.190541511999	-0.3189240.2442900513351.058.00.982431515117-0.186623466117-8.85337460461e-080.00.1812444141950.9541147586920.2383599999340.0-0.0444834849001-0.2341723919250.9711768687690.00.190541511999	-0.3189240.2442900513351.071.00.979313718668-0.202347820422-9.60940579955e-080.00.1954828318670.946088738660.2582683895210.0-0.0522599547899-0.2529257957410.9660732058050.00.190541511999	-0.3189240.2442900513351.080.00.993276150843-0.115769115767-5.4721302864e-080.00.1144905511260.9823062486560.1482104839580.0-0.0171581429222-0.1472139452850.9889558394820.00.190541511999	-0.3189240.2442900513351.090.01.00.00.00.00.01.00.00.00.00.01.00.00.190541511999	-0.3189240.2442900513351.0joint15joint141.01.00.00.00.00.01.00.00.00.00.01.00.0-0.0579097510806	-0.194392-0.07424487443581.025.00.9735285455160.01354287625030.2281638919030.00.05973314556910.948476251287-0.3111667592550.0-0.2206221257850.3165586695190.9225597467730.0-0.0579097510806	-0.194392-0.07424487443581.037.00.928946837256-0.33819432617-0.1506066774690.00.37012630320.8395945006330.3976023065650.0-0.00801830599068-0.4250948979380.9051132716490.0-0.0579097510806	-0.194392-0.07424487443581.047.00.952714822115-0.277336434168-0.1241731452690.00.3035383250030.8875681799170.3465360172530.00.0141050692056-0.3678413085590.9297815973340.0-0.0579097510806	-0.194392-0.07424487443581.056.00.987293475166-0.1588917425270.002237867577840.00.156321920490.9736630309660.1659631263410.0-0.0285490992684-0.1635044839980.9861294198250.0-0.0579097510806	-0.194392-0.07424487443581.081.00.991641673008-0.01885077298940.1276379281830.00.04168640596580.983022474072-0.1786870421360.0-0.122102563080.18251428390.9755918717690.0-0.0579097510806	-0.194392-0.07424487443581.090.01.00.00.00.00.01.00.00.00.00.01.00.0-0.0579097510806	-0.194392-0.07424487443581.0joint16joint150.01.00.00.00.00.01.00.00.00.00.01.00.0-0.145708168996
-0.1245327-0.1868100861981.0joint7joint1	1.00.9216686556860.006775728648870.387918778390.0-0.006333437467880.999977018572-0.002418656142280.0-0.387926251621-0.0002276597703330.9216903880780.00.299452595253-0.08102609730430.05870557307681.010.00.926654937769-0.03959451871520.3738220170040.0-0.03094924017720.9830255906860.1808392451580.0-0.374636851954-0.1791450868550.9097000972920.00.299452595253-0.08102609730430.05870557307681.021.00.933229044916-0.1262868194190.3363557476330.0-0.05784998727860.8711556088630.487587206680.0-0.354594033645-0.4744887189250.8056820259360.00.299452595253-0.08102609730430.05870557307681.033.00.926833666444-0.03161980659890.3741384002960.0-0.1828253540770.8323381034920.5232477151240.0-0.327954638101-0.5533655837750.7656580738430.00.299452595253-0.08102609730430.05870557307681.046.00.910476626908-0.1003683169170.4011963519430.0-0.05427802385240.9327106993940.3565173871810.0-0.409983180119-0.3463768932750.8437634975660.00.299452595253-0.08102609730430.05870557307681.057.00.768564830993-0.1122984155530.62983900040.0-0.06137720570320.9669911171520.2473075372260.0-0.636820963207-0.2287296334390.7363028015750.00.299452595253-0.08102609730430.05870557307681.068.00.858129022079-0.1792427127870.4811305762240.0-0.02123967071010.923888352080.3820722304470.0-0.512994598269-0.3380863244850.7890083518840.00.299452595253-0.08102609730430.05870557307681.079.00.896264052483-0.1093123150360.4298390001020.0-0.1134189404190.8804384284150.4603958272230.0-0.428773707427-0.4613881137950.7767072268670.00.299452595253-0.08102609730430.05870557307681.090.00.9216686556860.006775728648870.387918778390.0-0.006333437467880.999977018572-0.002418656142280.0-0.387926251621-0.0002276597703330.9216903880780.00.299452595253-0.08102609730430.05870557307681.0joint8joint7	1.01.00.00.00.00.01.00.00.00.00.01.00.00.0-0.449531600892-0.1184576515861.011.01.00.0-0.00.0-0.00.960933686536-0.2767787023620.00.00.2767787023620.9609336865360.00.0-0.449531600892-0.1184576515861.021.01.00.0-0.00.0-0.00.825645711028-0.564188939860.00.00.564188939860.8256457110280.00.0-0.449531600892-0.1184576515861.033.01.00.0-0.00.0-0.00.520247395991-0.8540156011250.00.00.8540156011250.5202473959910.00.0-0.449531600892-0.1184576515861.047.01.00.0-0.00.0-0.00.936332275047-0.3511151815360.00.00.3511151815360.9363322750470.00.0-0.449531600892-0.1184576515861.059.01.00.0-0.00.0-0.00.975007679385-0.2221711618090.00.00.2221711618090.9750076793850.00.0-0.449531600892-0.1184576515861.071.01.00.0-0.00.0-0.00.941024849899-0.338337452660.00.00.338337452660.9410248498990.00.0-0.449531600892-0.1184576515861.080.01.00.0-0.00.0-0.00.797177106964-0.6037455259730.00.00.6037455259730.7971771069640.00.0-0.449531600892-0.1184576515861.090.01.00.00.00.00.01.00.00.00.00.01.00.00.0-0.449531600892-0.1184576515861.0joint9joint8	1.01.00.00.00.00.01.00.00.00.00.01.00.00.0-0.3189244465790.3098123195341.011.01.00.00.00.00.00.9810938461050.1935325945040.00.0-0.1935325945040.9810938461050.00.0-0.3189244465790.3098123195341.021.01.00.00.00.00.00.9145875681410.4043879080820.00.0-0.4043879080820.9145875681410.00.0-0.3189244465790.3098123195341.033.01.00.00.00.00.00.7577660449330.6525263375120.00.0-0.6525263375120.7577660449330.00.0-0.3189244465790.3098123195341.046.01.00.00.00.00.00.9696048924560.2446760154260.00.0-0.2446760154260.9696048924560.00.0-0.3189244465790.3098123195341.058.01.00.00.00.00.00.9852430467080.1711611489590.00.0-0.1711611489590.9852430467080.00.0-0.3189244465790.3098123195341.070.01.00.00.00.00.00.9821323304980.1881916188080.00.0-0.1881916188080.9821323304980.00.0-0.3189244465790.3098123195341.080.01.00.00.00.00.00.9003778617340.4351088439680.00.0-0.4351088439680.9003778617340.00.0-0.3189244465790.3098123195341.090.01.00.00.00.00.01.00.00.00.00.01.00.00.0-0.3189244465790.3098123195341.0joint10joint91.01.00.00.00.00.01.00.00.00.00.01.00.00.0-0.194392043629-0.09415864613281.025.00.9936358289770.0868600413346-0.0717159159010.0-0.1010916810610.968481873947-0.2276473849090.00.04968210336070.2334484805160.9710991172640.00.0-0.194392043629-0.09415864613281.034.00.969404323841-0.0630303558529-0.2372391855460.00.09998615140540.9840525769780.1471166043310.00.224183019974-0.1663361054730.9602469857130.00.0-0.194392043629-0.09415864613281.046.00.9043943483020.0524797030335-0.4234580776520.0-0.1697377248670.954756531878-0.2441906419030.00.3914843132440.2927214471230.872384196830.00.0-0.194392043629-0.09415864613281.055.00.8940079620640.0605425303304-0.4439418495560.0-0.1988252275940.941535540325-0.2719914615890.00.4015199778820.331429371550.8537776519890.00.0-0.194392043629-0.09415864613281.065.00.876288239370.135847913648-0.4622383215390.0-0.3532586794210.833562918331-0.4247130402950.00.3276083438430.5354607413620.7784308366860.00.0-0.194392043629-0.09415864613281.090.01.00.00.00.00.01.00.00.00.00.01.00.00.0-0.194392043629-0.09415864613281.0joint11joint100.01.00.00.00.00.01.00.00.00.00.01.00.00.0-0.12453240295-0.2369153031731.0