	joint1root1.01.00.00.00.00.01.00.00.00.00.01.00.0-0.02354291775021.433200963170.01.020.00.9570836511560.2898118090920.00.0-0.2898118090920.9570836511560.00.00.00.01.00.0-0.02354291775021.433200963170.01.041.690.980374416522-0.197144625668-0.00.00.1971446256680.9803744165220.00.00.0-0.01.00.00.126901841141.433658015250.01.070.910.98986948990.1419802555470.00.0-0.1419802555470.98986948990.00.00.00.01.00.00.126901841141.433658015250.01.097.00.990342162370.1386448752480.00.0-0.1386448752480.990342162370.00.00.00.01.00.00.5048755640961.13215029270.01.0106.20.9908331777050.1350911320510.00.0-0.1350911320510.9908331777050.00.00.00.01.00.00.9073987798830.8110595641910.01.0122.940.9396374294190.3421717423080.00.0-0.3421717423080.9396374294190.00.00.00.01.00.00.9073987798830.8110595641910.01.0141.00.791023517834-0.5149078187550.3303811925930.00.5455412778710.8380839541121.38777878078e-170.0-0.2768871762530.1802365779920.943847587050.01.137284933010.6235975185420.01.0149.60.0225671721534-0.7726089356250.6344810125870.00.99957368850.02919659671060.00.0-0.0185246862450.6342105260340.7729384481750.01.37667633290.4283843622770.01.0152.240.0225671721534-0.7726089356250.6344810125870.00.99957368850.02919659671060.00.0-0.0185246862450.6342105260340.7729384481750.01.37667633290.4644289746120.01.0164.250.0225671721534-0.7726089356250.6344810125870.00.99957368850.02919659671060.00.0-0.0185246862450.6342105260340.7729384481750.01.37667633290.4283843622770.01.0joint2joint11.00.9870212400810.00.1605897619060.0-0.01.00.00.0-0.160589761906-0.00.9870212400810.0-0.0766544901611-0.2090577004390.3105966677441.020.00.933947890192-0.3186712869360.1618330908330.00.3234028641070.946256396664-0.003069081337030.0-0.1521575692930.05520364712220.9868133721490.0-0.0766544901611-0.2090577004390.3105966677441.041.690.9818256116920.09774522452430.1626786381450.0-0.09927551909890.9950591546590.001284537297150.0-0.161749310767-0.01741119786570.9866782710970.0-0.0766544901611-0.2090577004390.3105966677441.070.910.948557543464-0.2707205270440.1641614539820.00.2748788896930.961474995772-0.002725528746350.0-0.1570992766950.04770983905320.9864297179830.0-0.0766544901611-0.2090577004390.3105966677441.097.00.75843680003-0.6215887718110.195961779740.00.6403250260130.7667087481-0.04627695590460.0-0.1214803746360.1605773780610.9795189759430.0-0.0766544901611-0.2090577004390.3105966677441.0106.2-0.0238515676176-0.9703874761310.2403731451120.00.999507996703-0.0280458201449-0.01404266710890.00.02036829028950.2399199411080.9705789790680.0-0.0766544901611-0.2090577004390.3105966677441.0122.94-0.271022480067-0.931955549040.2408436628020.00.959843363572-0.28048748383-0.005242978395320.00.07243985578460.2297512263910.9705497623850.0-0.0766544901611-0.2090577004390.3105966677441.0141.00.639674646886-0.767952448170.03264021264650.00.73521077160.598909697834-0.3174465233130.00.2242352948480.227059928630.9477142614490.0-0.0766544901611-0.2090577004390.3105966677441.0149.60.906787316256-0.0685031728815-0.4159856708870.00.03401923258820.995382306529-0.08975943216530.00.420213582470.06724120131060.9049304757570.0-0.0766544901611-0.2090577004390.3105966677441.0152.240.906590969924-0.0492343023458-0.4191286159690.00.01908563058120.996938416778-0.07582566754120.00.4215786426720.06074353155090.9047550339280.0-0.0766544901611-0.2090577004390.3105966677441.0164.250.906787316256-0.0685031728815-0.4159856708870.00.03401923258820.995382306529-0.08975943216530.00.420213582470.06724120131060.9049304757570.0-0.0766544901611-0.2090577004390.3105966677441.0joint3joint21.01.00.00.00.00.01.00.00.00.00.01.00.00.365850975769-0.2717750105710.01.020.00.998833873431-0.0482793256603-0.00.00.04827932566030.9988338734310.00.00.0-0.01.00.00.365850975769-0.2717750105710.01.041.690.9998037640870.01980992975060.00.0-0.01980992975060.9998037640870.00.00.00.01.00.00.365850975769-0.2717750105710.01.070.910.998866901278-0.0475911077015-0.00.00.04759110770150.9988669012780.00.00.0-0.01.00.00.365850975769-0.2717750105710.01.097.00.694303827852-0.719682009384-0.00.00.7196820093840.6943038278520.00.00.0-0.01.00.00.365850975769-0.2717750105710.01.0106.20.935086424659-0.354419777127-0.00.00.3544197771270.9350864246590.00.00.0-0.01.00.00.365850975769-0.2717750105710.01.0122.940.966916414474-0.255093409207-0.00.00.2550934092070.9669164144740.00.00.0-0.01.00.00.365850975769-0.2717750105710.01.0141.00.94769779478-0.319169061423-0.00.00.3191690614230.947697794780.00.00.0-0.01.00.00.365850975769-0.2717750105710.01.0149.60.9258878149540.3777985628880.00.0-0.3777985628880.9258878149540.00.00.00.01.00.00.365850975769-0.2717750105710.01.0152.240.9190173386620.3942171118020.00.0-0.3942171118020.9190173386620.00.00.00.01.00.00.365850975769-0.2717750105710.01.0164.250.9258878149540.3777985628880.00.0-0.3777985628880.9258878149540.00.00.00.01.00.00.365850975769-0.2717750105710.01.0joint4joint31.01.00.00.00.00.01.00.00.00.00.01.00.0-0.484317006018-0.1672461603510.01.020.00.9996360427510.02697743561450.00.0-0.02697743561450.9996360427510.00.00.00.01.00.0-0.484317006018-0.1672461603510.01.041.690.999891588142-0.0147245360786-0.00.00.01472453607860.9998915881420.00.00.0-0.01.00.0-0.484317006018-0.1672461603510.01.070.910.9996463523410.02659267288680.00.0-0.02659267288680.9996463523410.00.00.00.01.00.0-0.484317006018-0.1672461603510.01.097.00.9009809116060.4338587292210.00.0-0.4338587292210.9009809116060.00.00.00.01.00.0-0.484317006018-0.1672461603510.01.0106.20.979589448020.2010087394320.00.0-0.2010087394320.979589448020.00.00.00.01.00.0-0.484317006018-0.1672461603510.01.0122.940.9896362501830.1435969788140.00.0-0.1435969788140.9896362501830.00.00.00.01.00.0-0.484317006018-0.1672461603510.01.0141.00.9835790976690.1804775848360.00.0-0.1804775848360.9835790976690.00.00.00.01.00.0-0.484317006018-0.1672461603510.01.0149.60.958826536524-0.28399238169-0.00.00.283992381690.9588265365240.00.00.0-0.01.00.0-0.484317006018-0.1672461603510.01.0152.240.954985827859-0.296651426067-0.00.00.2966514260670.9549858278590.00.00.0-0.01.00.0-0.484317006018-0.1672461603510.01.0164.250.958826536524-0.28399238169-0.00.00.283992381690.9588265365240.00.00.0-0.01.00.0-0.484317006018-0.1672461603510.01.0joint5joint41.01.00.00.00.00.01.00.00.00.00.01.00.00.289196485608-0.7351862465450.01.020.00.9966812310420.08140346239050.00.0-0.08140346239050.9966812310420.00.00.00.01.00.00.289196485608-0.7351862465450.01.041.690.9897163745030.1430436927660.00.0-0.1430436927660.9897163745030.00.00.00.01.00.00.289196485608-0.7351862465450.01.070.910.9795077774940.2014063400920.00.0-0.2014063400920.9795077774940.00.00.00.01.00.00.289196485608-0.7351862465450.01.097.00.999676873841-0.0254194395572-0.00.00.02541943955720.9996768738410.00.00.0-0.01.00.00.289196485608-0.7351862465450.01.0106.20.964180388855-0.265247389709-0.00.00.2652473897090.9641803888550.00.00.0-0.01.00.00.289196485608-0.7351862465450.01.0122.940.964180388855-0.265247389709-0.00.00.2652473897090.9641803888550.00.00.0-0.01.00.00.289196485608-0.7351862465450.01.0141.00.964180388855-0.265247389709-0.00.00.2652473897090.9641803888550.00.00.0-0.01.00.00.289196485608-0.7351862465450.01.0149.60.964180388855-0.265247389709-0.00.00.2652473897090.9641803888550.00.00.0-0.01.00.00.289196485608-0.7351862465450.01.0152.240.964180388855-0.265247389709-0.00.00.2652473897090.9641803888550.00.00.0-0.01.00.00.289196485608-0.7351862465450.01.0164.250.964180388855-0.265247389709-0.00.00.2652473897090.9641803888550.00.00.0-0.01.00.00.289196485608-0.7351862465450.01.0joint6joint11.00.9896558520470.0-0.1434618224770.00.01.00.00.00.1434618224770.00.9896558520470.0-0.0766540822498-0.209060963173	-0.3105971.020.00.936469742346-0.319565818246-0.1445756185530.00.3233372133530.9462798278530.002744787856530.00.135931851058-0.04931708839830.9894899477310.0-0.0766540822498-0.209060963173	-0.3105971.041.690.9845117050720.0980561164142-0.1453330678480.0-0.0992755586390.995059321929-0.001144246110110.00.1445028236170.01555454518820.9893821254150.0-0.0766540822498-0.209060963173	-0.3105971.070.910.951206995865-0.271469404767-0.1466615603830.00.2747845116820.9615027307130.002443556976830.00.14035213984-0.04262465374340.9891837118230.0-0.0766540822498-0.209060963173	-0.3105971.097.00.760816549338-0.624858743704-0.1752419147070.00.6398121645950.7674160230640.04138890649280.00.108621233144-0.1436112737950.983655035950.0-0.0766540822498-0.209060963173	-0.3105971.0106.2-0.0247973223712-0.976260652857-0.2151748834940.00.999524109632-0.02816246359130.01258689435930.0-0.0183479445268-0.2147603625630.9764944135040.0-0.0766540822498-0.209060963173	-0.3105971.0122.94-0.273179873445-0.93749183848-0.2155964042550.00.959767670589-0.2807557089520.004717031177990.0-0.0649520995553-0.2056338607190.9764711670550.0-0.0766540822498-0.209060963173	-0.3105971.0141.00.235272017987-0.921304322904-0.3095891182690.00.8734906027740.340113869371-0.348334211250.00.42621736757-0.1884698927140.8847699447440.0-0.0766540822498-0.209060963173	-0.3105971.0149.60.489366480183-0.55820433728-0.6700211682590.00.3790623666570.828081362967-0.413029028630.00.785386637433-0.05185724779580.6168295190680.0-0.0766540822498-0.209060963173	-0.3105971.0152.240.50009524221-0.538488777032-0.6781847725580.00.3640114824920.841319181569-0.3995968910510.00.785748298969-0.04703054044630.6167558179160.0-0.0766540822498-0.209060963173	-0.3105971.0164.250.489366480183-0.55820433728-0.6700211682590.00.3790623666570.828081362967-0.413029028630.00.785386637433-0.05185724779580.6168295190680.0-0.0766540822498-0.209060963173	-0.3105971.0joint7joint61.01.00.00.00.00.01.00.00.00.00.01.00.00.365851	-0.2717720.01.020.00.998831108913-0.0483364858873-0.00.00.04833648588730.9988311089130.00.00.0-0.01.00.00.365851	-0.2717720.01.041.690.9998055713670.01971850560460.00.0-0.01971850560460.9998055713670.00.00.00.01.00.00.365851	-0.2717720.01.070.910.998859136909-0.0477537916229-0.00.00.04775379162290.9988591369090.00.00.0-0.01.00.00.365851	-0.2717720.01.097.00.693468407839-0.720487034809-0.00.00.7204870348090.6934684078390.00.00.0-0.01.00.00.365851	-0.2717720.01.0106.20.934649042188-0.355571607327-0.00.00.3555716073270.9346490421880.00.00.0-0.01.00.00.365851	-0.2717720.01.0122.940.96660234442-0.256280915718-0.00.00.2562809157180.966602344420.00.00.0-0.01.00.00.365851	-0.2717720.01.0141.00.9335070097570.3585591481670.00.0-0.3585591481670.9335070097570.00.00.00.01.00.00.365851	-0.2717720.01.0149.60.412482568660.9109654936120.00.0-0.9109654936120.412482568660.00.00.00.01.00.00.365851	-0.2717720.01.0152.240.4173029201260.908767447070.00.0-0.908767447070.4173029201260.00.00.00.01.00.00.365851	-0.2717720.01.0164.250.412482568660.9109654936120.00.0-0.9109654936120.412482568660.00.00.00.01.00.00.365851	-0.2717720.01.0joint8joint71.01.00.00.00.00.01.00.00.00.00.01.00.0	-0.484317	-0.1672460.01.020.00.9996351827820.02700928256640.00.0-0.02700928256640.9996351827820.00.00.00.01.00.0	-0.484317	-0.1672460.01.041.690.999892587192-0.0146565370227-0.00.00.01465653702270.9998925871920.00.00.0-0.01.00.0	-0.484317	-0.1672460.01.070.910.9996439316150.02668351522290.00.0-0.02668351522290.9996439316150.00.00.00.01.00.0	-0.484317	-0.1672460.01.097.00.9007003327310.4344409172920.00.0-0.4344409172920.9007003327310.00.00.00.01.00.0	-0.484317	-0.1672460.01.0106.20.9794510338110.2016821072070.00.0-0.2016821072070.9794510338110.00.00.00.01.00.0	-0.484317	-0.1672460.01.0122.940.9895375683430.144275433940.00.0-0.144275433940.9895375683430.00.00.00.01.00.0	-0.484317	-0.1672460.01.0141.00.963081201449-0.269211068525-0.00.00.2692110685250.9630812014490.00.00.0-0.01.00.0	-0.484317	-0.1672460.01.0149.60.658855146532-0.752269829176-0.00.00.7522698291760.6588551465320.00.00.0-0.01.00.0	-0.484317	-0.1672460.01.0152.240.661812258647-0.749669616767-0.00.00.7496696167670.6618122586470.00.00.0-0.01.00.0	-0.484317	-0.1672460.01.0164.250.658855146532-0.752269829176-0.00.00.7522698291760.6588551465320.00.00.0-0.01.00.0	-0.484317	-0.1672460.01.0joint9joint81.01.00.00.00.00.01.00.00.00.00.01.00.00.289196
-0.73518620.01.020.00.9970904741130.07622720271340.00.0-0.07622720271340.9970904741130.00.00.00.01.00.00.289196
-0.73518620.01.041.690.9899114514780.1416873961650.00.0-0.1416873961650.9899114514780.00.00.00.01.00.00.289196
-0.73518620.01.070.910.9848381525950.1734756847320.00.0-0.1734756847320.9848381525950.00.00.00.01.00.00.289196
-0.73518620.01.097.00.999931198587-0.0117302213006-0.00.00.01173022130060.9999311985870.00.00.0-0.01.00.00.289196
-0.73518620.01.0106.20.978050664742-0.208367217186-0.00.00.2083672171860.9780506647420.00.00.0-0.01.00.00.289196
-0.73518620.01.0122.940.978050664742-0.208367217186-0.00.00.2083672171860.9780506647420.00.00.0-0.01.00.00.289196
-0.73518620.01.0141.00.978050664742-0.208367217186-0.00.00.2083672171860.9780506647420.00.00.0-0.01.00.00.289196
-0.73518620.01.0149.60.978050664742-0.208367217186-0.00.00.2083672171860.9780506647420.00.00.0-0.01.00.00.289196
-0.73518620.01.0152.240.978050664742-0.208367217186-0.00.00.2083672171860.9780506647420.00.00.0-0.01.00.00.289196
-0.73518620.01.0164.250.978050664742-0.208367217186-0.00.00.2083672171860.9780506647420.00.00.0-0.01.00.00.289196
-0.73518620.01.0