	joint1root1.01.00.00.00.00.01.00.00.00.00.01.00.0-0.02354291775021.433200963170.01.018.860.98128179547-0.192577355573-0.00.00.1925773555730.981281795470.00.00.0-0.01.00.0-0.2843197059871.17438818670.01.033.660.951502672165-0.307640479884-0.00.00.3076404798840.9515026721650.00.00.0-0.01.00.00.4215078330541.473921606490.01.052.160.951502672165-0.307640479884-0.00.00.3076404798840.9515026721650.00.00.0-0.01.00.00.1797028968391.402849439810.01.068.841.00.00.00.00.01.00.00.00.00.01.00.0-0.02354291775021.433200963170.01.0joint2joint11.00.9870212412220.00.1605897548930.0-0.01.00.00.0-0.160589754893-0.00.9870212412220.0-0.0766544901611-0.2090577004390.3105966677441.018.860.9857877177270.02892667156160.1654866255980.0-0.02372481204920.999162940895-0.03332492812930.0-0.1663120827620.0289251657550.9856488349880.0-0.0766544901611-0.2090577004390.3105966677441.033.660.526090062308-0.831020330670.1806500936970.00.8394255906910.5414923832640.0463753874390.0-0.1363595395770.1272446811420.98245349360.0-0.0766544901611-0.2090577004390.3105966677441.052.160.9384334516830.3048112057290.1625816275730.0-0.3030944146040.9522848924-0.03587839938440.0-0.165760165895-0.01560809305940.9860425725260.0-0.0766544901611-0.2090577004390.3105966677441.068.840.9870212412220.00.1605897548930.0-0.01.00.00.0-0.160589754893-0.00.9870212412220.0-0.0766544901611-0.2090577004390.3105966677441.0joint3joint21.01.00.00.00.00.01.00.00.00.00.01.00.00.365850975769-0.2717750105710.01.018.860.861819117218-0.507215742261-0.00.00.5072157422610.8618191172180.00.00.0-0.01.00.00.365850975769-0.2717750105710.01.033.660.7785149299920.6276260859620.00.0-0.6276260859620.7785149299920.00.00.00.01.00.00.365850975769-0.2717750105710.01.052.160.837401023156-0.546588992221-0.00.00.5465889922210.8374010231560.00.00.0-0.01.00.00.365850975769-0.2717750105710.01.068.841.00.00.00.00.01.00.00.00.00.01.00.00.365850975769-0.2717750105710.01.0joint4joint31.01.00.00.00.00.01.00.00.00.00.01.00.0-0.484317006018-0.1672461603510.01.018.860.9561709894860.2928088777080.00.0-0.2928088777080.9561709894860.00.00.00.01.00.0-0.484317006018-0.1672461603510.01.033.660.875509020343-0.483201774933-0.00.00.4832017749330.8755090203430.00.00.0-0.01.00.0-0.484317006018-0.1672461603510.01.052.160.9482725594140.3174573247880.00.0-0.3174573247880.9482725594140.00.00.00.01.00.0-0.484317006018-0.1672461603510.01.068.841.00.00.00.00.01.00.00.00.00.01.00.0-0.484317006018-0.1672461603510.01.0joint5joint41.01.00.00.00.00.01.00.00.00.00.01.00.00.289196485608-0.7351862465450.01.018.860.9121921480660.4097627179330.00.0-0.4097627179330.9121921480660.00.00.00.01.00.00.289196485608-0.7351862465450.01.033.660.9033230069980.4289610064190.00.0-0.4289610064190.9033230069980.00.00.00.01.00.00.289196485608-0.7351862465450.01.052.160.9746055306920.2239286929890.00.0-0.2239286929890.9746055306920.00.00.00.01.00.00.289196485608-0.7351862465450.01.068.841.00.00.00.00.01.00.00.00.00.01.00.00.289196485608-0.7351862465450.01.0joint6joint11.00.9896558510280.0-0.1434618295080.00.01.00.00.00.1434618295080.00.9896558510280.0-0.0766540822498-0.209060963173	-0.3105971.018.860.801565610280.58248857139-0.1349060288370.0-0.5856663262540.8103304029080.01896292212710.00.1203641421210.06380989205090.9906769256260.0-0.0766540822498-0.209060963173	-0.3105971.033.660.838028163947-0.520950851577-0.1622313369010.00.5281615465380.8491424812550.001557975160030.00.136945891467-0.08698998085720.9867515219350.0-0.0766540822498-0.209060963173	-0.3105971.052.160.7678983993830.626596989904-0.1330723880740.0-0.6297237310310.776495097910.02243625410710.00.1173885462950.06657007709820.9908523371490.0-0.0766540822498-0.209060963173	-0.3105971.068.840.9896558510280.0-0.1434618295080.00.01.00.00.00.1434618295080.00.9896558510280.0-0.0766540822498-0.209060963173	-0.3105971.0joint7joint61.01.00.00.00.00.01.00.00.00.00.01.00.00.365851	-0.2717720.01.018.860.947740666284-0.319041736253-0.00.00.3190417362530.9477406662840.00.00.0-0.01.00.00.365851	-0.2717720.01.033.660.997922617737-0.0644239785305-0.00.00.06442397853050.9979226177370.00.00.0-0.01.00.00.365851	-0.2717720.01.052.160.924334864369-0.381582308962-0.00.00.3815823089620.9243348643690.00.00.0-0.01.00.00.365851	-0.2717720.01.068.841.00.00.00.00.01.00.00.00.00.01.00.00.365851	-0.2717720.01.0joint8joint71.01.00.00.00.00.01.00.00.00.00.01.00.0	-0.484317	-0.1672460.01.018.860.9835927733590.180403038210.00.0-0.180403038210.9835927733590.00.00.00.01.00.0	-0.484317	-0.1672460.01.033.660.9993515702010.03600609861610.00.0-0.03600609861610.9993515702010.00.00.00.01.00.0	-0.484317	-0.1672460.01.052.160.9761789174190.2169670970140.00.0-0.2169670970140.9761789174190.00.00.00.01.00.0	-0.484317	-0.1672460.01.068.841.00.00.00.00.01.00.00.00.00.01.00.0	-0.484317	-0.1672460.01.0joint9joint81.01.00.00.00.00.01.00.00.00.00.01.00.00.289196
-0.73518620.01.018.860.961556708146-0.274606440236-0.00.00.2746064402360.9615567081460.00.00.0-0.01.00.00.289196
-0.73518620.01.033.660.9843932537940.1759827317790.00.0-0.1759827317790.9843932537940.00.00.00.01.00.00.289196
-0.73518620.01.052.160.9995060065090.03142837813730.00.0-0.03142837813730.9995060065090.00.00.00.01.00.00.289196
-0.73518620.01.068.841.00.00.00.00.01.00.00.00.00.01.00.00.289196
-0.73518620.01.0