	joint1root1.01.00.00.00.00.01.00.00.00.00.01.00.0-0.02354291775021.508771035080.01.050.01.00.00.00.00.01.00.00.00.00.01.00.0-0.02354291775021.404197662730.01.0100.01.00.00.00.00.01.00.00.00.00.01.00.0-0.02354291775021.508771035080.01.0150.01.00.00.00.00.01.00.00.00.00.01.00.0-0.02354291775021.404197662730.01.0200.01.00.00.00.00.01.00.00.00.00.01.00.0-0.02354291775021.508771035080.01.0joint2joint11.00.9652601778950.2088261006960.1570491917770.0-0.2061157971420.977952790102-0.03353533211670.0-0.1605897479231.29097488949e-090.9870212423560.0-0.0766544901611-0.2090577004390.3105966677441.050.00.9561889856870.249303416410.1534614942460.0-0.2538230846710.9671960329670.01027985897520.0-0.145864544485-0.04878155777420.9881011558960.0-0.0766544901611-0.2090577004390.3105966677441.0100.00.986040705207-0.04456317628560.1604302059920.00.04398480198630.9990065682060.007156386999420.0-0.160589740861.95954316749e-090.9870212435050.0-0.0766544901611-0.2090577004390.3105966677441.0150.00.890267983868-0.4222453257590.1706804082880.00.4290345714560.903282342644-0.003216513969620.0-0.1528144410530.07609135523250.9853211924370.0-0.0766544901611-0.2090577004390.3105966677441.0200.00.9652601778950.2088261006960.1570491917770.0-0.2061157971420.977952790102-0.03353533211670.0-0.1605897479231.29097488949e-090.9870212423560.0-0.0766544901611-0.2090577004390.3105966677441.0joint3joint21.00.857778983044-0.514018692508-0.00.00.5140186925080.8577789830440.00.00.0-0.01.00.00.365850975769-0.2717750105710.01.050.00.9743487400550.2250434019320.00.0-0.2250434019320.9743487400550.00.00.00.01.00.00.365850975769-0.2717750105710.01.0100.00.9899730193110.1412565787360.00.0-0.1412565787360.9899730193110.00.00.00.01.00.00.365850975769-0.2717750105710.01.0150.00.997787030489-0.0664909150755-0.00.00.06649091507550.9977870304890.00.00.0-0.01.00.00.365850975769-0.2717750105710.01.0200.00.857778983044-0.514018692508-0.00.00.5140186925080.8577789830440.00.00.0-0.01.00.00.365850975769-0.2717750105710.01.0joint4joint31.00.9548674411260.2970322707690.00.0-0.2970322707690.9548674411260.00.00.00.01.00.0-0.484317006018-0.1672461603510.01.050.00.985801719727-0.167913577128-0.00.00.1679135771280.9858017197270.00.00.0-0.01.00.0-0.484317006018-0.1672461603510.01.0100.00.994456455086-0.105149222239-0.00.00.1051492222390.9944564550860.00.00.0-0.01.00.0-0.484317006018-0.1672461603510.01.0150.00.99930923190.03716260270210.00.0-0.03716260270210.99930923190.00.00.00.01.00.0-0.484317006018-0.1672461603510.01.0200.00.9548674411260.2970322707690.00.0-0.2970322707690.9548674411260.00.00.00.01.00.0-0.484317006018-0.1672461603510.01.0joint5joint41.01.00.00.00.00.01.00.00.00.00.01.00.00.289196485608-0.7351862465450.01.050.00.96125590031-0.275657566772-0.00.00.2756575667720.961255900310.00.00.0-0.01.00.00.289196485608-0.7351862465450.01.0100.01.00.00.00.00.01.00.00.00.00.01.00.00.289196485608-0.7351862465450.01.0150.00.9343675492120.3563106551590.00.0-0.3563106551590.9343675492120.00.00.00.01.00.00.289196485608-0.7351862465450.01.0200.01.00.00.00.00.01.00.00.00.00.01.00.00.289196485608-0.7351862465450.01.0joint6joint11.00.988286232615-0.0525923166511-0.1432632913630.00.05204829379640.998616066479-0.007544990630160.00.1434618330284.85883452396e-100.9896558505180.0-0.0766540822498-0.209060963173	-0.3105971.050.00.876268546785-0.456915162578-0.1529116350130.00.4622719384570.886738017067-0.0005865184905230.00.135860549209-0.07017281022470.9882396915090.0-0.0766540822498-0.209060963173	-0.3105971.0100.00.9745854539070.173850344896-0.1412772119350.0-0.1720520110270.9847720840780.02494088855380.00.1434618365071.23369702475e-090.9896558500140.0-0.0766540822498-0.209060963173	-0.3105971.0150.00.9520261254070.273560877019-0.137152116670.0-0.2768737133570.960891628525-0.005312728327530.00.1303349661220.04303167200220.990535749890.0-0.0766540822498-0.209060963173	-0.3105971.0200.00.988286232615-0.0525923166511-0.1432632913630.00.05204829379640.998616066479-0.007544990630160.00.1434618330284.85883452396e-100.9896558505180.0-0.0766540822498-0.209060963173	-0.3105971.0joint7joint61.00.9861994419740.1655616521090.00.0-0.1655616521090.9861994419740.00.00.00.01.00.00.365851	-0.2717720.01.050.00.999923158847-0.0123966286454-0.00.00.01239662864540.9999231588470.00.00.0-0.01.00.00.365851	-0.2717720.01.0100.00.904272955951-0.426954823297-0.00.00.4269548232970.9042729559510.00.00.0-0.01.00.00.365851	-0.2717720.01.0150.00.9898107808920.1423889673740.00.0-0.1423889673740.9898107808920.00.00.00.01.00.00.365851	-0.2717720.01.0200.00.9861994419740.1655616521090.00.0-0.1655616521090.9861994419740.00.00.00.01.00.00.365851	-0.2717720.01.0joint8joint71.00.992367775556-0.123313413861-0.00.00.1233134138610.9923677755560.00.00.0-0.01.00.0	-0.484317	-0.1672460.01.050.00.9999760204650.006925207263530.00.0-0.006925207263530.9999760204650.00.00.00.01.00.0	-0.484317	-0.1672460.01.0100.00.9697912477660.2439363354560.00.0-0.2439363354560.9697912477660.00.00.00.01.00.0	-0.484317	-0.1672460.01.0150.00.994366505688-0.105996473365-0.00.00.1059964733650.9943665056880.00.00.0-0.01.00.0	-0.484317	-0.1672460.01.0200.00.992367775556-0.123313413861-0.00.00.1233134138610.9923677755560.00.00.0-0.01.00.0	-0.484317	-0.1672460.01.0joint9joint81.01.00.00.00.00.01.00.00.00.00.01.00.00.289196
-0.73518620.01.050.00.9189427536950.3943909423810.00.0-0.3943909423810.9189427536950.00.00.00.01.00.00.289196
-0.73518620.01.0100.01.00.00.00.00.01.00.00.00.00.01.00.00.289196
-0.73518620.01.0150.00.944995259532-0.32708402508-0.00.00.327084025080.9449952595320.00.00.0-0.01.00.00.289196
-0.73518620.01.0200.01.00.00.00.00.01.00.00.00.00.01.00.00.289196
-0.73518620.01.0