	joint1root	1.01.00.00.00.00.01.00.00.00.00.01.00.0-0.02354291775021.433200963170.01.025.01.00.00.00.00.01.00.00.00.00.01.00.0-0.02354291775021.493170164350.01.050.01.00.00.00.00.01.00.00.00.00.01.00.0-0.02354291775021.433200963170.01.075.01.00.00.00.00.01.00.00.00.00.01.00.0-0.02354291775021.343559070380.01.0100.01.00.00.00.00.01.00.00.00.00.01.00.0-0.02354291775021.433200963170.01.0125.01.00.00.00.00.01.00.00.00.00.01.00.0-0.02354291775021.493170164350.01.0150.01.00.00.00.00.01.00.00.00.00.01.00.0-0.02354291775021.433200963170.01.0175.01.00.00.00.00.01.00.00.00.00.01.00.0-0.02354291775021.343559070380.01.0200.01.00.00.00.00.01.00.00.00.00.01.00.0-0.02354291775021.433200963170.01.0joint2joint1	1.00.9541248208540.256021799030.1552374460380.0-0.252698953450.966671008369-0.0411144804630.0-0.1605897417536.15609159482e-090.987021243360.0-0.0766544901611-0.2090577004390.3105966677441.025.00.8862402838580.4402120820260.144192517510.0-0.4344986755180.897893826039-0.07069355086880.0-0.1605897264471.47110450835e-080.987021245850.0-0.0766544901611-0.2090577004390.3105966677441.050.00.940871357170.3022040339730.1530810605750.0-0.298281799310.953243264781-0.04853088037720.0-0.160589717782.10967424953e-080.987021247260.0-0.0766544901611-0.2090577004390.3105966677441.075.00.9707413035030.1808755979590.1579409374910.0-0.1785280548560.983505982729-0.02904678237840.0-0.1605897110722.30361967852e-080.9870212483520.0-0.0766544901611-0.2090577004390.3105966677441.0100.00.973891383408-0.1625671482290.1584534494450.00.1604572331040.9866974826750.02610658974290.0-0.1605896935331.92728890121e-080.9870212512050.0-0.0766544901611-0.2090577004390.3105966677441.0125.00.862878696621-0.4855209307480.140391526540.00.4792194792950.8742250429990.07796964062210.0-0.1605896808111.23699455748e-080.9870212532750.0-0.0766544901611-0.2090577004390.3105966677441.0150.00.579789680393-0.8092869058080.09433255322420.00.7987833772590.587413571590.1299631183340.0-0.1605896719126.08221348286e-100.9870212547230.0-0.0766544901611-0.2090577004390.3105966677441.0175.00.89149559909-0.4291815614480.1450475236470.00.4236113243190.9032182390280.06892211978420.0-0.1605896718717.11388645908e-090.987021254730.0-0.0766544901611-0.2090577004390.3105966677441.0200.00.9541248208540.256021799030.1552374460380.0-0.252698953450.966671008369-0.0411144804630.0-0.1605897417536.15609159482e-090.987021243360.0-0.0766544901611-0.2090577004390.3105966677441.0joint3joint2	1.00.961115383492-0.276147097786-0.00.00.2761470977860.9611153834920.00.00.0-0.01.00.00.365850975769-0.2717750105710.01.025.00.92948810961-0.36885207617-0.00.00.368852076170.929488109610.00.00.0-0.01.00.00.365850975769-0.2717750105710.01.050.00.9628645099350.2699850653410.00.0-0.2699850653410.9628645099350.00.00.00.01.00.00.365850975769-0.2717750105710.01.075.00.993303201422-0.115536790875-0.00.00.1155367908750.9933032014220.00.00.0-0.01.00.00.365850975769-0.2717750105710.01.0100.00.997443167759-0.0714641664834-0.00.00.07146416648340.9974431677590.00.00.0-0.01.00.00.365850975769-0.2717750105710.01.0125.00.9755246314970.2198901847350.00.0-0.2198901847350.9755246314970.00.00.00.01.00.00.365850975769-0.2717750105710.01.0150.00.9956612156620.09305237034490.00.0-0.09305237034490.9956612156620.00.00.00.01.00.00.365850975769-0.2717750105710.01.0175.00.941664384946-0.336553392681-0.00.00.3365533926810.9416643849460.00.00.0-0.01.00.00.365850975769-0.2717750105710.01.0200.00.961115383492-0.276147097786-0.00.00.2761470977860.9611153834920.00.00.0-0.01.00.00.365850975769-0.2717750105710.01.0joint4joint3	1.00.9878108054990.1556592834980.00.0-0.1556592834980.9878108054990.00.00.00.01.00.0-0.484317006018-0.1672461603510.01.025.00.9778145793750.2094723092970.00.0-0.2094723092970.9778145793750.00.00.00.01.00.0-0.484317006018-0.1672461603510.01.050.00.979427229044-0.201797678397-0.00.00.2017976783970.9794272290440.00.00.0-0.01.00.0-0.484317006018-0.1672461603510.01.075.00.9979085488520.0646415356210.00.0-0.0646415356210.9979085488520.00.00.00.01.00.0-0.484317006018-0.1672461603510.01.0100.00.9992018652590.03994536846940.00.0-0.03994536846940.9992018652590.00.00.00.01.00.0-0.484317006018-0.1672461603510.01.0125.00.986453789562-0.164039388743-0.00.00.1640393887430.9864537895620.00.00.0-0.01.00.0-0.484317006018-0.1672461603510.01.0150.00.997602267796-0.0692077689813-0.00.00.06920776898130.9976022677960.00.00.0-0.01.00.0-0.484317006018-0.1672461603510.01.0175.00.9816718916590.1905788475320.00.0-0.1905788475320.9816718916590.00.00.00.01.00.0-0.484317006018-0.1672461603510.01.0200.00.9878108054990.1556592834980.00.0-0.1556592834980.9878108054990.00.00.00.01.00.0-0.484317006018-0.1672461603510.01.0joint5joint4	1.01.00.00.00.00.01.00.00.00.00.01.00.00.289196485608-0.7351862465450.01.025.01.00.00.00.00.01.00.00.00.00.01.00.00.289196485608-0.7351862465450.01.050.00.981743002836-0.190212187789-0.00.00.1902121877890.9817430028360.00.00.0-0.01.00.00.289196485608-0.7351862465450.01.075.00.994618414815-0.103606027391-0.00.00.1036060273910.9946184148150.00.00.0-0.01.00.00.289196485608-0.7351862465450.01.0100.00.9750047320120.2221840960850.00.0-0.2221840960850.9750047320120.00.00.00.01.00.00.289196485608-0.7351862465450.01.0125.00.9174398369150.397874535050.00.0-0.397874535050.9174398369150.00.00.00.01.00.00.289196485608-0.7351862465450.01.0150.00.9883152513230.1524236333430.00.0-0.1524236333430.9883152513230.00.00.00.01.00.00.289196485608-0.7351862465450.01.0175.00.9740716811520.2262396074470.00.0-0.2262396074470.9740716811520.00.00.00.01.00.00.289196485608-0.7351862465450.01.0200.01.00.00.00.00.01.00.00.00.00.01.00.00.289196485608-0.7351862465450.01.0joint6joint1	1.00.960263902789-0.241901385723-0.139201137160.00.2393991216810.970300839732-0.03470361584980.00.143461833041-3.76148067555e-100.9896558505160.0-0.0766540822498-0.209060963173	-0.3105971.025.00.881475588843-0.454613113187-0.1277799029270.00.4499105265380.890689012685-0.06521963501730.00.143461856895-7.22585352664e-090.9896558470580.0-0.0766540822498-0.209060963173	-0.3105971.050.00.595257211144-0.798888605982-0.08628932618260.00.7906247802740.601479006477-0.1146100413790.00.14346187437-2.59528735169e-080.9896558445250.0-0.0766540822498-0.209060963173	-0.3105971.075.00.842033483213-0.525433533562-0.1220623404560.00.5199983702650.850834650099-0.07537965980940.00.143461869745-2.05953213719e-080.9896558451950.0-0.0766540822498-0.209060963173	-0.3105971.0100.00.9360924949070.324525951232-0.1356972658360.0-0.3211690025940.9458767927050.04655711326640.00.143461886057-8.78982482633e-090.9896558428310.0-0.0766540822498-0.209060963173	-0.3105971.0125.00.8356751519130.535697664941-0.1211406300640.0-0.530156323440.8444098600660.07685220191710.00.143461887594-4.45773185032e-090.9896558426080.0-0.0766540822498-0.209060963173	-0.3105971.0150.00.9361947590790.324224610256-0.1357121040180.0-0.320870779440.9459801277530.0465138774720.00.1434618972912.81954716519e-100.9896558412020.0-0.0766540822498-0.209060963173	-0.3105971.0175.00.983655618160.109950523795-0.1425921006910.0-0.1088131777760.9939370615470.01577371309910.00.143461901578-1.90714719017e-090.9896558405810.0-0.0766540822498-0.209060963173	-0.3105971.0200.00.960263902789-0.241901385723-0.139201137160.00.2393991216810.970300839732-0.03470361584980.00.143461833041-3.76148067555e-100.9896558505160.0-0.0766540822498-0.209060963173	-0.3105971.0joint7joint6	1.00.999905190984-0.0137698599333-0.00.00.01376985993330.9999051909840.00.00.0-0.01.00.00.365851	-0.2717720.01.025.00.9781364352590.2079642133110.00.0-0.2079642133110.9781364352590.00.00.00.01.00.00.365851	-0.2717720.01.050.00.9944968466390.1047665119480.00.0-0.1047665119480.9944968466390.00.00.00.01.00.00.365851	-0.2717720.01.075.00.913778755601-0.406212242322-0.00.00.4062122423220.9137787556010.00.00.0-0.01.00.00.365851	-0.2717720.01.0100.00.933037759266-0.359778459311-0.00.00.3597784593110.9330377592660.00.00.0-0.01.00.00.365851	-0.2717720.01.0125.00.972535516714-0.232754524615-0.00.00.2327545246150.9725355167140.00.00.0-0.01.00.00.365851	-0.2717720.01.0150.00.9630857057630.269194954180.00.0-0.269194954180.9630857057630.00.00.00.01.00.00.365851	-0.2717720.01.0175.00.981389081971-0.192029866915-0.00.00.1920298669150.9813890819710.00.00.0-0.01.00.00.365851	-0.2717720.01.0200.00.999905190984-0.0137698599333-0.00.00.01376985993330.9999051909840.00.00.0-0.01.00.00.365851	-0.2717720.01.0joint8joint7	1.00.9999704132390.007692375860970.00.0-0.007692375860970.9999704132390.00.00.00.01.00.0	-0.484317	-0.1672460.01.025.00.987901771262-0.155080915449-0.00.00.1550809154490.9879017712620.00.00.0-0.01.00.0	-0.484317	-0.1672460.01.050.00.996958557384-0.0779335284681-0.00.00.07793352846810.9969585573840.00.00.0-0.01.00.0	-0.484317	-0.1672460.01.075.00.9728217049830.2315554583990.00.0-0.2315554583990.9728217049830.00.00.00.01.00.0	-0.484317	-0.1672460.01.0100.00.9789403916770.2041462944640.00.0-0.2041462944640.9789403916770.00.00.00.01.00.0	-0.484317	-0.1672460.01.0125.00.991402162910.1308501103430.00.0-0.1308501103430.991402162910.00.00.00.01.00.0	-0.484317	-0.1672460.01.0150.00.979550224434-0.201199795755-0.00.00.2011997957550.9795502244340.00.00.0-0.01.00.0	-0.484317	-0.1672460.01.0175.00.9941797605890.1077339483870.00.0-0.1077339483870.9941797605890.00.00.00.01.00.0	-0.484317	-0.1672460.01.0200.00.9999704132390.007692375860970.00.0-0.007692375860970.9999704132390.00.00.00.01.00.0	-0.484317	-0.1672460.01.0joint9joint8	1.00.9639362733740.2661331638010.00.0-0.2661331638010.9639362733740.00.00.00.01.00.00.289196
-0.73518620.01.025.00.9075704012320.4198999485680.00.0-0.4198999485680.9075704012320.00.00.00.01.00.00.289196
-0.73518620.01.050.00.9746642781360.2236728524560.00.0-0.2236728524560.9746642781360.00.00.00.01.00.00.289196
-0.73518620.01.075.00.9830779617580.1831876663590.00.0-0.1831876663590.9830779617580.00.00.00.01.00.00.289196
-0.73518620.01.0100.00.9998664196460.0163445056420.00.0-0.0163445056420.9998664196460.00.00.00.01.00.00.289196
-0.73518620.01.0125.00.99022015787-0.139513579798-0.00.00.1395135797980.990220157870.00.00.0-0.01.00.00.289196
-0.73518620.01.0150.00.982331549626-0.187148942317-0.00.00.1871489423170.9823315496260.00.00.0-0.01.00.00.289196
-0.73518620.01.0175.00.999853557436-0.0171132604129-0.00.00.01711326041290.9998535574360.00.00.0-0.01.00.00.289196
-0.73518620.01.0200.00.9639362733740.2661331638010.00.0-0.2661331638010.9639362733740.00.00.00.01.00.00.289196
-0.73518620.01.0